Количество элементов - 500, алгоритм сортировки - InsertionSort, случай - Ordinary, время работы - 0
3906
6324
8298
18293
30039
34755
48539
51164
92470
93953
96376
98622
103554
108872
112257
118561
118582
125328
131076
133408
135460
136194
138310
153649
159087
173700
179375
179464
181127
183631
188967
189822
198902
205573
207125
209669
211465
226181
226870
248806
256807
259964
273610
286778
315786
317830
324312
325357
327541
327729
338020
369473
371165
372730
374371
377637
381328
386646
391122
393373
401324
419945
430520
431808
431906
436183
436412
439202
441315
450595
475888
478346
479677
491083
495456
505690
511360
512404
519824
526379
535549
541180
552452
553202
558953
560941
562138
562307
563452
563906
570341
571153
576768
578934
581709
587623
589832
591689
598629
599956
602072
603638
606808
610100
612116
615513
618971
619850
624251
628157
630867
631019
631312
637947
656701
658397
672343
674569
694050
698333
700529
705218
712074
715651
720392
724534
728483
730837
731290
734330
739321
746445
761448
775284
798112
816200
823651
825126
829078
831431
838721
842496
849390
852034
853606
858906
860094
864698
865523
879898
903275
909503
914916
917739
920099
933241
934617
937277
957938
957993
961871
965485
966971
973814
985782
987563
989133
1003752
1009207
1015479
1016315
1018787
1021847
1030034
1030686
1031463
1038616
1041856
1046999
1051703
1053666
1054370
1060217
1062127
1063523
1064852
1078302
1091276
1105089
1116212
1116715
1137000
1140630
1144016
1150478
1164752
1167905
1173552
1177317
1179019
1182549
1183128
1193842
1202827
1203790
1208660
1215801
1227420
1234583
1236327
1239262
1244051
1244625
1255270
1258072
1269879
1273180
1289280
1292998
1330951
1331511
1331789
1337530
1347435
1348230
1357530
1365638
1378746
1380067
1384818
1386868
1392835
1392930
1396869
1399705
1399777
1417581
1420183
1428317
1428986
1432628
1455873
1459986
1465797
1474498
1477668
1478528
1483793
1490109
1498641
1499266
1510877
1511872
1528184
1531145
1541870
1545251
1548296
1549322
1570055
1576726
1578353
1587098
1587390
1589453
1594183
1598809
1619311
1642254
1651720
1653000
1665970
1667424
1670480
1673541
1674651
1678560
1681647
1683016
1684884
1698916
1705750
1712439
1712562
1712617
1717047
1717956
1718157
1727434
1729836
1733367
1741327
1751002
1752629
1756879
1757447
1759192
1759570
1760480
1774533
1775112
1778905
1780071
1788379
1789543
1802893
1803466
1815734
1818775
1823511
1825481
1826056
1836624
1843836
1856716
1871144
1873182
1873733
1875937
1880150
1883428
1888650
1905821
1916266
1920070
1924115
1928893
1937852
1955296
1969239
1974187
1974544
1977657
1981664
1989776
1993682
1999917
2004856
2011074
2013307
2016038
2025550
2026951
2032459
2037883
2043579
2050359
2050460
2052333
2057127
2064324
2065273
2074783
2078137
2085130
2093672
2094228
2103049
2108170
2110118
2128261
2142355
2148864
2149429
2163778
2174810
2175631
2177077
2178785
2184055
2185117
2186679
2191242
2192599
2196365
2197063
2201206
2203500
2209144
2212584
2235900
2238795
2239879
2244905
2247402
2257870
2270388
2273337
2292428
2299173
2305670
2306529
2310425
2311739
2326289
2341734
2354517
2355686
2356336
2356492
2361619
2362708
2383973
2392048
2398684
2405026
2410950
2415670
2423319
2431270
2437088
2444369
2446734
2446965
2450797
2457677
2464150
2469575
2477085
2480627
2482434
2500208
2504619
2508112
2514957
2517396
2522160
2532401
2533219
2547973
2557842
2563528
2592331
2607963
2609884
2611301
2614599
2620173
2627100
2633123
2635181
2640635
2645867
2651802
2675882
2677309
2679998
2682059
2701624
2703798
2709468
2712190
2724580
2731404
2739917
2749683
2750164
2750460
2758752
2763972
2777106
2788987
2806756
2822978
2833261
2847574
2847710
2849323
2870743
2876870
2885344
2887351
2896704
2896841
2904646
2909140
2917931
2921943
2925065
2930348
2931174
2934534
2936058
2939150
2940528
2945638
2945706
2950440
2955026
2955139
2959963
2963691
2966790
2980239
2982346
2984536
2985550
2995064
2996830
2998372
