Количество элементов - 100, алгоритм сортировки - InsertionSort, случай - Ordinary, время работы - 0
9645
60813
68027
103318
147038
164301
177117
185392
189428
210992
221992
235653
239671
240872
315913
325243
366917
380560
473080
482922
495941
577910
620118
660980
691985
713580
733379
747478
814402
824870
879671
905710
923997
947067
961898
1036052
1058623
1104236
1111360
1116059
1174936
1191457
1198792
1227958
1268578
1273607
1318326
1368574
1394984
1447025
1454793
1457839
1564014
1578761
1704314
1709879
1730598
1746554
1783033
1790207
1825143
1877906
1888437
1902130
1976205
1989500
2012200
2042361
2098934
2156860
2224037
2250388
2262166
2309756
2328826
2377844
2407046
2439816
2444178
2464801
2483077
2547685
2555986
2581856
2600873
2647379
2700854
2716777
2802183
2830700
2861203
2863647
2875421
2898727
2908038
2952431
2955607
2957650
2963325
2978458
