Количество элементов - 5000, алгоритм сортировки - InsertionSort, случай - Ordinary, время работы - 24
79
321
501
983
1483
1881
2083
2114
2720
3375
3394
3585
5002
5034
6164
6725
7078
8617
9382
9825
10115
10146
11003
11518
11592
11745
11890
13817
13867
13892
15275
16396
16824
18637
18748
19272
19863
21847
23145
23540
23647
24649
26176
26254
26535
27824
28033
29297
29526
30270
30466
31240
31266
31498
31673
31791
32189
32446
32505
32664
34068
34522
35485
35556
35837
36493
37880
38535
38811
39271
40081
40536
40544
41509
41959
42006
42090
42318
42982
43253
43382
45685
46510
46586
47969
48669
50276
51550
51632
51810
51846
52319
52600
53567
53846
53876
55961
56022
56555
56986
57724
58197
58748
59054
59594
59947
62650
62883
62972
63435
64799
65571
65590
65740
65930
67018
69350
69728
70012
70262
71451
72726
73093
73481
74675
74972
76004
76196
76310
76402
76912
79679
80091
80186
81209
81641
82403
84625
85195
85729
86156
86527
86818
87023
88921
89737
89932
90013
90878
90955
90970
91063
91359
91580
91731
91958
92920
93033
93735
93935
94437
95190
95770
95883
96338
97135
98113
98309
99781
100111
100421
100572
100850
100927
101502
101600
102385
103401
105487
105914
106061
106205
106301
106868
107084
107410
109030
109194
109211
110392
110925
111799
112089
112517
113157
114557
115091
115292
115732
116128
116488
116875
116972
119224
119603
119709
119861
119908
120258
121127
121663
121730
121762
124075
124711
124928
124971
125844
126304
126645
127436
127692
127734
128207
128379
129191
129215
129444
130835
133010
133091
133401
133644
133792
133900
134194
134203
134693
135836
136352
136399
136593
136749
136765
138190
138488
138489
138926
140460
141432
141741
142874
143350
143351
144055
144947
145435
145628
146167
146305
146612
146629
147266
148739
149061
149326
151199
151263
153607
155066
155440
156164
156253
157097
157488
158619
158644
159333
160607
161025
161231
161241
161561
164285
164445
164573
166057
166115
166309
167415
168081
169031
169922
171771
171828
171998
172756
173149
173329
173483
173906
174018
175785
177321
178444
178931
179048
179070
179777
180949
181113
181321
182319
182430
183044
183405
183836
184023
184281
184417
184457
184727
185416
185752
187322
187849
189633
190256
190399
190443
192722
193980
195060
195323
196041
196128
196255
196862
196882
197564
197592
197819
198758
199393
200027
200268
202265
202448
202593
203083
205545
205721
205958
206197
206527
207455
208198
209308
209571
210354
210453
210794
210808
210880
211460
211734
213795
215012
215567
216036
216252
217981
218138
218623
220202
220984
221049
222006
223428
223514
224035
224038
224406
224732
224853
225526
226270
227075
228371
229364
229736
229928
233393
236810
237178
237282
237431
239251
239293
239462
239655
239854
240628
240760
242233
243118
243148
245805
246009
246477
246817
249256
249292
250984
251658
252347
253467
254017
254357
254377
257115
257556
257792
260369
260601
260809
264311
264618
264709
264929
266935
267946
268213
268344
269203
270367
270561
271538
271821
272401
272904
273454
274376
275669
276926
278687
279136
279336
281145
281731
281899
282348
283490
284387
285200
285676
286036
287495
287708
288584
290533
290838
291719
292675
293017
293138
294231
294301
295580
296231
296974
297700
297877
298226
298331
298805
298857
299982
300027
300170
300744
302029
304364
305294
305568
305855
305919
306560
307979
309400
309907
310100
311163
311751
312279
312323
312670
313124
314495
314703
314987
315748
316067
316125
316493
316885
317617
321489
322036
322077
322387
322855
323301
324991
325584
325604
325706
326074
326649
327210
327703
327940
329471
329657
330035
330692
332283
332547
333581
334295
334417
334810
334906
336685
336858
336900
337609
337738
338437
338608
340325
340396
340732
340825
341457
341695
342203
342239
342532
342543
343154
343922
344013
345340
347367
347572
347740
348284
350271
350567
350968
351320
351562
351691
351870
351929
351975
352450
352576
352662
353923
355292
355415
356426
356513
357329
357418
357496
357990
359237
359266
359421
360308
360984
361009
361582
361996
364039
364173
364864
365383
365808
365815
365940
366533
367068
368544
368825
369391
370447
370898
370956
371811
372807
374250
374408
375509
375837
376575
377625
377751
379270
380496
381859
382293
383430
384349
384471
386173
386812
387881
388873
389236
389443
391240
393152
393643
396387
398053
398079
398472
401200
401632
401794
401910
402500
402579
402943
403316
404072
405036
405510
405659
408758
408954
409925
410398
410583
411454
412211
412353
412372
412980
414477
415988
416293
418131
419262
419601
419850
420161
420860
421134
422188
422584
423530
423556
424466
424626
426114
426235
426443
427490
427634
427809
428759
429214
429406
430092
430310
430336
430496
431229
432448
433621
433902
435276
435843
435917
436637
436699
437206
437213
438216
438898
439521
440254
440806
441529
441548
442125
443339
443824
444101
444148
444178
444417
445449
445488
445530
445830
446156
446204
446357
446893
446944
447784
447855
449778
450945
451326
455996
456099
457455
458341
458396
458426
458550
458617
459074
459133
459134
459500
459695
460093
461115
461330
461489
462350
462404
462480
462855
462998
463414
463937
467138
467319
467658
469528
471636
471743
471829
473002
473555
473713
473899
474151
475141
475703
475711
476413
477143
477630
478470
479210
479373
479733
481283
481372
481381
481964
483445
485644
486559
486633
488352
488508
489343
489375
489886
490163
490273
490587
491571
492152
492701
492815
492873
494477
495052
496577
497020
497266
497272
497566
497688
498202
498360
498682
499529
499809
500193
500414
501067
501486
502429
502576
502806
503089
503884
504163
504270
504972
505707
505986
508091
508595
508697
509915
513876
514030
514453
514461
515712
516022
516596
517076
517531
517792
518087
518309
518362
519313
519496
520516
520653
520889
521516
521697
523184
523717
523768
525659
526619
526995
527025
528739
529558
530001
530839
531146
531394
531728
531959
533079
533199
533255
534851
535605
535870
536356
537067
537349
537576
539368
539526
541165
541169
543095
543402
547039
547440
547446
547685
548307
548462
548564
548944
549221
549526
549585
551010
551830
553132
553740
554539
554622
554888
556421
557627
557854
557883
558495
559194
559251
560076
560395
561911
562678
562841
563347
563665
563950
564410
564557
564659
566765
567038
568343
568713
568991
570292
571488
572135
572465
572577
573828
573972
574977
575194
576228
577193
577513
578624
578924
578938
579342
579379
580261
580826
580956
581134
582270
582541
584049
584671
585007
585146
585147
585333
585778
587230
587565
589689
591038
591380
592125
593570
594356
594484
595214
595420
596669
596846
597648
597948
600230
600785
601626
602468
603102
603386
604083
604350
604834
605179
605384
606638
606666
608292
608366
608672
609933
611381
612269
612885
612937
613354
613734
615037
615251
615293
615432
618221
618463
621352
621981
622143
624435
625245
625872
627547
628909
628960
629454
629770
629844
630331
630402
630496
630623
631558
633441
634619
635742
636481
637975
638350
638764
638955
639113
640086
641153
641917
642865
643559
643660
644865
644956
644985
645597
645775
646513
646945
648254
648887
648898
650355
650415
651287
651624
652791
653114
653398
654258
654750
656149
656212
656983
658363
658797
658980
659181
659294
660472
660800
661178
661260
661290
661545
663294
663343
663494
663722
663923
663993
664130
665608
665837
666925
667055
667934
668106
669448
669686
669999
671485
671632
671882
675310
680573
683193
683770
683772
684565
684594
685026
685635
685653
686531
686863
687979
688324
688957
689610
689853
690362
691626
691840
691927
693368
694612
694723
694856
695910
696376
697208
697651
697760
698632
699143
701095
701639
701944
702443
703565
704077
704864
705988
707404
709023
709413
709563
709991
713494
713648
714928
714987
715137
715382
715772
716219
716860
717210
718152
718159
718252
719180
720040
720762
720893
721075
721348
721483
722117
722944
722969
723083
723338
724087
724377
725338
725486
727160
727294
727396
727850
728315
728340
728740
728845
729202
729582
730073
730099
730105
730242
730965
731235
732523
732741
733174
734292
734400
735738
735904
737075
737216
737859
737873
738974
739122
739350
739533
739569
739904
739929
740305
740509
741137
742264
742663
743844
744123
744605
745312
745405
745576
746219
746805
746923
747706
747759
747932
748319
749122
750867
750899
751035
751180
752424
752854
753387
754862
754978
755160
755447
757424
757511
757536
758451
758647
758864
758892
759763
760908
763445
763572
763841
764332
764428
764854
765392
766137
767248
767628
769641
771970
775508
775602
777609
778014
778339
778786
778871
779148
779506
779676
780105
781375
781515
781541
781774
782198
783003
783489
783838
784166
785038
785181
786796
787029
787396
787707
788020
789109
789940
789952
790041
791156
791344
792053
793394
793844
794353
795173
795537
795671
796063
796939
796969
797320
798220
800146
800162
800761
800891
801416
801858
803807
805545
806140
807684
807945
809584
809956
810835
811261
811906
812815
813106
813384
813551
813888
814098
814783
814809
815500
816085
816292
818642
820047
820839
820892
821112
821286
821484
821619
822519
822788
822904
823662
823794
824173
824391
825256
826160
827074
827098
827347
828525
828781
828821
828955
830640
832361
832920
835172
835753
835759
835760
837452
837896
838320
838408
838441
838762
838898
839442
840173
840403
841284
841974
842304
842998
843634
844668
845165
845240
846171
846553
847987
848077
848129
848932
849560
849752
850478
851546
851889
852816
853709
853925
854379
854461
854867
854931
855433
856501
857016
857742
858150
858281
858651
858882
859175
859708
859974
860766
860932
860952
861452
862267
862431
862719
863441
865053
865783
865964
866941
867225
867861
870180
870489
870694
872452
873667
873956
877708
877921
879068
879355
881123
881556
882215
882276
882277
882579
883808
883840
884261
884641
884653
884805
885512
885610
885669
885908
886530
888489
888968
889301
889817
891813
893070
893799
893859
893905
894102
894132
894380
895306
895390
895632
895682
895702
895914
896099
896481
896523
896950
897291
897918
897921
898410
899218
899826
899870
901810
903312
903320
903684
904625
904630
904803
904862
905809
906489
906770
907155
907155
908546
908601
912183
912203
912448
913353
913532
913824
913946
914055
914597
916008
916036
917510
917775
919583
919924
920887
921350
921980
922059
923049
923300
923325
924428
924652
925771
925863
927581
928924
929321
929365
929411
929666
929859
930390
930832
931600
931936
932037
932779
934212
934455
934828
935944
936110
936819
936889
937502
937752
938164
939167
939584
939777
940085
940189
940293
940985
941327
941380
942378
942460
943008
943362
943543
944838
945199
945930
945962
947559
947609
947839
948001
948379
949052
949261
950327
950549
950611
951130
951400
952598
953172
953353
953485
953869
953904
954563
954886
955604
956376
957475
958311
958922
959113
959449
959843
960668
960683
960982
961150
962083
963427
964089
964162
965015
965245
965281
966092
966553
968620
969310
969562
969594
969710
971728
971821
971905
972011
973547
973859
974401
974934
975040
975929
976602
976867
977144
978260
978805
979417
979923
980450
980818
980885
980997
981673
981992
983224
983520
984631
984722
984726
984743
985372
985927
986086
986207
986349
986408
987872
988007
988193
988471
989133
989893
991348
991641
993145
994028
994366
994816
996542
997002
998226
998821
999059
999993
1000930
1001238
1003238
1003385
1003440
1003571
1004389
1004932
1005923
1006674
1006686
1008432
1008910
1009847
1010017
1010553
1010792
1011092
1011592
1012683
1012948
1013189
1013340
1013711
1013812
1014336
1014632
1014643
1015149
1015990
1017537
1018185
1018456
1019062
1019185
1020682
1022160
1022465
1023108
1024074
1024356
1025267
1025577
1025687
1025746
1025965
1026119
1026394
1026949
1027035
1028967
1029221
1031025
1032346
1032420
1032973
1033133
1033219
1033524
1033547
1034206
1034420
1034993
1036035
1038294
1038845
1041691
1042904
1043867
1045393
1047686
1047999
1048036
1048762
1049586
1049794
1050539
1050545
1050710
1051290
1051548
1053027
1053258
1053517
1053538
1054444
1055000
1055141
1055975
1056567
1058832
1061673
1062105
1063178
1063346
1064783
1065688
1065805
1066294
1067188
1067370
1068358
1068918
1070146
1071113
1071816
1071910
1072365
1073063
1073157
1073599
1074981
1075643
1076222
1076418
1078650
1080143
1080591
1080701
1081084
1081209
1081922
1082163
1082655
1083471
1085212
1085629
1086205
1087122
1087925
1088103
1088797
1088974
1088988
1089139
1089553
1089945
1090787
1090873
1092947
1093305
1093443
1093593
1093673
1094432
1096004
1096016
1096518
1096731
1097359
1097646
1097694
1097735
1098690
1099123
1099379
1099940
1100202
1101206
1103483
1104310
1105614
1105983
1107142
1108332
1108517
1108717
1109399
1109470
1109545
1109604
1111247
1111532
1112254
1112988
1114250
1114310
1114653
1114969
1115445
1115619
1117313
1117361
1117649
1118511
1118854
1118955
1119225
1119473
1120108
1121018
1121862
1122887
1123482
1125088
1125214
1125884
1126610
1126690
1127901
1128598
1129570
1130670
1131142
1131343
1131737
1131799
1131996
1132130
1132140
1132649
1133573
1133855
1133873
1134682
1135472
1137137
1138176
1138769
1138925
1139625
1141057
1141438
1141464
1141999
1142644
1142746
1142772
1143113
1143506
1144700
1144762
1145534
1145672
1146429
1146998
1147186
1147964
1149488
1149754
1150200
1150591
1150620
1152016
1152555
1152929
1153206
1153475
1154942
1155827
1156028
1156238
1156851
1157179
1157625
1157628
1159182
1159492
1159528
1159563
1161039
1161269
1161525
1161924
1162597
1164074
1164176
1164923
1165602
1165848
1166164
1166714
1167111
1168709
1169866
1170141
1171188
1171495
1171743
1172954
1173580
1174521
1175069
1175500
1176614
1178958
1180050
1180215
1180476
1180679
1181179
1181477
1181864
1182368
1183121
1183340
1183893
1184644
1185885
1186341
1186355
1186715
1186795
1187280
1188688
1188745
1188790
1189306
1189611
1189717
1189940
1190039
1190199
1191163
1191559
1191708
1192199
1193023
1193085
1193802
1194469
1195764
1196839
1197453
1200379
1200451
1200531
1201510
1201828
1202430
1202433
1202902
1204057
1204091
1204757
1204840
1204918
1206614
1206770
1206815
1206967
1206993
1207890
1208250
1208331
1208618
1208757
1209379
1209617
1209681
1209838
1211414
1211760
1211780
1212798
1213278
1214061
1214720
1215024
1215958
1216156
1216318
1216364
1217036
1217597
1218087
1219071
1220035
1220406
1221481
1222258
1222562
1223093
1223125
1223822
1224287
1224601
1225629
1226540
1226808
1227325
1228474
1228978
1229319
1229534
1229607
1229894
1230013
1230036
1230391
1232021
1232032
1233110
1233766
1234193
1237219
1237400
1237663
1238438
1238481
1239697
1239732
1240245
1240289
1240693
1242070
1242094
1242991
1245864
1245951
1246899
1247334
1247491
1247569
1248035
1248299
1248752
1248906
1249546
1250014
1251266
1252405
1252858
1253898
1254364
1254759
1254971
1255016
1255503
1256858
1256915
1257141
1258025
1258547
1259196
1259289
1259597
1259750
1259776
1261333
1261615
1263183
1263360
1263826
1263970
1264098
1264356
1264451
1265186
1265459
1266141
1267501
1267646
1267835
1268233
1269190
1269244
1269845
1270358
1270447
1270605
1270769
1271267
1271444
1271581
1274608
1276791
1277760
1279546
1279551
1280059
1280625
1281114
1281143
1281586
1281761
1282548
1284876
1285746
1286002
1286419
1287099
1287506
1287632
1287788
1288058
1288962
1288969
1289457
1289927
1290981
1291471
1291897
1291996
1292076
1292401
1293702
1294406
1295217
1295219
1295299
1295971
1296508
1296516
1296627
1297129
1297702
1297896
1297981
1299236
1299581
1299609
1299894
1301849
1303000
1303272
1304704
1305636
1306306
1307619
1308470
1308770
1309206
1309338
1309765
1309959
1310585
1311852
1311948
1313119
1315050
1316324
1318271
1318415
1319162
1319967
1322643
1325138
1325327
1325336
1325425
1325456
1325730
1326250
1326878
1327576
1328716
1330531
1331681
1331698
1332033
1332881
1334645
1335084
1336366
1336854
1337334
1338692
1339557
1339708
1341206
1341514
1343695
1343782
1343794
1344178
1344274
1344731
1345534
1346014
1347061
1347473
1347675
1348733
1348991
1350024
1350319
1350421
1350629
1350831
1351166
1351945
1352421
1352952
1353642
1354352
1354821
1355092
1355217
1355328
1357457
1358367
1358903
1358934
1358998
1359026
1359209
1359445
1359740
1360429
1360947
1361263
1364579
1365994
1366754
1366784
1367082
1367385
1367426
1367514
1367624
1369070
1369293
1369731
1370314
1370805
1371261
1371837
1372761
1372967
1373250
1373469
1373600
1376988
1377854
1377993
1378644
1379160
1379934
1380805
1380978
1381174
1382047
1382359
1382685
1383748
1384527
1384880
1385502
1385860
1386230
1387366
1387545
1388489
1389213
1389236
1389490
1389519
1389761
1390088
1391886
1392110
1392598
1392948
1393182
1394983
1395314
1395396
1395569
1395649
1396138
1396546
1397431
1398157
1398427
1399159
1399171
1399205
1399348
1399985
1400384
1400594
1401173
1401884
1401907
1401955
1402799
1403705
1404066
1406568
1406840
1407888
1408233
1408787
1408863
1409337
1411194
1411450
1411489
1411835
1413263
1414980
1415083
1416241
1416407
1416602
1418122
1418216
1419108
1420249
1421316
1421562
1422036
1422113
1422258
1422282
1424293
1425008
1425185
1426321
1427416
1427624
1427872
1427933
1428672
1429242
1430257
1430258
1430976
1431769
1432496
1432610
1432900
1434488
1434800
1436606
1437215
1438077
1438498
1438577
1438736
1439375
1440075
1440389
1440525
1441146
1441343
1441369
1442124
1443372
1443635
1444353
1444867
1445921
1447837
1448142
1448443
1449486
1450345
1450408
1450710
1450748
1451173
1451484
1451787
1452066
1452067
1452306
1452381
1452440
1452779
1453634
1454195
1454645
1455314
1455373
1455459
1455651
1455994
1456002
1458187
1458514
1458662
1459054
1459876
1460759
1461142
1461585
1462497
1463141
1463825
1463944
1464724
1465046
1465545
1465838
1465881
1466014
1466266
1466813
1468620
1468666
1468985
1469061
1469517
1469858
1470330
1470569
1470751
1473069
1473562
1473711
1473821
1474152
1474206
1474604
1474994
1477445
1477640
1478345
1479218
1480695
1480895
1480936
1481160
1481216
1481792
1482683
1482992
1483394
1483405
1483830
1484662
1484668
1484752
1485361
1485383
1485387
1485419
1485882
1486576
1487526
1487576
1488669
1488701
1489001
1490298
1490853
1491332
1493452
1494442
1494493
1495025
1495662
1495701
1495998
1496483
1496553
1496806
1497354
1497847
1497990
1498500
1499913
1500986
1501805
1503317
1503397
1503612
1503934
1506032
1506034
1506412
1506827
1507381
1507406
1509567
1510116
1510128
1510256
1510423
1510578
1512195
1512399
1512400
1512604
1513528
1513947
1515497
1515755
1515854
1516782
1516922
1517210
1517449
1518722
1518916
1519040
1520293
1520460
1520489
1520614
1521025
1521472
1521614
1522421
1522489
1522983
1523234
1525135
1525220
1525411
1525982
1526153
1526275
1527180
1527287
1528373
1531636
1532557
1532700
1533123
1533570
1535265
1535766
1536005
1536081
1537778
1537807
1538055
1538225
1538357
1538480
1538852
1539254
1540486
1540740
1541724
1542875
1542881
1543651
1544286
1544930
1545040
1545143
1545320
1546122
1546297
1546304
1546350
1546883
1548031
1549766
1550143
1550641
1550923
1551036
1551621
1551691
1552024
1552128
1552496
1553798
1554778
1555091
1555753
1555784
1555848
1557228
1557988
1558383
1558618
1558903
1559032
1560034
1560862
1561795
1562367
1563099
1564349
1564575
1564673
1565306
1566340
1566916
1567852
1568014
1568226
1569103
1570785
1572409
1574973
1574996
1575159
1575161
1575775
1576037
1578434
1579853
1581064
1581090
1581311
1581419
1581629
1582825
1583758
1584167
1584358
1584609
1584688
1584829
1585199
1585499
1585880
1587775
1588355
1588713
1589374
1589581
1589688
1590169
1590425
1590695
1591335
1591603
1591831
1591833
1592538
1593119
1593674
1593847
1596021
1596185
1597018
1597056
1597192
1597403
1597545
1599267
1599496
1599543
1599793
1600041
1600452
1600642
1601046
1601626
1603175
1604495
1604757
1604999
1605252
1605485
1606141
1606608
1606912
1607154
1607418
1608322
1610823
1611846
1612591
1613917
1614208
1614455
1614727
1617276
1617689
1617931
1618026
1618354
1618601
1619152
1619633
1619951
1620112
1621360
1622722
1622966
1623290
1623621
1624119
1624814
1625289
1626557
1627991
1629139
1629359
1629483
1630442
1631272
1631803
1632242
1633051
1633347
1634861
1634950
1635586
1636588
1636650
1636932
1637742
1637994
1638042
1639068
1640246
1640811
1640974
1642615
1643379
1646127
1646384
1646396
1646432
1646706
1646788
1649856
1650486
1652637
1653111
1653703
1653774
1654112
1654922
1655149
1655416
1655525
1655555
1660117
1660869
1661192
1661560
1662231
1662261
1662692
1662894
1663060
1663523
1663781
1663952
1664127
1664945
1665070
1665100
1665215
1665369
1665714
1665780
1666009
1667667
1669287
1671006
1671086
1671803
1672266
1673457
1673743
1674787
1675515
1675631
1675852
1676834
1677544
1677864
1679068
1680134
1680678
1682554
1683901
1685943
1686345
1686441
1686804
1688023
1688330
1688733
1690343
1690796
1690938
1691205
1691693
1693516
1694753
1695100
1695169
1695265
1695516
1696099
1696166
1698039
1698304
1698983
1699294
1701007
1701371
1702661
1702753
1702832
1702893
1703360
1706778
1707340
1707348
1707897
1709319
1709843
1710471
1710795
1710838
1711409
1711954
1712077
1712747
1714168
1714310
1715077
1715369
1715544
1716018
1716593
1718695
1718888
1718995
1719303
1719742
1722452
1723134
1723319
1725570
1726127
1726273
1726381
1727089
1727250
1727407
1728645
1729222
1730076
1730398
1730995
1731922
1732153
1732941
1733124
1733932
1734167
1734323
1736752
1737530
1738175
1738504
1738515
1738779
1738948
1740269
1741068
1741239
1741369
1741559
1741878
1742529
1742935
1742949
1743680
1743747
1744391
1744475
1745064
1745731
1749113
1749465
1750680
1751220
1751580
1751718
1751934
1752887
1755105
1755492
1755724
1755757
1756977
1757506
1757550
1757625
1757675
1758367
1759045
1759179
1759569
1759644
1759671
1760370
1761587
1762023
1762023
1762268
1762466
1762862
1764124
1765266
1765804
1768447
1771026
1771124
1771624
1774005
1776142
1776620
1777400
1778175
1778578
1778679
1778789
1780274
1780869
1781514
1782358
1783996
1784101
1785306
1785632
1786393
1786820
1787496
1787974
1788513
1788804
1788879
1789913
1790041
1790562
1791212
1791291
1792667
1792770
1792837
1792851
1793289
1793554
1795224
1795624
1796053
1797011
1798022
1798201
1798320
1798410
1798815
1798863
1799688
1800448
1800537
1800676
1800875
1803160
1805365
1805509
1805899
1805901
1807342
1807383
1807874
1807918
1808360
1810471
1811069
1811249
1811544
1811682
1812771
1813029
1813377
1813620
1814185
1815004
1815680
1818869
1818961
1819078
1819625
1820542
1821285
1821340
1822229
1822641
1823473
1825001
1825644
1826531
1827414
1827812
1828068
1828491
1828559
1828594
1829603
1829744
1830907
1831339
1835258
1835688
1835990
1836549
1837033
1838168
1838726
1838826
1839220
1839430
1840790
1844042
1844637
1844650
1844943
1845915
1846053
1846122
1846511
1846744
1847245
1847535
1847547
1848419
1849100
1850567
1850572
1851035
1851845
1853912
1854410
1855047
1855232
1855544
1855792
1855856
1855857
1856286
1857435
1857879
1857933
1858425
1858824
1860176
1860510
1860973
1860983
1861261
1862530
1864055
1864827
1865056
1865178
1866589
1866715
1866985
1867742
1868630
1868648
1870829
1871123
1871157
1872042
1872641
1873402
1874401
1874921
1875525
1876889
1877175
1877526
1877929
1877965
1879033
1879210
1879257
1879812
1880211
1881304
1882439
1883003
1883881
1883931
1884230
1884798
1885915
1886208
1886238
1886453
1887222
1887764
1888300
1889773
1890979
1891270
1891660
1892469
1892789
1893599
1893794
1895447
1895668
1895956
1896513
1898077
1898788
1900315
1900355
1901006
1901986
1902258
1902822
1903457
1903985
1904250
1904776
1904881
1905216
1905383
1905597
1905769
1905857
1906065
1906857
1906880
1908081
1909367
1909454
1909554
1910171
1910595
1910670
1911902
1912200
1912375
1913062
1913282
1914416
1914635
1914998
1915839
1916100
1916209
1916811
1917208
1917438
1918205
1918709
1919498
1919553
1920317
1920664
1921122
1922732
1924115
1925253
1926304
1926549
1927235
1927451
1927848
1927946
1928206
1928514
1928545
1929676
1929839
1930485
1930990
1931723
1932710
1934130
1934433
1935739
1936207
1936437
1938022
1938064
1938591
1939865
1940441
1940542
1941642
1942232
1944713
1944819
1944996
1946891
1947632
1947950
1950995
1951430
1951630
1951689
1951695
1952157
1952376
1953327
1953468
1955280
1955291
1955727
1955939
1956734
1957266
1957569
1959692
1959698
1959927
1960345
1962904
1963957
1967672
1967856
1967956
1969143
1969234
1969306
1969570
1969733
1969811
1972569
1972985
1973529
1973607
1974180
1974215
1974295
1974426
1974516
1977633
1977902
1977982
1978563
1979171
1979867
1980285
1981160
1981286
1981797
1982438
1982962
1983033
1984338
1984385
1984574
1985906
1986387
1986615
1987048
1987609
1987658
1988101
1988351
1988399
1989536
1990840
1990922
1991277
1991519
1991578
1991734
1991887
1992286
1992697
1993051
1993550
1993818
1997214
1997350
1997362
1998445
1999053
1999338
1999588
2000268
2000435
2001686
2002588
2003441
2006149
2006910
2007994
2009333
2009975
2010750
2011635
2011958
2012224
2013480
2013807
2013823
2014246
2014623
2015201
2015485
2016219
2016856
2017051
2017189
2018031
2019643
2019677
2021967
2022585
2023377
2023757
2024898
2026702
2027096
2028639
2028779
2030925
2031268
2031275
2031773
2032218
2032287
2033058
2034313
2034351
2034354
2034428
2034699
2036082
2036171
2037124
2037933
2038198
2038527
2038615
2042249
2042915
2043495
2043504
2043814
2044703
2045869
2049081
2049282
2049828
2050245
2052787
2053210
2053668
2054122
2055395
2056018
2057104
2057573
2057973
2058060
2058241
2058495
2058780
2059019
2061678
2061810
2064921
2065673
2066518
2066823
2067370
2067730
2068222
2068684
2069174
2069191
2069379
2070134
2071156
2071394
2071855
2072107
2072293
2073215
2074470
2074802
2075414
2075545
2075960
2077122
2077376
2077715
2078131
2078392
2079323
2079789
2080386
2080882
2081680
2082525
2085400
2086877
2088546
2089117
2089434
2090040
2091613
2092422
2093013
2093110
2094511
2094663
2095199
2095545
2096175
2096833
2097070
2098019
2098289
2098893
2099323
2100151
2101088
2101123
2101203
2101425
2101866
2103243
2103325
2103485
2103548
2104852
2105297
2106652
2108081
2108738
2108761
2110967
2111072
2111311
2111522
2111770
2112558
2112565
2112947
2114272
2114357
2114796
2115747
2117270
2118373
2118543
2119144
2120860
2122165
2122528
2122682
2123187
2123701
2123875
2124453
2124504
2124893
2125101
2125915
2126592
2126696
2126838
2126963
2127213
2128761
2129213
2129494
2130177
2130240
2130553
2130686
2131312
2131875
2131935
2132911
2132986
2133782
2134425
2135321
2135325
2135373
2136051
2136499
2136591
2136635
2136991
2137021
2138277
2138547
2138663
2140364
2140856
2141347
2141397
2142545
2143256
2143546
2143975
2144152
2144313
2144335
2145039
2146072
2146304
2146434
2146519
2147731
2148077
2148439
2148901
2149602
2150748
2151012
2151377
2151718
2152299
2152399
2152877
2152928
2153976
2154553
2154564
2155741
2156690
2156852
2156984
2156984
2157199
2157872
2158449
2159558
2159844
2160525
2160751
2163047
2163303
2164941
2165515
2166396
2166526
2166873
2167198
2167718
2167937
2169577
2169808
2170688
2171992
2172244
2173011
2175267
2175535
2177630
2177715
2178297
2178343
2178599
2178701
2178938
2178946
2179774
2181234
2181419
2182347
2183586
2183842
2183856
2184146
2185046
2185455
2185572
2186596
2187962
2187970
2188036
2189576
2189925
2190075
2190114
2190893
2191150
2191536
2191990
2192620
2192823
2193695
2194460
2194647
2195353
2196140
2196277
2196563
2196758
2197011
2197532
2198544
2198886
2199138
2200483
2201330
2201360
2201403
2201939
2202479
2202539
2203552
2203635
2203735
2204046
2204423
2204643
2206534
2207032
2208713
2209416
2210060
2210088
2210522
2210570
2211639
2212025
2212220
2212779
2213330
2213397
2213786
2213887
2214860
2216086
2216569
2216837
2217106
2217710
2218149
2219421
2219700
2221179
2221353
2221880
2222068
2222986
2223627
2223752
2225036
2225508
2225556
2225693
2226205
2226455
2227062
2227077
2227606
2227887
2227994
2228234
2228259
2229090
2230165
2231148
2232466
2232482
2233391
2233444
2234597
2235089
2235526
2235685
2236366
2236768
2237110
2237201
2238045
2238072
2239797
2240322
2240437
2240809
2241368
2241515
2241637
2241944
2243224
2243922
2244240
2245388
2246649
2247081
2247487
2248829
2249174
2249576
2249692
2250517
2251312
2252083
2252137
2252474
2253262
2253422
2254485
2254796
2255168
2255976
2256230
2256329
2256651
2256713
2257014
2257079
2258333
2258611
2258652
2258790
2258939
2258971
2260111
2260676
2262328
2263399
2263471
2265770
2265798
2266044
2267369
2268289
2269261
2269636
2271282
2271766
2272141
2272763
2274241
2274290
2274453
2274829
2275519
2275553
2276808
2276833
2276915
2278016
2278048
2278760
2280177
2281216
2281608
2282341
2282557
2282650
2283379
2283576
2283577
2284201
2284297
2284329
2284496
2285283
2285294
2285635
2285883
2286522
2287012
2287835
2288390
2289675
2290327
2290905
2290953
2291690
2291902
2293354
2293401
2293472
2293675
2295367
2295940
2296779
2297431
2298496
2298972
2300308
2301181
2301220
2301408
2301704
2301797
2302115
2302210
2302698
2302702
2303214
2303446
2303536
2304002
2305028
2305673
2305778
2305974
2306321
2307271
2308649
2308895
2310170
2310304
2310638
2311028
2312431
2313178
2313813
2314634
2314797
2315397
2316040
2316812
2317270
2317343
2317639
2318731
2319940
2320293
2320510
2320868
2321923
2322613
2322867
2322978
2324416
2324560
2325496
2325667
2326060
2327572
2327789
2328488
2328693
2328781
2328824
2328874
2328900
2329160
2329812
2329863
2330592
2332011
2332940
2334519
2334634
2335642
2336035
2336199
2336600
2337933
2338155
2338258
2338855
2339304
2340078
2340875
2342840
2342945
2343262
2343930
2344466
2344566
2346063
2346234
2346952
2347163
2347557
2347707
2347802
2349340
2349457
2353513
2355346
2355940
2356075
2356181
2356332
2356679
2356879
2357805
2358261
2358510
2358934
2359485
2359999
2360205
2360480
2360856
2361112
2361653
2363045
2363597
2363733
2364031
2364338
2364399
2365070
2365360
2365775
2365913
2366212
2366305
2367785
2368212
2369993
2370233
2370850
2371864
2372449
2373963
2374399
2375040
2375151
2377098
2379063
2379373
2379789
2382759
2383115
2383525
2384006
2385057
2385200
2386930
2386944
2387072
2387163
2388450
2388703
2389123
2389478
2390410
2390422
2390645
2391829
2392830
2393010
2393079
2393260
2393645
2393847
2397969
2398902
2399037
2399372
2399560
2399606
2400252
2400525
2400541
2402134
2402311
2403373
2403806
2404050
2404062
2405320
2406018
2406796
2408728
2408950
2409207
2409387
2409929
2410527
2410958
2411694
2412556
2412822
2413091
2413466
2413674
2418592
2418793
2419403
2420187
2421585
2423308
2423636
2423739
2424299
2424306
2425324
2425444
2425781
2426223
2427382
2428244
2428673
2428950
2429079
2430405
2430914
2430930
2431676
2431902
2432035
2433317
2433339
2433530
2434054
2434946
2435366
2436667
2437974
2439364
2439390
2440555
2441138
2443626
2444462
2444829
2445071
2445175
2445515
2446952
2447031
2447172
2447248
2447398
2447650
2447787
2448034
2448035
2448226
2448496
2449657
2451061
2452503
2453661
2454005
2454630
2455956
2457108
2459697
2460538
2461115
2461501
2462390
2462485
2462782
2463862
2464139
2464186
2464527
2465149
2465517
2465632
2466345
2468562
2468637
2470784
2471331
2471816
2471899
2472652
2473199
2473217
2473624
2474388
2474845
2474916
2475972
2477193
2477812
2478435
2480208
2480889
2481563
2482705
2482859
2482924
2483314
2483415
2483786
2483900
2484092
2485146
2485763
2486024
2486668
2487097
2487270
2490083
2490110
2490694
2491537
2491662
2491709
2492315
2492484
2493414
2493663
2494432
2496376
2496872
2497034
2497328
2498286
2498507
2499165
2499497
2500600
2501055
2502180
2502361
2502648
2503105
2504475
2505068
2506402
2506459
2506823
2507352
2507943
2510356
2510607
2511053
2511647
2511940
2512616
2513722
2514212
2514641
2515109
2515276
2515737
2516228
2516246
2516691
2516858
2516904
2517305
2517801
2518100
2518418
2518887
2518999
2519641
2522060
2522161
2522600
2523929
2524329
2524379
2524692
2525042
2525403
2526107
2528575
2530191
2530466
2530691
2532106
2532167
2532363
2532606
2533474
2533607
2533973
2534304
2536396
2537673
2538173
2538309
2539649
2539673
2539712
2540890
2542101
2542553
2542732
2543363
2543718
2544455
2544640
2545223
2546081
2547397
2547665
2547871
2548150
2548211
2548481
2550550
2550830
2551330
2551527
2552034
2552285
2552586
2553139
2553351
2553907
2554224
2554502
2554718
2557008
2557326
2557519
2558213
2559609
2562308
2562714
2562990
2564134
2564565
2564615
2564884
2565181
2565749
2565827
2566181
2566464
2567611
2568201
2568960
2569081
2570385
2572438
2572828
2574194
2574478
2574836
2574951
2575381
2575383
2575905
2575950
2576036
2576538
2576753
2576805
2577100
2577595
2578041
2579357
2579796
2581425
2581491
2581591
2581753
2582275
2582340
2582366
2583014
2583305
2584243
2584707
2585222
2585246
2585463
2586346
2586645
2587009
2587526
2587558
2588413
2588581
2588641
2589618
2589672
2589815
2589947
2591230
2593378
2594106
2594485
2594555
2594558
2594984
2595008
2595228
2595320
2595838
2595966
2596449
2596567
2596623
2596782
2596987
2597046
2597323
2597336
2597543
2598106
2598752
2598840
2599699
2599735
2600723
2600960
2601240
2601253
2601388
2601762
2602762
2602890
2602968
2603188
2603627
2604988
2605052
2605326
2606365
2606380
2607208
2608446
2608881
2608965
2609340
2609700
2609933
2610435
2610795
2611572
2612263
2612369
2613119
2613886
2613894
2614539
2615039
2615173
2615540
2617525
2617608
2618474
2619041
2619300
2619341
2619501
2620629
2620685
2621397
2622270
2623250
2623527
2623881
2624417
2624576
2624738
2626357
2627324
2631385
2631441
2631909
2631949
2632971
2633421
2634889
2635030
2635266
2635565
2637934
2638227
2638448
2639212
2640092
2640939
2640978
2641881
2644225
2644984
2646876
2646881
2647089
2648135
2648475
2648962
2649596
2649917
2650089
2650181
2651514
2651654
2651719
2654254
2654367
2654487
2654563
2657562
2657777
2657925
2659982
2662086
2662514
2663006
2664366
2664390
2664564
2665277
2665390
2666391
2666510
2666650
2668508
2669017
2669890
2670648
2671328
2671578
2672115
2672966
2673106
2674899
2675396
2675719
2676058
2676136
2676533
2677199
2679264
2679489
2679516
2680253
2680303
2680508
2683937
2684857
2684867
2685750
2685867
2686648
2687339
2690389
2691116
2691163
2691964
2692315
2692374
2692668
2692791
2693177
2693967
2694223
2694892
2695043
2695115
2695159
2695885
2695977
2696105
2696366
2696705
2697225
2697583
2699212
2700331
2700704
2700982
2701094
2701661
2701850
2702847
2703257
2703787
2703843
2704050
2704052
2704382
2705388
2705839
2707050
2707876
2708388
2708636
2710227
2710282
2711338
2711390
2711406
2711417
2712488
2712788
2713685
2714112
2714211
2714565
2714955
2715138
2717523
2718127
2718704
2719418
2719533
2721973
2722042
2722147
2723061
2723365
2724523
2727410
2727695
2728567
2729568
2730881
2732655
2732709
2733575
2733626
2734925
2735177
2735405
2736160
2736422
2736626
2736737
2738587
2738901
2738961
2739455
2739878
2740244
2740714
2740839
2741146
2741331
2742105
2743864
2744136
2745113
2745583
2745974
2747302
2748427
2748564
2748615
2749661
2751089
2753067
2753183
2753945
2753948
2754174
2754639
2755101
2755116
2755484
2756126
2756396
2756731
2757337
2757662
2758120
2759498
2760599
2760969
2761454
2761780
2762621
2763569
2763778
2763980
2765032
2765653
2765879
2766184
2766676
2767764
2768064
2768583
2770244
2770572
2770862
2771245
2772335
2772888
2776147
2776721
2776868
2779200
2780020
2780100
2780929
2781438
2781991
2783162
2783465
2784157
2784842
2785205
2785450
2785462
2785472
2785491
2785775
2787093
2787268
2787636
2788901
2790362
2790442
2790742
2790788
2791011
2791172
2791561
2792609
2792960
2793634
2793965
2794226
2794598
2794764
2795402
2796646
2797559
2797934
2798965
2799159
2799213
2799471
2800696
2800777
2800987
2801043
2801296
2801787
2802145
2802225
2803500
2804817
2805047
2805599
2805958
2806245
2806460
2808231
2808294
2808780
2809321
2811235
2811256
2811507
2811989
2812374
2812466
2813013
2814322
2814341
2814671
2816457
2816838
2817058
2818132
2818309
2820653
2820770
2822010
2822111
2824880
2824944
2824973
2825029
2825087
2825614
2825674
2825840
2825956
2826036
2826594
2826641
2826970
2827118
2827931
2828289
2828317
2828408
2829516
2829553
2829631
2830041
2830226
2830526
2830563
2830661
2830754
2831095
2833108
2834518
2835174
2836124
2836644
2838334
2838756
2838894
2839188
2839492
2839934
2840592
2840950
2841240
2842046
2842251
2842363
2842375
2845165
2845761
2846389
2847547
2850461
2851108
2851744
2852591
2852717
2852818
2852900
2854467
2854700
2855183
2856482
2857401
2857972
2859139
2860025
2860565
2860737
2860998
2861527
2862280
2862995
2863735
2863793
2864150
2864651
2864798
2865009
2865979
2866755
2867758
2867856
2868157
2868968
2869204
2869905
2870012
2870044
2870070
2870188
2870869
2871534
2871648
2871804
2871840
2872111
2872454
2872593
2875306
2876308
2876499
2879688
2879767
2879825
2880060
2880123
2880124
2880206
2880653
2880929
2881028
2882126
2883019
2884090
2884097
2884269
2884403
2884916
2885768
2885996
2886215
2886421
2887153
2887414
2887747
2888278
2888322
2889645
2889784
2890879
2891008
2891493
2891536
2892333
2892734
2892876
2893415
2893716
2894122
2895759
2896002
2896398
2897012
2897184
2898143
2898335
2898374
2898867
2899347
2899798
2900298
2900889
2901195
2902388
2902652
2902656
2902921
2904113
2905079
2905337
2906208
2906769
2907034
2907048
2907165
2907250
2907699
2909209
2910532
2910561
2910974
2911002
2913133
2913260
2914097
2914294
2914876
2915070
2915243
2915341
2915414
2915907
2916737
2917818
2918064
2918088
2918958
2919087
2919100
2920303
2920833
2921335
2922287
2922742
2922837
2923904
2924305
2924818
2925140
2925595
2925822
2926294
2926990
2929364
2929446
2929996
2930443
2931805
2932133
2932297
2932378
2933844
2934163
2934784
2935787
2936150
2936227
2937812
2938293
2938469
2938477
2938621
2940024
2940070
2940204
2940501
2940607
2941007
2941603
2941833
2942467
2942695
2943397
2945242
2946025
2946053
2946580
2947483
2947983
2948923
2949153
2949818
2950002
2950366
2950776
2951443
2952431
2954766
2955212
2955318
2955725
2955991
2956945
2957525
2958595
2959587
2959620
2960120
2961554
2961684
2961829
2962264
2962546
2962689
2962907
2962971
2963110
2963740
2964925
2965347
2966141
2967166
2968390
2968746
2970162
2971172
2971173
2972371
2972470
2972736
2972768
2975826
2975994
2976635
2977013
2977697
2977954
2978039
2978149
2978328
2979286
2980408
2980862
2980907
2981649
2981724
2982346
2982479
2982737
2983378
2984101
2985747
2986470
2986639
2986820
2986918
2988137
2988259
2989192
2990457
2991943
2992149
2992533
2993022
2993029
2993137
2993244
2993717
2994155
2994315
2995191
2995491
2995594
2996642
2996645
2997606
2997851
2998397
2998748
2999066
2999871
