Количество элементов - 10000, алгоритм сортировки - InsertionSort, случай - Ordinary, время работы - 100
114
333
915
1269
2141
2370
2428
2902
2908
3068
3463
3520
4058
4437
4691
4839
5245
5335
5373
5541
5713
5947
6141
6381
6612
7290
7701
7710
7952
8378
8428
8799
8819
9283
10209
10304
10336
10432
10733
11419
12277
12301
12321
12325
12412
12804
13176
13438
14009
14241
14404
15828
15895
16178
16438
16546
16568
17088
17320
17459
17686
18344
18405
18757
18974
18976
19843
20122
20784
20799
20806
20916
21293
21298
21808
22362
22445
22660
22732
22965
22984
23078
23548
23620
23838
24078
24219
24316
24577
24640
24981
24985
25543
25598
25727
25822
26026
26210
26419
27281
27579
27783
28123
28349
28441
28983
29112
29257
29716
29740
30420
30726
31207
31302
31496
32772
33725
33930
34007
34162
34191
34224
34334
34456
34530
35086
35135
35646
35755
36042
36328
36591
37736
38400
38402
38600
38763
39191
39295
39484
39598
39942
40088
40111
40615
40743
40766
40777
41272
41513
41624
43089
43345
43424
43807
44555
44587
44817
44835
45035
45099
45127
45855
45982
46262
46413
46784
47305
47416
47623
47751
48897
49915
49974
50047
50262
50334
50904
51309
51734
51741
51895
52370
52402
52923
53029
53094
53890
54284
54286
54486
54677
55104
55132
55493
55860
55873
55935
56107
56131
56205
57100
57305
57396
57469
57602
58116
58349
58358
59213
59496
59582
59753
59758
59855
60220
60315
60471
61030
61301
61604
61739
62302
62813
63575
63617
63973
64284
64374
64399
64448
64650
65169
65591
65707
65812
65874
66330
66572
66804
67968
68186
68193
68590
68622
68636
69198
69607
69626
69818
69999
71102
71597
71710
72008
72110
72390
73380
74225
74730
74936
75669
75868
77223
77552
77716
78309
79413
79517
80119
80144
80589
80650
80888
81006
81120
81126
81458
81599
81858
82029
82206
82288
82479
82570
82636
82672
83214
83412
84351
84457
84764
85062
85073
85238
85307
85316
85732
85780
86904
87331
87333
87567
88001
88326
88593
90818
91419
91808
91808
91839
91952
92079
92225
92362
93378
93513
93641
93656
93705
94023
94136
94214
94351
94621
94633
95030
95803
96854
97101
97544
97925
98264
98380
99063
99070
99230
99253
99447
99553
99629
100130
100597
100741
100818
100991
101235
101247
101281
101694
102719
103037
103609
103653
104088
104190
104226
104555
104772
105303
106156
106381
106559
106879
108479
109702
109783
110777
111624
112061
112308
112370
112466
112636
112813
113085
113171
113287
113352
113752
113762
113770
115004
115171
116239
116459
117099
117158
117173
117692
117914
118058
118784
119076
119184
120029
120371
120982
121295
121632
121740
122023
122107
122347
122805
122948
123480
123859
123955
124187
124233
124413
124706
125011
125065
125183
125253
125823
125833
125941
126440
126878
127013
127014
127817
128042
128432
128690
129062
129520
130184
130201
130483
130858
130961
131023
131150
131407
131545
131767
131861
132292
132510
132781
132965
133864
133869
134145
134217
134257
134933
135067
135347
135652
135820
136320
136399
136843
137814
137958
138521
139221
139347
139449
139620
139805
140005
140194
140537
141008
141036
141282
141450
141492
141867
142176
142219
143036
143272
144161
144342
145090
145204
145262
145778
146371
146478
146954
147006
147025
147803
147851
147928
147928
147951
147970
148335
149223
149328
149430
149773
149959
150182
150307
151238
151497
151995
152023
152145
152336
152720
152899
153167
153923
154564
154595
154601
154849
154853
154894
155237
155526
155781
155819
155945
156045
156147
156193
156259
156628
157216
157308
157585
157707
157785
157847
158633
158777
158896
159067
159115
159544
159658
159806
160182
160565
160600
160801
161151
161230
161412
161735
162196
162220
162563
162798
163025
163203
163737
163769
164767
164897
165216
165335
165482
165593
165770
165860
165968
166079
166319
166518
166892
167169
167243
167305
168181
168957
169105
169107
169770
169961
170429
170762
171402
171433
171715
171741
172810
172926
173037
173144
173198
173662
173770
174012
174201
174256
174274
174380
174505
175926
176353
176800
177026
177147
177214
178444
178632
178912
179110
180663
181101
181546
181754
182189
182430
182450
182467
182616
182739
182772
182796
182813
182961
182966
183107
183874
183927
183955
184584
184646
184751
184967
185196
185332
185343
186011
187207
187852
187890
188590
189464
189574
189645
190338
190974
191059
191225
191332
191432
191870
192287
192482
192880
193335
193481
194119
194330
194619
194660
195226
195407
195907
196065
196110
196131
196265
196464
196757
196788
197038
197138
197418
197851
197937
198049
198663
198779
198970
199149
199312
199442
199763
199818
199978
200030
200529
201434
201467
201681
202029
202531
203094
203289
203710
203996
204141
204754
204985
205140
205377
205570
205792
205883
206646
207167
207345
207348
207718
207766
207770
207871
208126
208446
208624
208882
209120
209898
209937
210329
210504
210697
210746
211138
211272
211466
211766
212064
212257
212861
212900
213548
214235
214464
214968
215252
215298
215336
215891
216152
216574
216701
217451
217701
217741
217885
218276
220118
220410
220599
220736
221078
221145
221270
221293
221308
221346
221553
221606
221913
222452
222909
223138
223374
223837
223938
223958
224192
224791
224826
225160
225243
225827
226361
226668
227066
228658
228763
228780
229055
229190
229379
229664
229696
230285
230543
230891
231068
231250
231437
231920
232328
232426
232534
232754
232911
232919
233681
234472
235118
236019
236840
237066
237202
237286
237544
237936
237947
237968
238026
239063
239073
239172
239342
239362
240063
240304
240451
242967
243464
243492
243753
243929
244039
244244
245456
245724
245865
246170
246308
246517
246662
247213
248559
249255
249481
249608
250171
250331
251549
252263
252773
253235
253316
253420
253431
253932
254008
254591
254675
255158
255358
255463
255858
256034
256140
256156
258323
258746
259072
259533
260019
260029
260305
260709
260799
261524
262210
262528
262972
263295
263313
263463
263585
264169
264248
264251
264571
264698
264763
264845
264926
265132
265314
265669
265872
265989
266567
267047
267873
268099
268212
268242
268337
268863
269276
270127
270292
270441
270625
270935
271055
271131
271160
271294
271415
271598
271828
271979
273145
273443
273791
273851
274278
274441
275148
275213
275411
276066
276530
276847
276934
277037
277106
277309
277390
277616
277815
279313
279778
280006
280041
280593
280666
280783
280791
281007
281395
282130
282325
282594
282770
282982
283193
283292
283573
283741
283847
283882
283907
284883
284908
285168
285760
285906
285942
286083
286181
287125
287757
288173
288481
288835
289144
289302
290346
290590
290785
291300
291424
291494
291654
292107
292128
292136
293398
293893
293944
294232
295117
295145
295386
295499
296030
296096
296106
296271
296560
296584
296612
296838
296843
297450
297821
297898
298080
298306
298324
298327
298462
298790
299088
299154
299438
300118
300585
301430
301506
301607
301818
301886
302252
302450
303237
303792
303844
304150
304250
304902
305029
305116
305389
306391
306416
306871
307323
307408
307695
309197
309323
309413
309512
312526
312560
312723
312878
313007
313300
313488
313641
314038
314339
314699
314898
315454
315875
316094
316289
316639
317004
317755
317884
318693
319272
319446
319521
320465
320529
320820
320826
321138
321538
321599
321874
322134
322437
322995
323283
323342
323725
324110
324453
325023
325236
325288
325361
325394
325759
325822
326190
326795
327612
327811
327930
328417
328587
328658
328683
329191
329591
329691
330094
330316
330495
330531
330592
330882
331374
332124
332433
332555
332613
332747
332927
333483
334250
334250
334390
334729
334880
335358
336024
336199
336361
336511
337042
337151
337209
337382
337662
338082
338529
338752
339642
339847
340008
340035
340265
340796
341017
341566
341741
341917
342129
342323
342490
343653
343787
344756
345521
345665
346087
346226
346761
347430
347552
348141
348263
348317
348726
349921
349935
349996
350201
350240
350422
350617
350957
351333
351745
352038
352048
352251
352506
352621
352882
353581
353622
353651
353951
354775
355121
355167
356369
356377
356475
356624
356767
357141
357277
357566
357750
357828
357958
358492
358654
359463
359536
359674
360341
361903
362073
362702
364348
364354
364935
365096
365178
365226
365636
365984
366021
366182
366473
366806
367183
367404
368212
368616
369410
370315
370596
370652
370774
371294
372798
373120
373521
374616
374632
375143
375538
375690
376104
376321
376762
376796
376947
377010
377016
377442
377656
378268
378373
378776
379007
379226
379366
379665
379751
380011
380291
380569
380648
380696
380999
381501
381603
382507
383035
383190
383226
383493
383700
384590
384675
384775
386033
386349
386610
387252
387297
387334
387423
387474
387966
388057
388498
388806
389571
389900
390550
390881
392664
392771
392938
392951
393164
393873
395179
395260
395532
395552
395866
396275
396346
396591
396908
397132
398424
398453
398487
399042
399096
399206
399263
399504
399710
400109
400254
400437
400811
401047
402042
402098
402459
402896
403169
403239
403489
403630
404490
405070
405383
405541
405847
406383
406525
407249
407309
407855
408011
408109
408307
408589
408926
409565
409587
409986
410003
411027
411234
411579
412072
412471
412597
412713
412714
412980
412997
413444
414082
415260
415512
415718
415903
416701
416811
416856
417894
418960
420449
420751
420875
421699
422442
422484
422576
422706
422841
422951
423454
423661
423798
423847
424155
424182
424438
424776
425358
425387
425394
425943
426194
426311
426669
426700
426719
426795
426879
427061
427077
427172
427355
427411
427446
427830
428002
428253
428286
428576
429254
429328
429630
429954
430431
430602
430800
431561
432055
432077
432087
432321
432841
432996
433312
433644
433756
434032
434153
434346
434761
435223
435380
435574
435877
436173
436471
436792
436938
437128
437351
437469
437704
438278
438417
438726
439203
439574
439701
440486
440649
440791
441362
441738
442441
442531
442638
442671
443035
444479
445277
445538
445634
445988
446076
446481
446808
446961
447006
447962
448198
448259
448762
449213
449347
449456
450005
450063
450460
451038
451159
452286
452574
453279
453461
453803
453862
453868
453889
455054
455420
455838
455902
457132
457651
458056
458254
458555
458868
458992
459192
459321
459445
459675
459788
459993
460100
460427
460459
461435
461664
461693
461759
461765
461947
462235
462690
462916
463508
464139
464153
464733
465718
465792
465846
466165
466497
466676
466858
466890
467111
467189
468143
469119
469780
470541
470888
470939
471026
471351
471628
472071
472225
472383
472763
473060
473768
473812
474272
474447
474550
474649
474823
475024
475258
475261
475390
475892
476012
476680
476843
477323
477786
478727
478846
478966
479172
479180
479375
479522
479572
479748
480648
480743
480901
480913
480954
481039
481563
481671
481715
482814
482926
483364
483455
483544
483677
484040
484372
484481
484845
484887
484911
485227
485614
485690
486292
486965
487225
487276
487563
487701
488363
488421
488541
488712
488768
489067
489695
489724
489803
489872
489937
490509
490998
491006
491135
491217
491269
491619
492172
492743
493040
493162
493232
493470
493715
493864
494466
494810
495038
495604
495615
495631
495636
495844
495896
496170
496256
496577
496997
497103
497206
497368
497830
497991
498047
498050
498091
498326
498346
498407
498941
499063
499391
499977
500061
500216
500369
500616
500903
500957
501077
501192
501315
501592
502215
502219
502308
502546
503593
503626
503763
504199
504265
505366
505431
505543
506033
506414
506496
506571
506686
506958
507433
507888
508197
508401
508834
508913
509013
509615
509723
509875
510044
510068
511055
511069
511703
512302
513388
513416
513844
514212
514492
514852
515762
516195
516362
516417
516645
516788
516886
516916
517060
517183
517327
517382
518600
519012
519112
519456
519520
520768
520970
521071
521452
521593
522107
523246
523319
523711
523894
524183
524885
525788
526255
526720
527125
527150
527330
527808
527890
528141
528374
528401
529455
530319
530572
530802
531184
531225
531734
532160
532256
532646
532689
533342
534354
534368
535287
535600
536273
536280
536623
537007
537247
537265
537290
538124
538425
538914
539328
539632
539867
539990
540519
540638
540638
540821
541595
542154
542387
543260
543540
543678
543730
543932
544057
545029
545124
545352
545571
545717
545737
546023
547568
547719
548234
548252
548428
548878
548901
549158
549309
549370
549809
549982
550114
550348
550652
551065
551260
551296
551542
552193
552476
552728
552816
552908
552989
553525
554283
554301
554415
554452
554551
554744
554774
554975
554989
555271
555988
557878
557972
558048
558052
558304
558523
558647
559090
559116
559334
559786
559970
560324
560933
561108
561113
561119
561124
561300
561536
561831
561973
562471
562471
563300
563368
563844
564045
564212
564347
564525
565467
565649
565762
565783
565994
566607
566850
566851
566960
566993
567053
567672
567945
568091
568099
568134
568181
568335
568902
569564
570116
570379
570529
570713
571410
571559
571813
572127
572176
572872
572892
573007
573279
573692
573749
574253
574631
574689
575982
576236
576858
577096
577180
577535
577573
577576
578162
578312
578325
578415
579311
579959
579984
580272
580470
581231
581326
581601
581607
581626
581949
581955
582101
583295
583567
583829
584565
585481
585724
585833
585883
585940
585942
586293
586474
586592
587174
587291
587458
587498
587563
587576
587749
587798
588310
588415
588424
588818
588981
589251
589541
589666
590295
591052
591235
591579
592717
592810
593056
593234
594086
594264
594922
595038
595044
595125
595806
596380
596891
597637
598277
598405
598489
598954
599145
599155
599411
599590
600043
600049
600421
600442
600663
601318
601553
601949
602252
602611
602634
602871
602946
602961
603381
603548
605201
605262
605794
606629
607554
607606
607618
607731
607848
608055
609377
609456
609568
609958
610240
610308
610512
610709
610966
611043
611324
611673
612098
612546
612586
612617
612635
612701
612967
613009
613112
613543
614013
614505
614691
614884
614936
615408
615890
615986
616238
616553
616654
616968
616970
617467
617995
618274
618830
618997
619146
619495
619609
619627
619673
619731
619843
619999
620123
620500
620797
621390
621493
621754
621943
621991
622230
622683
623181
623332
623422
623437
624204
625235
625495
625738
625944
626305
626370
626520
626745
626799
626851
627488
627793
628046
628235
628704
628970
629025
629047
629249
629556
629622
630327
630452
630794
630908
631157
632258
632352
632924
633078
633283
634375
634833
634912
635178
635307
635387
635828
636039
636737
637470
637531
637973
638173
639576
639889
639941
640371
641254
641640
642317
642505
642862
642965
643032
643081
643219
643316
643412
644290
644316
644350
644410
644489
645025
645198
645581
645692
646132
646159
646188
646982
647892
647971
648030
648032
648052
648215
648701
648790
648842
649529
649742
650093
650501
650578
650728
651098
651704
651779
651880
651912
652262
652738
652844
653109
653125
653593
653692
654167
654313
654614
654787
655051
655136
655596
656300
656326
656585
656698
657197
657830
657854
657937
657980
658102
658170
658549
658647
658690
658983
659045
659428
659545
660001
660206
660538
660594
660677
660752
661073
661085
662028
662372
662486
662700
663518
664314
664475
664666
665063
665112
665293
665549
665915
666112
666173
666297
666514
666573
667305
667373
667376
667813
668103
668246
668673
669131
669193
669624
669641
669801
670802
671336
672264
672268
672327
672634
672697
672838
673010
673081
673095
673202
673993
674041
674298
674527
674797
675014
676138
676790
677064
677064
677161
677485
677729
677742
678015
678091
678116
678301
678428
678546
678935
679928
680053
681147
681267
681677
682133
682485
682646
682687
683026
683117
683647
683736
683894
684494
684746
684771
685095
685339
685387
685501
685720
686724
686816
686837
686917
687010
687206
687298
688010
688360
688464
688486
688803
688812
688850
689090
689264
689542
689986
690196
690671
690947
691754
691772
692165
692857
692899
693100
693905
694091
694618
694702
694714
695147
695209
695520
695533
696575
696781
697339
697606
698311
698439
698642
698738
699188
699351
699490
699559
699572
700205
700310
700520
700525
700801
702082
702216
702406
702918
703200
703429
703825
704027
704209
704244
706063
706517
707308
707544
708163
708391
708488
708598
708745
708755
709148
709458
709862
710193
710724
710819
711556
711882
712000
712430
712843
713073
713304
713342
713657
714244
714443
714881
714915
716428
716671
716688
717749
717862
718237
718600
718620
719109
719156
719233
719255
720478
720563
720579
721152
721180
721206
721372
721493
721654
721679
721801
721926
722228
722391
722484
722814
723152
723502
723920
724227
724323
724699
725025
725448
725587
725614
725678
726159
726667
727026
728077
728289
728783
728875
728974
729206
729332
729541
729621
729693
730321
731196
732324
732377
733363
733635
734417
734531
734959
735200
735229
735604
735688
735975
736090
736216
736297
736958
737217
737343
737398
737573
738138
738529
738788
738916
739986
740157
740271
740284
740480
740762
740795
741014
741268
741458
741530
741804
742184
742306
743042
743121
743200
743841
744143
744450
744581
744643
745085
745217
745437
745473
745600
745620
745670
745812
745939
746110
746343
746957
747129
747198
747213
747410
747672
747721
747911
748105
748605
748706
748725
749493
749609
749695
749936
750508
750543
751269
751509
751902
752070
752567
753062
753141
753204
753342
753914
753928
753949
754007
754026
754092
755092
755174
755252
755914
757849
758249
758552
758884
759054
759095
759281
759802
760642
760659
760812
761088
761938
762122
762337
762403
762561
762569
764103
764139
764199
764910
765327
765343
765494
765598
765653
765739
766218
766382
766580
766671
767047
767167
767886
767925
768372
768794
769272
769334
769340
769359
769398
769585
770336
770509
770570
770666
771492
771694
771734
772131
772368
773048
773190
773328
774311
774355
774434
774738
775051
775337
775988
776010
776036
776221
776990
777665
778633
778790
779112
779248
779416
779461
779495
779598
779618
780389
780942
781494
781745
782313
782453
782796
782812
783026
783330
783455
783813
784966
784995
785105
785372
785383
785439
786661
786833
787483
787715
788071
788215
788301
788510
788657
789142
789423
789707
789806
790005
790191
790199
790202
790269
790504
790695
791053
791178
791434
791903
792211
792239
793049
793220
793311
793438
793680
793760
794577
794605
794864
794898
795093
795115
795959
796505
797010
797313
797509
797560
797695
798202
798451
798543
799304
800110
800139
800205
800229
800627
800769
801228
801826
801986
802443
802713
804317
804661
804981
805258
806007
806156
806189
806315
806498
806801
807094
807207
808252
808392
808418
808774
808824
808863
809149
809641
810353
811370
811453
811482
811612
811960
812003
812043
812188
812339
812419
813094
813116
813145
813279
813362
813538
813545
813715
813789
813869
813884
814024
814472
814504
814536
814972
816389
816563
816636
816729
816891
817583
817919
818091
818638
819404
819702
820506
820526
820665
820744
821303
821531
821638
821686
821923
822293
822466
822501
822624
822771
822793
823076
823332
823565
823606
824945
825391
825450
825660
826283
826534
826882
827013
827135
827267
827290
827534
828541
828987
829145
829888
830018
830308
830450
830491
830933
832060
832210
832417
833002
833235
833356
834092
834248
834265
835238
835379
835543
835774
836553
836634
836693
837184
837582
837628
837893
837974
838089
838579
838748
838784
838951
839006
839208
839758
839863
839910
840097
841977
842337
842796
842937
843204
843301
843338
843359
843791
844477
844618
845552
846216
846496
847958
847988
848088
848112
848783
849306
849422
849805
850157
850192
850823
850875
851272
851313
851471
851497
852029
852256
852427
852600
852628
852741
852864
853115
853163
853257
853296
853300
853514
854201
854460
854724
854807
855130
855356
855854
856009
856965
857082
857184
857223
857319
857357
857389
857671
857689
858181
859180
859252
860024
860060
860144
860672
860790
861134
861221
861236
861976
862063
862871
863033
863122
863236
863660
863753
863783
864104
864319
865060
865412
866258
867011
867265
867713
867986
869069
869073
869215
869219
869295
869322
869503
870034
870240
870466
870838
870866
870868
870952
871022
871118
872145
872538
873147
873606
873869
874265
874966
875056
875411
875611
875725
875884
875975
876212
877050
877500
878325
878947
879308
879479
879920
880104
880111
880281
880562
880793
881714
883176
883408
883617
883660
883891
884271
884285
884558
884972
885410
885627
886357
886490
886639
887022
887125
888005
888676
889186
889254
889295
890320
890376
890680
891175
891226
891242
891301
891312
891329
891630
891938
892301
892698
892961
893683
893937
894171
894521
894928
895174
895194
895639
895722
896584
896649
896702
896759
896986
897802
898033
898340
898458
899205
899413
899849
900202
900658
900768
901362
902410
902411
903170
903403
903560
903915
904289
905553
906307
906349
906593
907490
907516
907962
907964
908880
908889
909636
910309
911024
913008
913322
914276
914545
914559
914592
915395
915570
915575
915715
915728
915888
916017
916038
916535
916775
917196
917815
917928
918257
918446
918460
918501
918517
919141
919354
919892
920121
920169
921453
921554
921700
921864
922050
922088
922179
922327
922988
923063
923083
923125
923462
923931
924184
924464
924587
924626
924692
925151
926036
926349
926573
926694
926847
926912
927055
927552
927995
928385
928702
929429
929458
929813
929955
930038
930280
931413
931440
931915
931921
932157
932239
932468
933177
933653
934035
934300
934347
934429
934817
935211
935242
935535
935656
935730
935944
936084
936604
936830
937293
937551
937609
938064
938253
938570
938583
939231
939923
940118
940359
940421
941191
941429
941845
942055
942325
942607
943228
944044
944246
944312
944312
944402
944842
944928
945363
945368
945392
945561
945769
945813
945985
946250
946304
946310
946788
946896
946948
947190
947319
948736
948906
949145
949569
949667
950067
950456
950711
951216
952371
952785
952811
953341
953367
953730
954454
954484
954515
954650
954863
955102
955297
955600
955787
955893
956260
956317
957327
957920
958005
958095
958503
958595
959708
959889
959936
960210
960280
960749
960893
960920
961236
961876
961997
963172
964089
964329
964861
965150
965523
965648
966129
966165
966381
967175
967387
967434
968371
968643
968689
968746
968762
968899
969624
969801
970208
971479
971913
972166
972247
972415
972663
972740
973289
973300
973686
974285
974413
974427
974530
974540
974903
975105
975657
976019
976072
976128
976143
977080
977840
978805
979232
979521
979656
979862
979973
979978
980529
980815
981295
981405
981606
982160
982453
982558
982588
982607
983875
984415
984784
984896
985591
985729
986137
986156
987065
987132
987138
987436
988780
988839
989075
989349
989595
989753
990441
990483
990659
991304
991755
992855
993122
993596
993686
994080
994130
994170
994318
994502
994539
994911
995256
995375
995459
995620
996016
996174
996338
996369
996620
997084
997275
997414
997776
998181
998730
999346
999667
999679
999753
1000208
1000411
1001493
1001663
1001741
1001751
1001765
1002139
1002458
1002491
1002511
1003114
1003334
1003671
1003851
1003891
1004594
1004602
1004651
1004897
1005003
1005706
1005789
1005930
1006050
1007170
1007816
1008089
1008092
1008370
1008423
1008520
1008528
1008870
1009077
1009286
1009662
1009921
1009942
1010473
1011914
1011931
1012658
1012913
1013055
1013102
1013471
1013542
1014140
1014272
1014303
1014738
1015210
1015266
1016088
1016098
1016164
1016714
1017286
1017326
1017349
1017974
1017992
1018060
1018220
1018405
1018610
1019277
1019360
1020063
1020553
1021080
1021184
1021542
1021934
1022286
1022723
1023257
1023491
1023828
1024027
1024072
1024699
1024980
1025005
1025117
1025377
1025488
1025493
1026329
1026368
1026731
1027047
1027952
1028395
1028421
1028690
1028856
1029210
1029268
1029355
1029438
1029470
1029686
1029743
1030266
1030341
1031138
1031250
1032514
1032601
1032784
1032853
1033292
1033916
1034413
1034471
1035172
1035436
1036027
1036140
1036150
1036996
1037657
1037982
1038015
1038396
1038430
1038498
1038618
1038719
1038828
1038886
1038994
1039162
1039563
1039898
1039948
1039965
1040117
1040789
1041037
1041469
1042137
1042677
1042697
1042932
1043978
1044339
1044731
1044900
1045992
1046837
1046911
1046918
1047302
1047355
1047701
1048086
1048472
1048849
1048950
1049273
1049394
1050055
1050056
1050086
1050387
1050529
1050915
1051562
1051563
1051925
1052078
1052209
1052237
1052279
1052645
1052938
1052947
1053298
1053495
1053539
1053622
1054981
1055138
1056008
1056185
1056958
1057432
1057808
1058144
1058314
1058736
1058968
1059572
1059907
1060352
1060600
1060826
1061059
1061303
1061687
1061939
1062297
1062340
1062923
1062995
1063582
1063665
1063691
1064033
1064434
1065865
1066122
1066150
1066165
1066403
1066418
1066579
1067434
1067503
1067737
1067893
1068445
1068792
1068990
1069628
1070031
1070372
1071590
1072133
1072240
1072626
1072865
1073245
1073710
1074160
1074498
1075040
1075168
1075377
1075479
1075502
1075956
1075988
1076381
1076633
1077257
1077927
1078580
1078768
1079045
1079111
1079546
1079566
1079581
1080485
1082232
1082383
1082421
1082601
1082699
1083232
1083660
1083785
1083891
1084071
1084230
1084462
1084837
1085179
1085853
1086316
1086870
1087026
1087349
1087365
1087585
1088037
1088946
1089166
1089253
1089397
1089807
1089968
1090203
1090311
1090512
1090748
1091020
1091031
1091136
1091953
1092960
1093024
1093321
1093436
1093849
1093985
1095289
1095661
1096435
1096705
1097091
1097451
1097746
1098251
1098522
1099034
1099386
1099473
1099895
1101153
1101243
1101950
1102061
1102175
1102190
1102707
1102749
1102751
1103120
1103486
1103804
1103951
1104075
1104368
1104495
1105040
1105624
1105664
1106010
1106471
1106578
1107075
1107206
1108340
1108370
1108600
1109031
1109708
1109784
1110510
1110722
1111110
1111277
1111474
1111599
1112072
1112431
1112599
1112632
1112721
1113039
1113060
1113153
1113227
1113279
1113380
1114467
1114541
1114882
1115199
1115640
1115921
1115932
1116524
1116557
1116768
1117282
1117567
1118374
1118420
1118609
1118640
1119147
1119450
1119517
1119721
1119990
1121121
1121296
1121919
1122196
1122283
1122358
1122425
1122458
1122597
1123089
1123464
1123633
1123854
1124699
1124709
1124930
1125366
1125648
1125683
1126250
1126505
1126841
1127079
1127214
1127385
1127386
1127481
1127959
1127980
1128291
1128520
1128606
1128829
1131009
1131200
1131396
1131627
1132009
1132146
1132703
1132995
1133015
1133574
1134123
1135231
1135568
1135840
1136153
1136220
1136258
1136340
1136681
1137150
1137211
1138234
1138448
1138499
1138733
1140007
1140433
1141012
1141171
1141246
1141356
1142260
1142280
1142384
1142512
1142564
1142604
1142845
1142882
1142891
1142903
1142927
1143127
1143808
1143891
1143937
1144179
1144203
1144632
1144950
1145729
1146059
1146084
1146435
1146639
1147707
1148248
1148503
1149178
1149636
1149765
1150126
1150171
1151103
1151519
1151531
1152496
1152504
1153077
1153378
1153387
1153419
1153507
1153558
1153964
1154100
1154214
1154461
1155022
1155448
1155803
1156327
1156367
1156706
1157005
1157006
1157297
1158084
1158213
1158376
1158527
1158775
1159141
1159196
1160185
1160752
1160792
1160981
1160995
1161480
1161778
1161788
1162039
1162592
1163109
1163216
1163270
1163390
1163569
1164276
1164340
1164454
1164667
1164779
1164825
1164837
1165681
1165935
1166000
1166226
1166254
1166415
1166586
1166780
1166821
1167543
1167987
1168077
1168179
1168601
1168858
1168873
1169423
1169748
1170027
1170047
1170249
1170687
1171705
1171800
1171834
1172129
1172632
1173046
1173394
1174120
1174124
1174139
1174143
1174422
1174515
1174740
1175191
1175395
1175743
1175813
1175942
1176282
1176471
1176472
1177432
1177529
1177638
1177789
1178095
1178134
1178214
1178447
1178711
1180273
1180755
1180810
1180913
1180957
1181028
1181219
1181258
1181498
1181620
1181879
1182491
1182548
1182569
1182748
1182979
1182991
1183493
1184061
1184159
1184280
1184387
1184516
1184697
1184937
1185074
1186175
1186351
1186487
1186599
1186799
1187177
1187508
1188173
1188744
1189053
1189159
1189529
1190032
1190812
1191696
1191729
1192370
1192435
1192924
1193442
1193629
1193648
1193707
1193883
1194350
1194595
1195113
1195227
1195295
1195487
1195591
1196105
1196242
1196352
1196953
1197335
1197592
1197833
1197914
1198553
1199130
1199980
1200025
1200347
1200416
1201390
1201654
1201669
1202106
1202557
1202794
1202858
1203296
1203656
1203965
1203997
1204090
1204450
1204592
1204597
1204753
1205458
1206585
1206671
1207629
1207632
1207653
1208012
1208409
1208513
1208525
1208936
1209166
1209370
1209611
1209635
1209822
1211884
1212635
1212771
1214845
1215097
1215595
1215693
1215756
1217197
1217750
1218388
1218771
1218886
1219556
1219741
1219755
1219881
1220098
1220803
1220901
1221340
1221579
1221666
1222225
1222378
1222430
1222833
1222838
1223105
1223275
1223421
1223551
1224167
1224856
1224997
1225388
1225394
1225800
1226302
1226343
1226406
1227496
1227632
1227827
1227884
1228319
1228756
1228955
1229106
1229152
1229430
1229554
1229588
1229595
1229624
1229739
1230328
1230508
1231178
1232383
1232562
1232940
1232982
1233092
1233131
1233316
1233561
1234107
1234325
1234527
1235263
1235367
1235379
1235605
1236149
1236189
1236517
1236715
1236806
1236830
1237034
1237432
1237455
1237566
1237739
1238238
1238362
1238381
1239210
1239315
1239362
1239689
1240190
1242023
1242579
1242605
1242724
1243083
1243718
1244030
1244186
1244814
1245405
1245425
1245974
1245979
1246444
1246894
1246975
1247339
1247715
1248016
1248522
1249084
1249108
1249293
1249531
1249778
1250050
1250218
1250435
1250706
1250738
1250861
1250924
1250937
1251005
1252205
1252270
1252494
1253215
1253328
1253906
1254475
1254551
1254618
1255212
1255552
1256276
1256470
1256726
1257057
1257174
1257505
1257727
1258084
1258241
1258785
1259209
1259318
1259458
1259483
1259813
1260263
1260492
1260537
1260589
1260717
1260934
1261168
1261405
1261843
1262526
1262697
1262788
1263609
1263613
1263785
1264690
1264769
1264900
1265220
1265682
1266253
1266972
1266984
1267884
1267890
1267938
1267973
1268126
1268150
1268533
1268777
1269018
1269332
1269344
1269360
1269978
1271368
1271499
1271540
1272486
1272602
1272879
1273136
1273217
1273373
1273567
1273652
1273847
1274249
1274921
1275184
1275206
1275449
1275944
1276042
1276864
1277350
1277701
1277995
1278209
1278512
1278847
1279444
1279513
1279568
1279892
1280409
1280733
1281093
1281214
1281442
1281579
1281736
1282052
1282190
1282914
1283169
1283223
1283394
1283847
1284138
1284962
1285257
1285330
1285631
1285820
1286216
1286429
1287270
1287603
1287871
1287970
1288268
1288462
1288549
1288923
1288943
1289322
1289520
1289629
1289664
1290270
1290350
1290495
1290841
1290846
1292068
1292155
1292192
1292203
1292551
1293334
1293482
1293807
1294035
1294090
1294390
1294948
1295006
1295212
1295302
1295685
1295999
1296334
1296377
1296430
1296793
1296864
1296957
1297041
1297069
1298079
1298644
1298766
1298868
1299093
1299149
1299449
1300521
1301268
1301322
1301401
1301466
1301597
1301707
1301837
1301974
1302614
1302748
1303077
1303384
1303405
1303780
1303810
1305292
1305374
1305802
1306189
1306920
1307021
1307506
1307520
1307739
1307810
1307967
1308068
1308572
1308622
1309294
1309527
1309580
1309780
1309857
1309870
1309888
1309930
1310060
1310124
1310177
1310421
1310466
1310694
1311609
1311714
1312222
1312506
1312738
1313448
1313938
1314484
1315332
1315454
1315932
1316025
1316718
1316937
1317228
1317269
1317271
1317412
1317804
1317903
1318451
1318506
1319031
1319664
1319948
1320028
1320555
1320850
1321103
1321285
1321685
1321905
1322001
1322170
1322697
1322885
1323348
1323497
1323845
1324146
1324229
1324277
1324854
1325067
1325085
1325294
1325449
1325595
1325758
1326012
1326241
1326255
1326464
1326522
1327130
1327222
1327508
1327549
1327854
1327947
1329487
1329753
1329858
1330181
1330763
1330768
1331027
1331414
1332302
1332524
1332813
1333073
1333135
1333185
1333874
1334136
1334166
1334638
1335260
1337059
1338090
1338861
1339356
1339702
1340424
1340941
1340952
1341036
1341163
1341434
1341873
1342661
1343017
1343132
1343253
1343481
1343629
1343661
1344059
1344370
1344773
1344929
1345237
1345326
1346131
1346178
1346444
1346763
1346894
1347686
1348106
1348302
1348459
1348898
1348970
1349291
1349337
1349535
1349802
1349954
1350451
1350544
1351358
1351837
1352037
1352209
1352591
1352713
1353235
1353309
1353387
1353416
1353425
1353787
1353825
1353898
1353939
1354147
1354455
1354525
1354879
1354935
1355613
1355775
1356144
1356346
1356405
1357370
1357679
1357804
1357958
1358068
1358135
1358589
1358632
1359117
1359171
1359353
1359377
1359489
1359741
1359813
1360430
1360985
1361017
1361268
1361280
1361287
1362018
1362162
1362246
1362262
1362542
1363040
1363256
1363693
1363780
1363999
1364146
1364373
1364436
1364613
1364644
1364727
1364927
1366371
1366602
1366742
1367543
1368012
1368055
1368474
1368496
1369173
1369356
1369537
1369786
1370379
1370457
1370869
1371013
1371199
1371560
1371710
1372136
1372452
1372842
1373390
1373962
1373967
1374953
1375215
1375330
1375589
1376271
1376724
1376834
1376842
1377073
1377219
1377542
1377777
1378231
1378276
1378302
1378327
1378404
1378672
1379147
1380286
1380379
1381329
1381474
1381550
1382119
1382315
1382359
1382469
1382526
1382528
1383478
1383501
1384291
1385130
1385597
1386072
1386238
1386723
1387074
1388134
1388153
1388576
1388631
1388948
1389500
1389502
1389695
1389906
1390150
1390264
1390288
1390325
1390477
1390600
1390639
1390863
1390941
1391276
1391637
1391730
1392287
1392894
1393310
1393377
1393670
1393699
1394017
1394190
1394568
1394854
1394897
1395025
1395344
1395423
1395649
1396164
1397342
1397514
1397717
1398211
1398516
1398656
1398994
1399674
1400120
1400211
1400299
1400485
1400665
1400703
1400802
1401306
1401392
1401843
1402100
1402607
1403368
1403484
1403513
1404038
1404408
1404769
1404918
1405763
1405813
1405877
1406367
1406449
1406625
1406833
1407120
1407222
1407281
1407645
1408722
1408987
1409076
1409443
1409481
1409504
1409793
1410543
1410745
1410864
1411669
1412101
1412308
1412362
1413147
1413250
1413410
1413632
1414054
1414120
1414300
1414392
1414511
1414590
1414620
1414634
1414856
1415763
1415853
1415879
1416654
1416671
1416724
1416728
1417486
1417530
1417974
1418207
1418276
1418566
1418584
1418605
1419377
1419404
1419480
1419829
1419840
1420128
1420292
1420400
1421083
1421288
1421589
1421778
1422022
1422409
1422474
1422611
1423194
1423418
1423493
1423628
1423647
1423734
1424807
1426438
1426456
1426485
1426695
1426950
1426959
1427274
1427408
1428093
1428726
1428845
1428963
1429491
1429605
1429988
1430161
1430382
1430511
1430573
1431186
1432088
1432090
1432114
1432170
1433103
1434666
1435066
1435071
1435259
1435528
1435952
1436094
1436458
1436946
1437210
1437608
1437649
1438200
1438254
1438632
1439339
1439458
1439701
1440334
1440977
1441941
1442041
1442067
1442240
1442414
1442455
1442906
1442971
1442973
1443484
1444754
1445456
1446575
1446692
1446699
1447199
1447415
1447452
1447765
1447768
1448183
1448439
1448510
1448635
1448866
1448965
1449030
1449128
1449441
1449515
1450084
1450616
1451041
1451448
1451488
1451499
1451886
1452635
1452734
1453103
1453141
1453730
1453784
1454171
1454187
1455230
1455767
1455866
1456545
1456644
1456788
1457200
1457735
1458415
1458481
1458493
1459285
1460254
1460446
1460753
1460868
1462391
1462882
1463145
1463415
1463784
1465140
1465467
1465822
1465948
1466055
1467043
1467227
1467307
1467320
1467590
1468348
1468363
1469396
1469738
1469770
1469784
1469885
1470042
1470223
1470382
1470507
1471403
1471773
1471866
1471997
1472786
1473399
1473429
1474071
1474216
1474223
1474846
1475010
1475083
1475485
1475635
1476609
1477956
1479223
1479763
1479942
1479952
1480000
1480016
1480051
1480310
1480749
1480853
1480953
1481482
1481740
1482475
1482902
1483346
1484161
1484800
1485958
1485979
1487355
1487610
1487627
1487715
1487808
1488332
1488764
1488813
1489700
1489720
1489753
1489957
1490674
1491054
1491107
1491487
1492171
1492178
1492556
1492740
1493015
1493369
1493812
1494022
1494207
1494888
1494941
1495031
1495484
1495626
1495708
1495882
1495930
1495935
1496308
1496998
1497332
1497883
1498017
1498035
1498524
1498952
1499193
1499412
1499472
1499880
1499908
1500035
1501017
1501096
1501136
1501348
1501533
1501539
1501689
1501698
1502168
1502692
1502916
1503133
1503305
1503752
1504827
1504830
1504968
1505095
1506087
1506096
1506225
1506665
1506823
1506893
1507589
1507870
1507968
1508453
1508567
1508579
1509144
1509456
1509683
1510869
1511093
1511449
1512784
1512865
1513092
1513758
1515529
1515537
1515613
1515637
1516125
1516349
1516516
1516630
1517161
1517432
1517552
1518045
1518157
1518747
1518811
1519380
1519986
1520245
1520645
1520687
1520986
1521465
1521645
1521874
1522025
1522633
1522695
1523829
1524014
1524713
1524870
1524941
1525797
1525989
1526241
1526270
1526884
1526954
1526960
1527381
1527654
1527928
1528036
1528193
1528194
1528484
1528581
1528621
1528773
1528785
1529526
1529562
1529834
1529945
1530289
1530742
1530789
1531349
1531476
1531722
1532335
1532458
1533180
1533221
1533768
1533881
1534234
1534978
1535140
1535147
1535399
1535609
1535908
1535947
1535983
1536483
1537147
1537269
1537383
1537676
1537872
1538621
1538823
1538825
1538859
1538897
1539412
1539528
1539985
1540068
1540191
1540546
1540564
1540565
1540642
1540687
1541103
1541193
1541394
1541855
1541874
1542014
1542322
1543140
1543477
1543793
1543858
1544894
1545067
1545521
1545793
1545886
1546031
1546835
1546916
1547209
1547225
1547733
1548083
1548745
1548919
1549083
1549109
1549349
1549434
1549770
1549864
1549980
1550316
1550662
1551233
1551433
1551800
1552039
1552216
1552277
1552313
1552480
1552831
1553103
1554232
1554272
1554327
1554439
1554672
1554733
1554998
1555411
1558077
1558718
1558877
1558907
1559024
1559355
1559360
1559449
1559492
1559694
1559799
1559901
1559976
1560013
1560048
1560143
1560239
1560252
1560754
1560826
1561368
1561480
1561732
1562190
1562197
1562261
1562350
1562613
1562701
1562755
1562841
1563257
1564152
1564612
1564793
1565105
1565588
1565588
1565589
1566070
1566436
1567651
1568396
1568483
1569067
1569155
1569447
1570034
1570604
1570747
1570999
1571335
1571419
1571455
1572070
1572234
1572490
1572980
1573299
1573377
1573546
1574662
1574987
1575266
1575483
1575717
1576332
1576454
1577141
1577204
1577217
1577257
1577320
1577428
1577582
1578030
1578100
1578502
1578664
1578808
1578997
1579046
1580282
1580312
1580374
1580465
1580487
1580493
1580555
1581093
1581348
1581487
1581660
1581673
1582043
1582363
1582644
1582761
1582791
1583149
1583569
1583784
1584134
1584297
1585179
1586048
1586122
1586457
1586533
1587023
1587317
1587713
1587793
1587913
1588005
1588596
1588650
1589036
1589068
1589069
1589228
1589230
1589346
1590475
1590723
1591132
1591185
1591225
1591307
1591645
1591674
1591997
1592004
1592359
1593340
1593341
1593437
1593754
1594853
1596503
1596630
1596743
1597182
1597247
1597396
1597705
1598136
1598142
1598236
1598326
1599033
1599275
1599620
1599902
1600322
1601141
1602439
1602761
1602901
1603416
1603457
1603532
1603631
1604002
1604200
1604218
1605152
1605553
1606220
1606615
1606731
1607917
1608202
1608276
1608891
1610756
1610945
1611614
1611773
1612333
1612392
1612478
1612491
1612613
1612706
1613588
1613721
1614553
1614912
1615225
1615328
1615393
1616372
1617717
1617850
1617860
1618262
1618326
1618413
1619596
1619780
1619878
1619979
1620579
1620819
1621253
1621897
1621939
1622452
1622862
1623075
1623088
1623139
1623278
1623560
1624127
1624627
1625046
1626077
1626475
1626523
1626993
1627265
1627508
1627678
1627757
1627943
1628170
1628180
1628560
1628752
1629242
1629691
1630795
1631423
1631522
1631989
1632032
1632147
1632398
1632943
1633162
1633272
1633543
1633626
1633698
1633840
1633944
1634587
1634716
1634768
1634769
1635028
1635501
1635550
1636681
1636828
1637409
1637594
1637699
1638031
1638378
1638398
1638520
1638665
1639032
1639532
1639797
1640235
1640487
1640505
1640949
1641183
1641446
1641536
1641540
1641811
1642115
1642155
1642406
1642761
1643273
1644099
1644562
1644691
1644943
1644982
1645277
1645523
1646062
1646477
1646722
1647012
1647085
1647284
1647307
1647863
1647911
1648269
1648342
1648390
1648415
1648531
1648687
1648995
1649076
1649222
1649338
1649383
1650001
1650079
1651909
1651911
1652192
1652278
1652718
1653195
1653830
1653940
1654496
1654526
1654831
1655615
1656004
1656103
1656285
1656315
1656458
1656667
1656949
1657031
1657635
1658394
1658415
1658626
1658739
1658849
1659163
1659208
1659504
1659618
1659658
1659894
1659932
1660462
1661115
1661392
1661588
1662347
1662468
1663048
1663470
1663830
1663999
1664472
1664671
1664741
1665538
1665700
1666062
1666130
1667578
1667673
1667705
1667761
1668026
1668109
1668314
1669146
1669153
1670152
1670740
1671328
1671383
1671413
1671732
1671839
1672757
1673024
1673413
1673415
1673573
1674040
1674324
1674432
1674734
1674763
1675116
1675510
1675519
1675929
1676070
1676333
1676363
1676624
1676818
1676968
1677566
1678008
1678187
1678636
1679362
1680565
1680616
1680826
1681845
1682011
1682041
1683389
1683453
1683955
1684314
1684522
1684903
1685167
1685407
1685900
1686069
1686528
1686535
1686556
1686928
1686986
1687278
1687310
1687341
1688319
1688837
1688853
1689236
1689416
1689727
1690017
1690099
1690130
1690533
1690964
1691602
1691619
1691766
1691966
1693115
1693259
1693306
1693367
1694008
1694508
1694795
1694844
1695647
1696156
1696361
1696939
1696989
1697168
1697190
1697318
1697602
1698094
1698204
1698412
1699257
1699261
1699575
1699882
1699977
1700047
1700128
1700207
1701223
1701466
1701573
1702659
1702772
1702921
1702999
1703301
1703577
1703605
1703733
1703942
1703994
1704484
1705212
1705218
1705845
1706412
1706458
1706551
1706658
1706802
1707128
1707588
1707655
1708019
1708159
1709041
1709918
1710948
1711033
1711195
1711416
1711529
1711539
1711859
1711870
1712271
1712337
1713623
1713929
1714094
1714118
1715121
1716337
1716785
1716825
1716891
1717295
1717709
1718356
1718428
1718493
1718530
1718533
1718600
1718654
1718981
1719159
1719442
1719555
1719594
1719665
1720253
1720277
1720631
1721109
1721228
1721475
1721635
1722010
1722358
1722956
1723229
1723728
1723937
1724041
1724055
1724107
1724814
1725810
1726259
1726347
1726635
1726787
1727543
1727825
1728031
1728095
1728961
1729087
1729236
1729286
1729337
1729500
1729644
1729875
1730195
1730783
1730953
1731865
1732440
1733396
1733543
1733884
1734056
1734255
1734313
1734349
1734384
1734393
1734415
1735183
1735198
1735410
1735605
1735841
1736389
1736705
1736813
1737404
1738123
1738373
1738395
1738407
1738569
1738575
1738663
1739211
1739318
1739588
1740298
1740831
1740984
1741025
1741195
1741354
1741808
1741885
1741902
1741945
1742145
1742556
1742965
1743248
1743298
1743468
1743527
1744208
1744333
1744434
1744589
1745083
1745864
1746023
1746686
1747440
1747470
1747739
1747860
1747863
1748008
1748029
1748368
1749079
1749281
1749320
1750198
1750338
1750591
1750840
1750922
1751125
1751268
1751269
1752143
1752213
1752345
1752630
1752782
1753235
1753327
1753737
1754047
1754291
1754372
1755079
1755328
1755558
1755699
1755717
1755927
1756076
1756120
1756864
1757415
1757768
1757910
1759567
1759860
1759891
1760206
1760615
1760632
1760938
1760989
1761073
1761438
1761500
1761606
1762099
1762500
1762917
1762936
1763004
1763227
1763407
1763614
1764031
1764369
1764806
1765332
1765398
1765956
1765999
1766362
1766388
1766463
1766806
1767018
1767139
1767221
1767470
1768186
1768348
1768604
1768849
1768884
1769099
1769541
1770343
1770392
1770697
1770741
1770764
1771274
1771275
1771710
1771864
1772235
1772433
1772451
1772507
1772762
1772836
1773174
1773353
1773955
1774105
1774167
1774185
1774314
1774410
1775098
1775122
1775251
1775256
1775596
1775826
1776039
1776479
1776515
1776738
1776836
1776896
1777362
1778719
1778782
1778924
1779215
1779329
1779508
1780139
1780728
1781245
1781744
1782123
1782686
1782841
1782980
1783060
1783198
1783242
1783269
1783382
1783963
1784159
1784272
1784325
1784708
1784732
1784805
1784884
1785039
1785286
1785537
1785728
1787124
1787146
1787520
1787883
1788089
1788670
1789066
1789370
1789593
1789598
1790416
1790525
1790903
1791127
1792871
1793042
1793188
1793380
1793431
1793844
1794064
1794599
1794788
1794862
1795028
1795390
1795422
1795606
1795717
1796794
1797305
1797661
1797672
1797887
1798229
1798499
1798608
1798919
1798960
1799248
1799391
1799525
1799805
1800246
1800562
1800720
1800800
1801013
1801045
1801715
1802303
1802367
1802877
1802918
1803014
1803231
1804059
1804546
1804554
1804644
1805669
1805735
1805768
1805823
1806005
1806131
1806440
1806640
1807321
1807440
1807697
1807893
1808043
1808252
1809091
1809305
1809357
1809706
1809830
1810721
1811094
1811601
1811690
1811728
1812060
1812359
1812422
1812846
1812883
1813033
1813406
1813489
1813538
1813704
1814407
1814415
1814844
1815003
1815454
1815567
1815642
1815859
1816035
1816147
1816833
1816909
1817341
1817806
1817869
1818079
1818960
1820264
1820561
1820865
1821344
1821518
1821851
1822066
1822537
1823855
1824380
1824472
1824499
1824638
1825630
1825733
1825864
1825909
1825911
1826178
1827229
1828779
1829073
1829257
1829933
1830621
1831398
1831794
1832063
1832222
1832605
1832869
1833037
1834251
1834341
1834871
1835079
1835352
1835471
1835757
1835937
1836014
1836621
1836725
1836738
1837152
1838422
1838609
1838645
1838723
1838885
1839051
1839073
1839439
1840046
1840150
1840258
1840578
1840749
1841005
1841238
1841276
1841414
1841601
1841667
1841802
1842244
1842282
1842388
1842588
1842617
1842910
1843108
1843132
1843212
1843504
1843539
1843809
1843947
1844000
1844584
1844778
1845410
1845922
1846210
1847234
1847558
1847576
1847792
1847931
1847945
1848368
1848638
1848882
1848883
1848984
1849185
1849185
1849806
1849937
1850038
1850573
1851053
1851100
1851266
1852084
1852291
1852896
1853265
1853289
1854942
1855129
1855441
1856881
1856999
1857364
1857868
1857936
1858599
1859039
1859513
1859545
1859577
1859693
1860160
1860175
1860316
1860781
1861925
1861968
1862118
1862258
1862353
1862355
1862589
1862625
1863091
1863518
1863773
1864513
1864524
1865202
1865401
1865591
1865722
1865974
1866178
1866479
1866784
1866922
1866997
1867012
1867072
1867409
1867500
1867936
1867987
1868020
1868025
1868780
1868786
1868804
1869148
1869456
1870357
1870592
1870881
1871884
1872371
1872718
1873258
1873847
1874434
1874495
1874627
1875162
1875181
1875266
1875754
1876123
1876211
1876501
1876502
1876674
1876848
1876908
1876925
1876927
1877270
1877586
1878593
1878673
1878997
1879420
1879586
1879752
1880197
1880242
1881427
1881499
1881679
1881747
1882686
1882893
1883202
1883835
1884083
1884638
1884682
1884903
1884928
1884991
1885586
1885899
1886123
1886243
1886384
1886569
1887185
1887358
1887413
1888578
1889039
1889764
1889949
1890408
1890809
1890879
1891010
1891042
1891738
1892000
1892010
1892295
1892521
1892739
1892874
1893252
1893422
1893742
1893789
1893945
1894044
1894194
1895345
1895410
1895464
1895686
1895746
1895832
1896000
1896693
1896973
1897374
1897502
1897583
1897890
1898243
1898365
1898379
1898540
1898704
1898805
1898887
1900342
1900761
1901380
1901402
1901423
1901591
1901733
1901775
1901978
1902286
1903068
1903966
1904096
1904284
1905296
1905304
1905603
1905666
1905844
1905994
1906070
1906224
1907028
1907650
1908127
1908337
1909094
1909126
1909482
1909653
1909696
1910069
1910170
1910279
1910374
1910695
1912098
1912137
1913085
1913423
1913961
1914012
1914309
1914762
1916460
1916522
1916717
1916918
1916939
1916939
1917010
1917576
1917798
1917898
1918821
1918875
1919055
1919315
1919528
1919816
1920430
1920531
1920544
1920931
1920956
1921279
1921432
1921855
1922200
1923060
1923235
1923439
1923705
1923773
1923845
1923972
1924187
1924594
1924648
1925352
1925500
1925717
1925740
1926766
1927351
1927443
1927908
1928741
1928836
1929438
1929553
1930514
1930645
1930765
1930790
1931076
1931210
1931476
1931540
1932973
1933279
1934068
1934209
1934446
1934449
1934963
1935380
1935458
1936640
1937065
1937423
1938021
1938303
1938406
1938613
1938637
1938792
1938937
1939160
1939253
1939414
1940090
1940698
1941001
1941303
1941602
1942066
1942310
1942541
1942626
1942835
1943167
1943209
1943276
1943465
1943788
1943946
1943948
1943963
1943990
1944182
1945327
1946094
1946190
1946243
1946253
1947939
1948341
1948939
1949444
1949485
1949791
1949926
1950091
1950383
1951237
1951496
1951711
1952337
1952916
1953107
1953225
1953391
1954787
1955150
1955355
1955360
1955547
1955906
1955913
1956967
1957016
1957349
1957484
1957607
1957858
1958183
1958495
1958567
1958588
1959050
1959169
1959366
1959643
1959862
1959973
1960646
1960694
1960797
1961285
1962620
1962716
1963506
1963921
1963933
1964105
1964145
1964687
1965169
1965483
1966358
1966634
1967583
1967771
1967843
1967845
1967946
1968334
1969116
1969224
1969899
1970451
1970699
1970717
1970795
1971387
1971502
1971509
1971703
1971755
1971898
1972313
1972330
1973066
1973396
1973554
1974032
1974340
1974381
1974484
1974489
1974843
1975073
1975487
1975761
1976027
1976132
1976328
1976553
1976765
1977152
1978764
1978878
1979793
1979853
1980167
1980238
1980475
1980732
1980989
1981856
1981866
1981870
1981934
1982157
1982220
1982545
1982626
1982656
1983058
1984120
1984162
1984217
1985019
1985386
1985500
1985841
1985880
1986510
1986962
1987062
1987134
1987276
1987713
1987998
1988100
1988537
1988914
1989089
1989319
1989394
1990358
1990631
1990879
1991331
1991387
1991720
1991831
1992727
1992915
1993336
1993485
1993557
1993613
1993737
1993964
1994133
1994472
1995060
1995340
1995392
1995610
1995771
1995801
1996434
1996711
1996888
1997068
1997150
1997238
1997488
1997566
1997901
1998151
1998359
1998606
1998631
1998714
1999215
1999523
1999603
1999931
2000641
2000779
2001127
2001270
2001281
2001674
2001972
2002021
2002078
2002569
2002644
2003293
2003722
2003987
2004821
2004893
2004896
2004908
2005156
2005334
2005763
2005905
2005999
2006051
2006067
2006191
2006192
2007469
2007686
2007913
2008080
2008736
2008823
2008921
2009125
2009285
2009302
2009383
2009392
2009536
2009540
2009764
2010124
2010193
2010736
2011234
2011341
2011700
2011702
2011758
2011847
2012178
2012426
2013455
2013580
2013742
2014136
2014278
2014411
2014481
2015300
2015510
2016434
2016656
2017108
2017603
2017888
2018288
2018499
2018631
2018823
2018949
2019406
2019893
2020126
2020821
2021073
2021077
2021111
2021461
2021549
2021556
2021608
2021738
2022189
2022240
2022447
2022453
2022652
2023680
2023721
2023738
2023750
2023825
2023973
2024930
2024969
2025024
2025370
2025831
2025909
2025914
2026244
2026627
2026829
2027410
2027431
2027590
2028604
2028932
2029513
2030235
2030500
2030523
2030534
2030629
2030815
2030877
2031245
2031545
2031949
2034141
2034387
2035046
2035277
2035558
2035584
2035609
2035650
2035880
2038092
2038109
2038196
2038837
2039074
2039537
2039756
2040124
2040736
2041400
2041402
2042445
2043028
2043086
2043381
2043978
2044166
2044666
2044691
2044703
2045378
2045980
2046021
2046143
2046565
2046721
2047611
2047734
2048276
2048869
2048983
2049011
2049139
2049174
2049399
2049621
2049668
2050097
2050821
2050905
2051189
2051397
2051790
2051897
2052146
2052189
2052235
2052557
2053499
2054124
2054152
2054302
2054434
2054480
2054494
2054726
2055036
2056179
2056435
2056735
2056749
2056902
2057170
2057261
2057684
2057925
2058083
2058156
2058163
2058307
2058440
2058453
2058523
2058636
2058983
2059630
2059769
2060234
2060262
2060314
2060489
2060519
2060632
2060703
2061224
2061287
2061627
2062059
2062184
2062599
2063296
2063496
2063524
2063969
2064034
2064079
2064113
2064447
2064849
2065534
2066113
2066268
2066798
2066845
2066894
2066926
2067108
2067373
2067485
2067530
2067544
2067614
2068095
2068263
2069102
2069241
2069834
2069935
2070933
2071066
2071230
2071577
2071629
2071640
2072062
2072080
2072097
2072572
2072664
2073004
2073162
2073295
2073610
2073945
2074122
2074353
2074677
2074692
2074763
2075085
2075172
2075261
2075506
2075679
2075853
2076731
2077116
2077574
2077622
2079329
2080022
2080033
2080289
2080504
2081043
2081105
2081459
2081576
2082041
2082519
2082527
2082834
2082971
2083038
2083039
2083300
2083639
2083679
2083800
2083982
2084537
2084576
2084982
2085122
2085310
2085403
2085617
2085626
2085685
2085729
2085851
2086205
2087496
2088517
2088635
2089187
2089411
2089909
2090047
2090242
2090334
2090775
2091583
2091770
2092003
2093838
2094008
2094345
2095204
2095492
2096643
2096910
2097904
2098309
2098452
2098477
2098486
2099107
2099221
2099265
2099580
2099882
2100996
2101032
2101201
2101275
2101412
2101970
2102271
2102655
2102710
2103191
2103256
2103496
2103673
2104580
2104739
2105007
2105286
2105856
2107141
2107315
2107436
2107449
2107561
2108562
2109068
2109321
2109524
2109770
2110019
2110384
2111621
2112092
2112908
2113150
2113248
2113263
2113300
2113357
2113409
2113697
2113745
2114018
2114060
2114408
2115113
2115164
2115208
2115312
2115669
2115681
2115734
2115768
2116401
2116467
2116502
2116551
2116828
2116878
2116890
2116923
2117474
2117763
2117906
2118317
2118949
2119041
2119079
2119211
2119805
2120535
2120595
2120807
2120970
2121484
2121515
2121621
2121929
2122103
2122185
2122400
2122749
2122750
2122786
2122791
2122791
2122884
2123143
2123345
2123379
2123511
2123852
2124087
2124404
2125314
2125442
2125470
2125472
2125751
2125944
2126205
2126495
2126651
2126653
2126827
2127058
2127082
2127170
2127380
2127457
2128936
2129179
2129721
2129775
2130341
2130433
2130874
2130946
2131440
2131937
2132018
2132392
2132828
2133161
2133416
2134927
2135030
2135062
2135261
2135445
2135866
2135933
2135999
2136428
2137074
2137277
2137349
2137475
2137602
2137666
2137880
2138406
2138493
2139111
2139629
2139983
2140499
2140552
2140596
2140876
2141266
2141440
2142078
2142276
2142465
2142691
2142795
2142849
2143061
2143326
2143796
2144468
2145344
2145422
2145665
2146133
2146703
2146752
2147179
2147565
2147713
2147716
2147743
2147762
2148090
2148579
2148598
2149925
2150018
2150651
2151372
2151600
2151760
2151990
2152542
2152648
2153227
2154236
2154852
2154874
2155954
2156593
2156644
2157218
2157383
2158789
2158818
2159032
2159035
2159163
2159675
2159828
2160541
2161529
2161799
2162182
2162410
2162631
2162831
2163009
2163207
2163229
2163269
2163865
2163920
2164161
2164557
2164597
2164799
2165140
2165172
2165396
2165540
2165587
2165849
2166089
2166182
2166478
2166505
2166635
2167154
2167367
2167607
2167672
2167741
2167752
2167760
2167819
2167991
2168461
2168526
2168927
2169568
2170654
2170897
2171628
2172103
2172279
2172354
2172372
2172416
2172965
2173178
2173543
2173804
2174049
2174218
2174394
2174463
2174682
2174857
2175155
2176090
2176165
2176184
2176218
2176231
2176284
2176480
2177496
2177623
2177666
2177963
2178066
2178242
2178375
2178498
2178583
2178625
2178788
2180042
2180049
2180094
2180184
2180668
2180805
2181021
2181080
2181383
2181563
2181634
2181664
2181757
2182182
2182256
2182619
2182646
2182682
2183159
2183854
2183982
2184373
2185083
2185238
2185606
2185615
2186089
2186212
2186588
2186591
2186764
2186932
2186982
2187201
2187984
2188010
2188039
2188135
2188982
2189061
2189200
2189806
2190055
2190565
2190753
2190996
2191186
2191773
2191950
2192798
2192798
2192838
2192970
2193428
2193519
2194218
2194242
2194699
2196189
2196652
2196944
2197125
2197478
2197697
2197874
2197880
2198120
2198376
2198445
2198783
2199013
2199460
2199472
2199498
2199939
2200186
2200201
2200371
2200461
2200629
2200828
2201003
2201378
2202107
2202553
2202598
2202878
2202892
2202958
2202976
2203234
2203463
2203946
2204114
2204360
2204526
2205155
2205448
2205748
2206277
2206496
2207014
2207288
2207293
2207397
2207544
2207616
2207849
2208018
2208040
2208216
2208356
2208446
2208527
2209072
2209078
2209214
2209527
2210365
2210839
2210847
2210950
2211041
2211326
2212776
2213163
2213401
2213420
2213429
2213471
2213740
2213838
2213888
2214160
2215064
2215302
2215598
2215653
2215816
2216616
2216836
2216975
2217230
2218148
2218218
2219234
2219402
2219468
2219598
2219619
2220267
2220415
2220417
2220542
2221040
2221569
2222203
2222272
2222394
2223038
2223383
2223592
2223593
2223928
2224368
2224467
2225166
2225462
2227068
2227303
2227393
2228040
2228554
2228696
2228704
2229311
2229322
2229390
2230937
2231337
2231393
2231526
2231673
2231804
2231882
2231884
2231974
2232236
2232316
2232336
2233107
2233282
2233318
2233503
2233916
2234077
2234362
2234661
2234765
2235771
2235790
2235890
2235941
2236032
2236337
2236684
2236692
2236965
2237217
2238189
2238232
2238725
2238823
2238850
2238853
2239672
2240172
2240583
2240824
2241040
2241201
2241653
2241872
2241893
2242707
2245158
2245449
2245518
2245771
2246031
2246604
2246721
2247047
2247256
2247267
2247382
2247459
2248049
2248322
2248470
2248771
2250188
2250509
2250736
2250736
2251151
2251165
2251611
2251663
2252620
2253230
2253497
2253772
2253776
2253827
2253922
2253953
2254036
2254595
2255480
2255540
2256002
2256407
2256835
2257254
2257336
2257523
2257586
2258497
2259327
2259481
2259592
2261496
2261933
2262596
2263035
2263617
2263786
2263950
2264358
2264710
2264894
2265484
2265931
2266306
2266434
2266580
2266822
2266834
2266974
2267348
2267454
2267763
2267966
2267969
2268016
2268053
2269010
2269084
2269338
2269499
2269713
2270246
2270688
2270722
2271224
2271347
2272065
2272427
2274165
2274397
2274503
2275522
2275575
2276048
2276129
2276384
2276408
2277777
2277936
2278098
2278917
2279368
2279671
2280160
2281027
2281352
2281515
2281682
2281780
2282045
2282057
2282073
2282149
2282217
2282430
2282919
2283126
2283655
2283837
2284154
2284210
2284372
2286463
2286836
2287409
2287562
2287737
2287773
2287809
2288326
2288647
2288962
2288976
2289214
2289502
2289615
2289795
2289897
2290285
2290655
2290660
2290853
2291038
2291155
2291186
2291239
2291284
2292389
2292596
2292653
2293389
2293437
2293674
2294017
2294818
2294882
2295842
2297257
2297308
2297462
2298089
2298712
2298791
2299909
2300626
2300669
2300750
2301169
2303005
2303672
2303820
2303932
2304524
2304572
2304977
2305037
2305337
2305343
2305509
2305617
2305620
2306096
2306487
2306808
2307598
2307815
2307966
2308043
2308416
2308624
2309174
2309527
2309589
2309648
2310340
2310470
2311393
2311849
2311998
2312271
2313272
2313305
2313576
2314399
2314804
2315152
2315542
2315723
2315802
2315808
2316456
2316725
2317643
2317695
2317912
2318550
2318570
2318972
2319049
2319191
2319788
2320288
2320530
2320732
2320963
2321014
2321150
2321913
2322879
2322908
2323116
2323530
2323892
2324260
2324448
2324774
2324945
2325689
2325962
2326329
2327290
2327366
2327368
2327497
2327862
2328526
2328546
2328610
2328906
2329027
2329588
2329834
2330254
2330287
2330716
2330903
2330967
2331803
2331874
2332950
2332976
2333192
2334156
2334529
2334998
2335286
2335300
2335696
2336080
2336278
2336569
2337328
2337345
2337494
2337698
2337736
2337769
2337769
2338717
2339154
2339231
2339267
2339318
2339374
2339845
2339897
2340094
2340198
2340203
2340973
2341368
2341464
2341941
2342318
2342464
2342851
2343880
2343974
2344217
2344409
2344641
2344700
2345063
2345079
2346408
2346860
2347582
2347822
2348479
2349218
2349971
2349997
2350285
2350367
2350807
2351850
2351908
2353105
2353269
2353696
2353713
2354003
2354775
2355375
2355554
2355588
2356127
2356150
2356686
2356769
2357625
2357870
2358826
2359272
2359286
2359339
2359633
2359980
2360104
2360244
2360248
2360809
2360843
2360920
2361189
2361368
2361399
2361410
2361544
2361562
2361674
2362035
2362125
2362460
2362623
2362738
2362797
2362954
2364273
2364305
2364435
2364441
2364797
2364957
2365210
2366918
2367346
2368072
2368455
2368964
2369038
2369696
2370676
2370931
2371364
2371637
2372105
2372624
2372876
2373518
2373759
2373922
2374233
2375114
2375261
2375289
2375507
2375975
2376873
2377214
2377453
2377592
2377901
2378296
2378351
2378726
2378853
2379023
2379101
2379288
2379405
2379434
2379913
2380013
2380052
2380995
2381301
2381600
2382287
2382409
2382919
2382951
2383134
2383284
2383530
2383687
2383893
2383976
2384538
2384664
2384970
2384975
2385018
2385097
2385246
2385501
2385933
2386046
2386059
2386293
2386748
2387004
2387081
2387127
2387814
2387847
2387923
2388334
2388524
2388795
2389068
2389370
2389512
2389760
2390715
2390746
2390751
2390980
2391086
2391305
2391707
2391854
2391921
2392383
2392557
2392759
2392861
2392900
2393167
2393364
2393864
2394379
2394426
2394882
2395367
2395547
2396137
2396272
2396713
2396775
2397314
2397336
2397782
2398116
2398148
2398374
2398483
2398491
2399370
2399506
2400121
2400547
2400864
2400867
2401059
2401497
2401734
2401843
2402407
2403089
2403389
2403622
2403982
2404478
2404512
2404624
2404864
2405197
2405970
2406430
2407170
2407198
2408658
2409391
2409493
2409618
2409747
2409937
2410450
2410618
2411653
2411804
2412045
2413163
2413278
2413567
2413916
2414015
2414051
2414177
2414184
2414601
2415391
2415892
2415904
2416219
2416540
2416573
2416819
2417244
2417249
2417367
2417426
2418391
2418735
2419111
2419129
2419425
2419867
2420003
2420800
2421949
2422239
2422398
2422695
2422947
2423489
2423532
2423653
2423937
2424779
2425392
2425756
2425775
2426004
2426314
2426552
2426618
2426643
2426809
2426839
2426887
2426931
2427403
2428046
2429028
2429366
2429572
2429638
2429746
2430125
2430220
2430287
2430592
2431041
2431242
2431519
2432380
2432764
2432879
2432917
2432990
2433336
2433474
2433575
2434014
2434402
2434769
2434963
2434987
2435301
2435540
2436046
2436561
2436699
2436831
2436865
2437237
2437257
2437615
2438211
2438510
2438829
2439597
2439662
2439716
2440354
2440988
2441016
2441150
2441308
2441703
2441957
2442336
2442386
2442720
2442992
2443202
2443699
2443901
2444571
2444669
2445055
2445473
2445575
2446045
2446273
2446645
2446971
2447298
2447425
2448952
2449005
2449491
2449927
2449990
2450077
2450673
2450674
2451045
2453566
2453691
2453873
2454290
2454418
2454653
2454983
2455360
2455389
2455511
2455587
2455924
2456015
2456063
2456676
2456909
2457019
2457296
2457463
2458462
2458592
2458701
2459476
2459498
2459749
2459784
2459791
2460190
2460297
2460821
2461260
2461433
2461534
2461625
2461823
2462153
2462238
2462422
2462775
2463056
2463314
2463438
2463846
2464004
2464294
2464343
2464489
2464530
2464664
2464991
2465208
2465368
2465558
2466069
2466142
2466495
2466581
2466761
2467131
2467487
2468763
2468854
2469637
2469685
2469868
2470542
2470635
2470721
2470775
2470919
2471020
2471319
2471331
2471481
2471719
2471752
2472112
2472435
2472823
2473508
2473549
2473670
2474040
2474059
2474635
2474745
2474899
2474957
2475231
2475468
2476264
2476864
2476999
2477212
2477338
2477630
2477835
2478106
2478140
2478351
2478480
2478495
2478771
2478820
2479171
2479273
2479524
2479789
2479848
2480072
2480379
2480719
2480758
2480949
2481777
2482020
2482554
2482887
2483095
2483278
2483550
2483584
2483628
2483760
2483802
2484177
2484681
2485383
2485394
2485498
2485649
2485748
2485885
2485931
2486035
2486071
2486289
2486851
2487211
2487234
2487298
2488030
2488094
2488271
2488515
2488518
2488721
2489033
2489180
2489642
2489711
2489986
2490219
2490347
2490612
2491043
2491153
2491240
2491307
2491760
2492381
2492484
2492879
2493442
2493582
2493929
2493974
2494564
2494675
2494686
2494744
2495089
2495428
2496296
2496389
2496409
2496422
2496471
2497056
2497081
2497525
2498113
2498423
2498709
2498762
2499338
2499421
2499912
2500269
2500312
2500696
2501496
2501587
2502477
2502625
2502835
2502887
2502933
2503855
2503949
2504269
2504354
2504745
2504915
2504918
2504994
2505281
2505286
2505412
2505616
2505766
2506206
2506819
2507367
2507582
2507585
2507898
2507910
2508035
2508258
2508379
2508789
2508853
2509213
2509337
2510189
2510701
2510847
2510870
2511120
2511525
2512489
2513327
2513669
2513957
2514497
2514561
2515146
2515227
2515236
2515299
2516119
2516404
2516500
2517343
2517429
2517705
2517837
2518021
2518080
2518788
2518821
2519082
2519192
2519456
2520179
2520526
2521073
2521159
2521407
2521536
2521550
2522208
2522289
2522840
2522864
2523219
2523332
2523780
2523962
2524272
2524456
2525139
2525340
2525643
2525737
2525761
2525849
2526283
2526430
2527045
2527704
2528241
2529290
2530104
2530447
2530688
2530743
2530904
2530963
2531018
2532086
2532354
2532512
2532827
2532991
2533368
2533462
2533692
2533740
2533818
2534055
2534066
2534293
2534785
2535246
2535337
2535399
2535588
2536010
2536612
2536780
2537013
2537106
2537302
2537321
2537347
2538040
2538605
2538619
2538712
2538952
2538987
2539384
2539544
2539545
2539584
2539964
2540039
2540085
2540155
2540183
2541234
2541710
2541803
2542115
2542290
2542389
2542797
2543125
2543478
2543808
2543814
2543980
2544189
2544232
2544332
2544409
2544625
2545060
2545528
2545563
2545726
2545789
2546145
2546914
2547449
2548295
2548657
2548722
2549001
2549287
2549388
2549752
2549784
2549847
2551177
2551264
2551437
2551849
2551921
2551980
2552828
2553030
2553194
2553447
2553470
2553758
2553949
2554301
2554308
2554564
2554611
2555386
2556629
2556689
2556810
2556897
2556927
2557426
2558226
2558372
2558653
2558751
2559013
2559247
2559383
2559715
2559939
2559992
2560049
2560454
2560498
2560798
2560897
2560916
2561025
2561409
2561483
2561811
2562152
2562308
2562509
2562706
2562848
2563137
2563587
2564015
2564514
2564663
2564882
2565081
2565563
2565905
2566586
2567209
2567471
2567538
2568079
2568208
2568508
2569123
2569175
2569384
2569453
2569727
2570054
2570340
2570476
2570686
2570986
2571238
2572646
2572670
2573198
2573392
2573794
2574113
2574136
2574313
2574478
2574493
2574809
2574986
2575071
2575933
2576024
2576128
2576973
2577096
2577142
2577481
2577825
2578996
2579142
2580274
2580709
2580830
2581057
2581310
2581554
2582055
2582119
2582346
2582996
2583225
2583288
2583427
2583598
2583671
2584178
2584489
2584555
2584901
2584916
2585358
2585494
2585527
2585699
2586023
2586474
2586645
2586743
2587172
2587186
2587417
2587576
2588172
2588679
2588768
2588966
2589845
2590441
2591014
2592112
2592495
2593066
2593072
2593958
2593999
2594109
2594462
2594766
2595081
2595211
2595257
2595840
2595920
2596128
2596454
2596608
2596754
2597348
2597556
2598340
2598408
2599285
2599374
2599474
2599781
2599795
2599929
2600193
2600582
2600714
2600744
2601903
2602112
2602847
2603477
2603589
2603762
2603804
2603896
2604190
2604567
2604639
2604710
2604841
2605258
2605572
2606312
2606526
2606534
2607134
2607450
2607716
2607716
2608032
2608292
2608319
2608422
2608434
2608882
2608947
2609353
2609384
2609761
2610221
2610573
2610960
2611261
2611517
2611873
2612194
2612708
2613116
2613736
2614660
2615319
2615647
2616001
2616154
2616352
2616669
2616870
2617051
2617151
2617449
2618571
2618666
2618687
2618968
2619216
2619822
2620224
2620418
2621387
2622287
2622493
2623594
2623792
2624347
2625187
2625394
2625531
2625775
2626074
2626402
2626927
2627168
2627227
2627464
2627582
2627836
2627963
2628086
2628413
2628449
2628774
2628914
2630318
2630471
2630601
2630725
2630816
2631124
2631287
2631443
2631489
2631894
2631944
2631960
2631966
2632023
2632088
2632658
2633212
2633229
2633950
2634029
2634377
2634546
2634988
2636274
2637481
2637685
2637838
2638382
2638396
2638823
2639316
2639473
2639668
2639733
2639940
2640257
2640496
2640650
2640809
2641009
2641016
2641281
2641352
2641386
2641636
2641815
2642225
2642379
2642715
2642873
2643237
2643429
2643513
2643553
2643860
2644052
2644390
2644434
2645058
2645239
2645830
2646230
2646304
2646661
2646823
2646876
2647211
2647269
2647343
2647347
2647471
2647696
2647801
2647975
2648040
2648809
2648949
2649317
2649564
2650016
2650087
2650494
2650820
2650969
2651525
2652109
2652276
2652487
2652836
2652999
2654023
2654094
2654154
2654496
2654513
2654582
2655403
2655443
2655478
2655522
2655840
2656208
2656384
2656417
2656465
2656483
2657485
2657537
2657834
2658144
2658412
2658634
2658649
2659036
2659378
2659526
2659615
2659690
2659722
2660344
2660783
2660815
2660835
2661069
2661129
2661288
2662176
2662193
2662206
2662355
2662542
2662557
2662766
2663442
2663819
2663905
2664090
2664193
2664387
2665904
2666236
2666366
2666396
2666922
2666953
2667220
2667285
2667351
2668142
2668311
2668671
2668748
2668804
2668825
2668881
2669004
2669209
2669855
2669989
2670264
2670368
2670398
2670743
2671086
2671337
2672316
2672497
2672947
2673362
2673743
2673890
2674040
2674286
2674543
2674829
2675250
2675422
2675760
2675999
2676646
2677010
2677029
2677315
2677492
2677518
2677675
2677947
2678025
2678063
2678085
2678511
2678514
2678690
2678700
2679502
2679630
2679741
2680212
2680330
2680528
2680696
2681203
2681721
2682804
2682861
2682917
2683247
2683534
2683575
2683607
2683785
2683951
2684598
2684954
2685099
2686101
2686116
2686263
2686409
2686783
2687002
2687080
2687133
2687143
2687650
2688315
2688531
2688570
2688687
2688809
2688812
2688856
2689097
2689521
2689809
2689925
2690016
2690705
2691197
2691430
2691478
2691942
2692233
2692854
2693231
2693243
2693607
2693968
2694007
2694094
2694621
2694932
2694988
2695045
2695293
2695602
2695666
2695977
2696268
2696378
2696948
2697048
2697408
2697440
2697471
2697622
2697680
2697835
2698464
2699958
2700355
2700559
2700850
2700967
2701184
2702340
2702488
2702891
2702929
2702973
2703067
2703521
2703767
2704147
2704522
2704615
2704815
2705403
2705524
2706103
2706676
2706816
2706912
2707393
2707404
2707475
2707856
2708031
2708046
2708115
2708356
2708384
2709009
2709012
2709223
2709559
2709834
2709894
2710215
2710313
2711170
2712230
2712764
2713112
2713177
2713315
2714034
2714169
2714530
2714732
2715484
2715641
2716256
2716266
2716318
2716576
2716900
2718223
2718330
2718723
2719013
2719020
2719876
2720312
2720584
2720759
2720803
2721541
2722162
2722352
2722692
2722752
2722806
2723037
2723148
2723305
2723381
2723547
2723887
2723972
2724023
2724047
2724417
2724595
2725532
2725977
2726099
2726173
2726393
2726874
2727053
2727211
2727478
2727519
2727534
2727592
2727663
2727672
2728053
2728160
2728254
2728806
2729391
2729631
2729982
2729999
2730451
2730669
2730858
2731514
2732795
2732905
2733052
2733894
2734061
2734245
2734362
2734455
2734455
2734635
2735217
2736101
2736180
2736587
2737055
2737423
2737437
2737642
2737653
2737814
2737816
2738248
2738647
2738659
2739021
2739145
2739257
2740000
2740026
2740247
2740353
2740409
2740438
2740704
2740812
2741099
2741309
2741818
2741874
2742205
2742347
2742495
2742654
2742654
2743027
2743224
2743347
2743788
2743851
2744051
2745549
2745946
2746144
2746562
2746698
2746836
2746869
2747058
2747146
2747246
2747270
2747809
2747883
2748120
2748609
2748991
2749018
2749041
2749351
2749714
2749900
2750112
2750278
2750583
2750651
2750656
2750671
2750765
2752263
2752527
2752714
2753031
2753303
2753647
2753803
2754874
2755331
2755782
2756010
2756314
2756849
2757288
2757419
2759231
2759612
2759823
2759918
2760607
2761286
2761403
2761490
2761990
2763041
2763798
2763843
2764212
2764411
2764437
2764866
2765820
2766230
2766430
2766709
2766838
2767512
2767754
2768555
2768796
2768977
2769132
2770077
2770362
2770514
2770521
2770671
2770912
2771101
2771620
2771783
2771877
2772422
2772629
2772681
2772948
2773127
2773151
2773312
2773347
2773796
2774309
2774524
2774713
2775238
2775292
2775337
2775366
2775865
2776606
2776638
2776806
2776915
2777013
2777134
2777525
2777973
2778508
2778558
2778731
2778775
2779228
2779275
2779514
2779626
2779804
2780046
2780108
2780893
2781961
2781984
2782750
2782845
2783675
2784187
2784234
2784945
2785866
2785935
2786276
2786964
2787148
2787520
2788342
2788467
2788470
2788645
2788998
2789318
2789331
2789336
2789451
2790342
2790421
2790463
2790809
2790970
2791271
2791364
2791377
2791393
2791556
2791736
2792093
2792156
2792167
2792332
2792339
2792461
2792736
2792848
2793031
2793499
2793548
2793818
2793990
2795226
2795582
2795648
2795740
2796326
2796385
2796701
2797150
2797719
2798172
2798213
2798478
2798859
2799626
2799689
2799708
2799736
2799834
2799917
2800019
2800027
2800089
2800907
2801155
2801180
2801631
2802129
2802182
2802525
2802579
2802857
2802931
2803268
2803406
2803826
2804702
2805125
2805345
2805644
2805777
2806191
2806408
2806982
2807047
2807238
2807460
2809057
2809127
2809237
2809443
2809609
2809863
2810063
2810342
2810729
2810840
2811198
2811503
2812014
2812045
2812561
2812786
2812912
2813288
2813461
2813628
2813678
2813694
2813713
2813921
2814793
2814830
2815033
2815465
2815612
2816077
2816312
2816527
2816572
2816933
2817029
2818706
2819240
2819542
2819880
2819971
2820118
2820208
2820302
2820594
2821110
2821191
2821367
2821407
2822418
2822423
2823075
2823122
2823201
2823258
2823384
2823638
2823712
2823868
2824093
2824623
2824698
2824701
2825389
2825465
2825685
2826347
2826436
2826600
2826773
2826866
2827355
2827568
2827772
2829245
2829356
2829413
2829621
2829766
2829977
2830179
2830200
2830282
2830380
2830481
2831616
2831680
2832298
2832398
2832481
2832974
2832987
2833345
2833513
2833720
2833855
2834147
2834677
2834795
2834917
2834960
2835065
2835699
2835863
2835884
2835944
2835979
2836806
2837234
2837242
2837489
2837509
2837573
2838309
2838393
2839471
2840319
2840404
2840740
2841630
2841631
2841783
2842011
2842115
2842349
2842548
2842908
2843352
2843810
2844043
2844383
2845392
2845634
2845982
2846528
2846965
2847913
2848164
2848530
2848569
2848853
2849061
2849168
2849182
2849562
2849995
2850499
2850744
2850842
2850912
2850998
2851052
2851108
2851286
2851335
2851457
2851645
2851727
2851763
2851865
2851906
2852139
2852503
2852908
2853219
2853890
2854002
2854196
2854976
2855055
2855091
2855131
2855188
2855777
2856004
2856022
2856234
2856236
2856649
2856793
2857646
2857713
2857820
2858338
2858442
2858473
2858824
2858955
2859294
2860308
2860897
2860902
2861040
2861154
2861231
2861388
2861557
2862223
2862585
2862806
2862840
2863030
2863061
2863099
2863113
2863458
2863467
2863588
2863633
2863646
2863721
2865034
2865224
2865535
2865538
2865613
2865946
2866089
2866251
2866642
2867393
2867418
2867433
2867886
2867918
2868051
2868505
2868637
2868880
2868937
2869137
2869260
2869554
2869859
2871012
2871012
2871267
2871286
2871423
2871476
2871650
2871677
2872210
2872300
2872541
2872657
2873184
2873557
2873601
2874265
2874498
2874661
2875148
2875637
2875744
2875948
2876007
2876175
2876376
2876383
2876591
2877121
2877180
2877211
2877529
2877580
2878367
2878567
2879612
2881611
2881911
2882596
2882659
2883135
2883306
2883314
2883433
2883819
2884264
2884495
2884513
2884723
2884950
2885692
2885751
2885914
2886601
2886645
2887403
2887417
2887555
2887870
2888191
2888973
2889203
2889212
2889422
2889463
2889596
2889690
2889968
2890030
2890277
2891596
2891597
2891725
2891880
2892226
2892448
2892459
2892646
2892978
2893223
2893850
2893882
2893894
2893976
2894146
2894565
2894613
2894654
2895208
2895475
2895767
2895939
2897006
2897100
2897397
2897725
2897963
2897980
2898025
2898425
2899841
2899988
2900385
2900909
2901336
2901426
2901944
2902175
2902310
2902815
2903150
2903229
2903273
2903833
2904081
2904278
2904314
2904441
2904948
2905620
2905674
2905831
2905933
2906127
2906270
2906295
2906425
2906729
2907392
2907423
2907862
2907982
2908183
2908264
2908441
2908468
2908614
2908746
2909386
2909507
2910229
2910667
2911118
2911257
2911382
2911432
2911782
2911856
2912186
2912205
2912515
2912650
2912832
2912958
2913024
2913276
2913632
2914083
2914749
2914927
2915166
2915236
2915972
2916220
2916489
2916551
2916617
2917060
2917391
2917397
2917625
2917843
2917947
2918113
2918303
2918772
2918904
2918945
2919538
2919738
2921211
2921262
2921379
2921380
2921484
2921788
2921864
2921899
2922668
2923651
2924052
2924059
2924257
2924572
2924938
2925271
2925740
2925855
2925999
2926114
2926246
2926302
2926428
2926864
2927939
2927944
2928578
2928682
2928762
2929608
2929630
2929896
2930159
2930320
2930340
2930350
2930404
2930793
2931042
2931806
2932066
2932355
2932388
2933138
2933363
2933606
2933647
2935196
2935324
2935683
2935955
2937282
2938055
2938097
2938246
2938569
2938789
2938808
2938869
2939067
2939135
2939213
2939433
2939434
2939464
2939674
2939910
2940335
2940505
2940649
2940694
2940707
2940944
2941032
2941267
2941373
2941572
2941622
2941707
2942290
2942722
2942944
2943040
2943262
2943314
2943438
2943942
2944023
2944219
2944429
2945010
2945635
2946116
2946159
2946162
2946242
2946419
2946682
2946725
2946893
2947324
2947496
2947577
2947580
2947643
2947671
2948031
2948179
2948391
2948760
2949893
2950037
2950236
2950302
2950458
2950484
2951061
2951237
2951456
2951752
2952520
2952926
2952967
2954150
2954532
2954536
2954672
2955314
2955447
2956311
2956481
2956660
2956823
2957395
2957571
2957737
2959019
2959665
2960185
2960272
2960479
2961176
2962080
2962553
2962617
2963051
2963651
2963922
2963987
2964265
2965187
2966342
2967280
2967941
2968133
2968465
2969097
2969129
2969347
2969848
2971076
2971725
2972566
2972654
2972872
2973024
2973111
2973148
2973792
2973818
2973828
2974050
2974081
2974305
2975236
2975392
2975637
2976029
2976495
2977044
2977267
2977550
2977625
2977882
2978427
2978772
2978773
2978800
2978993
2979923
2980419
2980649
2980887
2980958
2981660
2981958
2982086
2982089
2982267
2982298
2982804
2983166
2983218
2983645
2984403
2984572
2984935
2985240
2985550
2985827
2986524
2986569
2987336
2987493
2987535
2987723
2987727
2987934
2988086
2988324
2988427
2989230
2989512
2989702
2989731
2989775
2989930
2990611
2991016
2991097
2991179
2991687
2991942
2992433
2992452
2992462
2993022
2993141
2993311
2994667
2994700
2995997
2996234
2996346
2996453
2996495
2996516
2996543
2996656
2997002
2997154
2997271
2997801
2998568
2998740
2998910
2998954
2999253
2999554
2999871
