Количество элементов - 1000, алгоритм сортировки - InsertionSort, случай - Ordinary, время работы - 0
1806
9805
19834
21739
33827
34729
35474
36861
39606
42339
47579
52019
54702
54735
58359
61200
63834
70309
70721
72044
80921
81303
81404
88750
89123
97928
98327
102839
107064
112359
113251
113848
114977
115902
116137
119597
123255
128551
137455
142638
143090
145759
147110
147316
147938
154487
155615
158147
161840
164824
165349
167969
168538
172645
173259
178107
179506
179791
181520
185092
185699
185851
188381
194605
197672
210621
214288
223366
225574
226514
228883
233717
234471
239307
242349
243800
244301
244494
245784
249257
254209
257286
257977
263043
266179
267876
271619
273685
275369
279173
281622
282241
282640
282770
283188
284696
286661
289160
291986
294313
296370
296459
297257
299132
299655
301935
317204
319957
321964
323301
323938
323987
327434
329735
333168
333720
334467
336808
344161
348841
349725
352215
354126
361823
364454
375187
379197
386455
386817
388751
390825
390980
397205
401167
408555
411769
412132
412574
412596
416870
417803
418741
418804
421195
421997
425155
426937
427469
429960
431486
437344
443112
443805
446419
447544
451496
455432
457889
476815
479533
480778
490240
493268
495611
496038
498741
510879
513062
515460
517602
523731
533528
535619
546750
549887
557620
564798
565045
565959
566627
585767
587034
590067
594559
594959
599408
601789
602035
609067
611048
611816
616941
617465
617710
621238
625220
625281
628944
636647
638966
644783
645208
649585
650624
651470
652293
658716
662142
667090
671785
676262
679399
680846
683481
689237
708709
714801
716600
719089
719282
721306
721347
723347
730722
732474
733671
737679
741583
748628
750614
751907
754464
760053
763487
765234
769103
770363
770791
771891
773955
774654
776340
777125
779312
780389
785281
794598
796876
800531
803442
805982
809777
810895
822651
826400
831996
842487
843618
843662
857334
858408
860256
861220
861731
864088
866701
867096
871638
876107
876199
878533
884789
884863
889637
891595
895972
896336
897255
898900
905400
906625
913735
914278
914536
917093
917233
920366
922669
926935
928498
928673
933146
934521
937598
940748
944614
950238
952213
953590
954244
954386
960614
962317
965324
969416
973088
973349
974515
978382
985231
985275
987020
997087
999241
1004630
1007921
1009649
1011177
1011902
1012441
1014164
1018215
1023972
1025402
1033946
1036487
1039339
1039818
1043523
1044764
1048277
1063056
1063724
1074653
1076361
1077960
1079124
1080945
1082311
1082422
1083387
1084230
1086380
1087362
1088808
1090368
1091046
1092821
1097425
1104083
1106433
1109047
1110383
1110475
1112596
1113764
1114974
1115850
1117177
1120191
1120420
1122960
1123373
1124556
1124631
1127838
1130166
1134141
1137163
1141246
1142257
1142807
1148210
1153410
1163421
1163912
1164692
1167514
1169623
1174055
1175398
1177254
1179796
1183684
1189293
1192875
1197235
1197487
1202881
1205913
1206941
1207115
1209066
1210974
1216889
1222521
1225344
1226199
1230325
1244650
1248538
1251632
1252022
1254419
1254807
1255434
1257029
1257885
1262388
1265238
1266644
1268310
1269259
1270940
1277540
1281476
1287116
1288912
1289133
1289848
1296033
1296105
1302453
1302487
1316205
1317018
1326907
1335285
1341919
1342777
1343409
1346246
1347835
1349273
1349849
1350193
1350200
1350322
1357095
1360643
1361025
1362208
1366141
1367669
1368530
1374331
1376053
1378063
1378093
1378297
1379599
1386437
1387499
1387729
1388454
1390811
1392569
1392672
1392954
1394218
1396625
1400199
1405500
1407687
1409330
1416507
1417449
1425933
1430609
1431592
1435689
1440437
1440891
1441549
1445042
1446137
1447214
1450013
1452672
1457257
1457303
1458324
1464327
1468622
1469757
1472655
1489494
1489636
1494873
1497816
1500656
1500796
1508204
1509470
1515617
1516284
1521153
1523590
1529168
1529401
1529998
1534150
1534473
1550729
1555880
1556641
1557402
1557417
1558630
1560442
1561078
1563037
1566651
1566678
1566896
1568480
1571211
1571327
1584555
1585353
1585487
1589292
1592148
1593837
1597698
1600083
1603318
1604616
1606150
1609135
1609499
1611624
1612885
1613787
1617462
1618914
1625499
1625682
1633617
1643644
1644186
1652190
1656352
1662728
1664391
1666336
1668133
1674020
1682297
1682441
1682936
1686646
1689491
1690129
1695474
1696282
1697173
1698197
1701286
1707704
1708217
1711167
1711979
1723760
1729725
1731228
1733338
1735389
1739420
1740255
1740263
1740563
1740644
1745279
1746181
1746293
1749018
1750210
1753910
1757657
1757831
1760755
1761255
1761600
1762222
1765548
1768331
1773350
1777347
1779410
1782622
1782724
1788040
1788394
1789301
1790870
1804619
1805307
1817227
1818000
1818914
1819005
1820445
1822049
1823618
1826342
1828141
1828276
1834619
1835000
1836132
1840253
1841432
1841847
1846054
1846356
1848942
1849654
1849736
1850275
1852341
1853726
1854667
1855907
1862726
1870682
1870959
1871613
1878302
1879475
1881835
1885710
1888044
1888299
1892471
1892666
1894751
1909440
1911124
1913511
1918047
1918117
1929812
1930444
1933819
1940862
1944248
1948623
1949308
1951852
1953743
1956566
1959324
1960660
1965078
1965937
1975858
1976838
1984521
1988702
1989580
1990412
1994355
1996173
2001918
2005095
2005307
2006297
2006384
2024848
2028361
2034996
2035755
2044904
2049406
2050163
2056593
2057019
2058480
2068925
2069519
2070315
2079266
2086210
2087022
2095090
2105667
2107229
2107464
2109723
2112372
2116081
2123204
2123824
2124660
2125333
2128861
2131197
2131514
2132327
2134362
2139753
2140986
2144878
2145406
2145646
2148919
2152690
2154344
2154774
2162828
2164621
2171446
2174145
2182691
2185838
2188070
2189579
2190518
2191421
2191561
2192357
2197933
2199036
2204566
2207762
2208052
2209047
2209873
2210831
2210989
2216235
2216509
2219206
2220329
2220455
2220613
2224268
2225619
2229304
2233882
2245507
2247150
2255543
2256418
2258225
2260594
2263558
2271447
2275191
2275809
2284333
2287021
2291335
2293120
2297198
2301566
2305893
2306046
2308152
2309574
2313021
2314704
2323090
2323342
2324645
2325967
2327996
2337687
2340496
2350667
2355814
2360416
2360451
2361750
2363681
2366447
2369391
2369668
2370976
2373720
2377439
2378498
2383025
2388227
2389164
2390325
2402398
2406182
2409511
2423018
2423716
2426856
2427493
2427793
2430651
2430739
2431290
2441096
2442826
2443317
2444205
2448420
2449411
2449917
2458201
2458744
2458918
2460231
2461480
2473696
2477035
2479672
2480191
2482688
2483386
2483435
2483596
2485624
2486888
2487356
2489778
2491903
2493229
2497651
2503270
2507992
2511068
2511666
2512447
2517458
2522997
2528834
2530390
2530395
2530822
2531582
2531613
2532210
2546824
2547875
2549593
2552068
2553583
2554620
2558789
2558809
2558828
2560314
2561713
2574331
2575314
2576254
2576941
2586234
2593433
2595242
2604971
2608333
2610774
2614719
2617820
2620597
2627947
2628910
2632766
2632978
2634674
2636686
2639567
2644377
2646360
2650705
2652110
2658719
2671245
2680436
2680500
2681551
2682466
2683428
2685024
2685458
2685550
2687638
2694235
2694702
2698020
2698081
2700904
2704976
2705893
2708887
2713291
2713389
2716039
2722377
2722516
2723025
2726204
2729285
2740707
2746474
2750546
2753115
2755739
2756281
2758212
2758839
2759339
2761584
2762242
2769777
2773367
2776408
2777198
2778429
2780098
2783172
2785516
2785559
2788829
2792263
2800114
2801138
2802242
2807874
2809530
2809766
2813918
2820664
2820920
2821714
2822063
2824546
2830211
2830769
2831274
2831651
2831692
2849393
2854020
2857266
2857551
2857575
2865728
2866745
2867979
2869530
2873211
2876127
2878460
2880076
2880793
2888811
2890105
2891866
2893259
2897095
2898850
2900403
2901771
2904557
2907995
2908648
2911040
2914113
2915618
2915919
2916897
2916953
2917486
2917924
2919027
2922475
2923428
2937265
2951295
2954805
2958374
2960888
2961910
2962097
2964487
2965935
2965963
2966878
2968126
2970888
2971209
2975715
2977495
2980017
2980157
2980791
2984595
2989635
2991689
2992806
2998790
