Количество элементов - 500, алгоритм сортировки - MergeSort, случай - Ordinary, время работы - 0
7142
13510
22963
24093
25120
27932
37566
40452
46320
52189
52539
52717
73587
76196
90227
101880
102986
110306
110424
122152
124947
131579
132935
133849
147979
160850
165059
180251
183813
194563
201941
202026
208661
209073
227916
228284
229686
231473
232731
232940
236167
241312
245287
245992
249375
253248
256027
258904
261989
269131
276121
277191
284643
292106
293282
316698
325410
326590
333521
333605
336925
341015
355582
362814
366590
377664
377962
380950
411603
412407
430370
457025
459137
459178
460488
464632
465239
474697
475287
476610
477015
487213
488902
500416
500643
501648
506567
509548
529467
532149
532672
535751
549541
554308
555210
560387
564017
566192
569715
570950
583649
590023
590205
592234
602380
603477
621929
627939
635954
640556
642922
644529
657266
665740
667127
671778
671857
675808
684192
700448
711135
715062
716626
726182
736657
737952
751008
752005
755042
760675
763096
765912
772805
776638
778169
793322
800732
803624
805425
809524
812795
812907
819291
824323
825815
826433
830518
837833
846759
850187
850291
850674
852971
855966
861860
862342
863057
869722
871092
874065
880634
883150
894750
895160
907063
908817
914097
926031
932074
936896
941418
941552
953284
955403
966344
966637
967374
972918
975037
987740
995368
996295
999321
1007856
1011683
1012958
1029009
1038803
1053535
1069649
1070644
1078765
1090627
1095564
1099573
1103849
1121990
1122833
1131848
1144984
1152228
1153612
1156679
1157504
1163473
1170661
1171438
1174120
1179572
1185660
1187599
1191688
1197332
1197911
1209312
1218206
1218231
1224721
1242066
1248203
1251999
1252075
1257565
1258573
1262447
1269931
1269948
1270490
1282943
1300898
1318308
1321616
1323358
1327034
1329332
1338549
1339957
1340135
1342200
1360890
1372536
1375844
1376844
1378996
1395467
1406868
1426358
1434724
1437151
1441279
1443233
1445136
1452583
1456293
1456621
1464721
1481882
1490296
1490537
1492653
1495574
1505171
1505300
1507798
1521598
1525339
1528789
1529979
1535351
1556700
1570293
1576513
1578707
1580282
1592095
1602210
1616965
1624532
1626502
1628868
1630241
1655857
1664639
1668398
1669127
1669568
1673721
1678104
1679467
1703333
1706655
1719368
1728592
1740786
1741461
1741598
1745342
1755188
1755708
1764096
1779251
1787730
1790965
1794068
1803233
1814023
1814659
1818806
1822020
1829469
1834050
1834637
1837239
1847223
1853706
1856005
1856494
1862680
1878293
1879453
1882388
1887176
1895214
1912329
1924329
1935906
1949951
1956158
1959540
1970304
1973797
1976792
1996967
2011329
2014207
2026882
2028713
2034347
2037058
2038521
2042308
2060186
2061130
2064798
2072291
2084310
2093470
2094443
2095950
2107019
2112082
2112531
2139872
2141583
2147306
2148223
2149638
2151185
2151189
2154212
2162296
2163290
2168934
2172316
2175058
2181109
2214502
2223225
2226032
2230740
2234456
2238781
2238793
2252641
2254924
2262389
2275190
2277032
2279894
2285442
2305923
2306979
2311177
2328066
2334936
2337569
2338189
2343219
2343807
2348421
2350244
2351185
2352116
2356729
2358871
2368999
2370388
2374799
2381170
2381545
2384132
2392970
2414164
2418901
2423560
2434673
2446754
2453997
2454135
2466435
2489072
2491752
2492606
2494213
2495705
2496196
2503790
2507913
2515985
2518383
2523686
2523846
2528892
2533271
2534298
2553622
2555866
2560678
2564346
2569378
2572651
2575810
2577399
2586554
2609956
2622832
2627085
2629106
2634364
2641093
2652380
2653421
2655512
2660637
2662713
2666818
2675475
2678136
2696606
2698739
2701602
2703404
2704919
2706400
2708362
2721567
2721726
2728801
2734260
2743589
2751800
2761444
2769838
2774614
2781210
2788918
2798120
2802494
2805051
2813654
2813660
2817163
2818934
2829445
2831409
2847009
2849661
2854491
2858156
2865348
2865742
2866251
2870115
2888779
2896471
2901351
2901693
2904679
2911811
2923460
2923990
2925382
2925916
2933114
2958488
2966060
2973010
2973048
2974105
2991184
