Количество элементов - 1000, алгоритм сортировки - MergeSort, случай - Ordinary, время работы - 0
4044
7972
15697
16812
17287
23616
25743
27019
30463
34466
37588
41046
45939
48256
51058
53754
57462
57484
57573
61619
63949
67354
68485
76201
77359
77813
79473
81784
82625
85198
86713
88627
91448
92797
95504
95672
96345
99552
101598
102206
102313
102372
106569
106612
107959
108517
121454
123935
133157
134660
135362
136733
137946
156935
158356
161224
162701
163553
166102
166129
167275
173215
173294
174071
175283
176868
178110
180132
180282
187857
193948
200045
200055
203108
206174
209901
210681
217813
219327
219506
229678
229975
230826
238664
240294
244231
245283
247017
251977
257073
258932
259164
259492
266072
267034
276932
277220
277481
281385
286675
292465
292497
293083
294988
299948
301233
302910
304926
305879
312995
313533
313619
314289
314992
316330
317150
319834
322804
323119
333651
333909
334349
336722
338067
339002
343630
344847
345086
348224
354064
359205
362311
362577
363652
364900
380386
382187
383621
393856
394591
396953
401241
407615
416477
416815
416900
417176
434484
439036
440410
443124
449541
450366
451678
452600
452622
452916
455655
456644
461567
469040
469421
469531
475624
479662
485677
487023
487760
490321
491189
491631
493161
515503
528922
529202
529840
531613
533928
536232
538682
545223
546053
546905
548038
548410
549205
559107
560928
561468
562378
562958
574370
574886
579172
579315
582505
590894
602814
604366
605461
607654
608165
611288
614789
619167
619878
620651
623112
625506
629120
630761
634905
635691
636260
637068
638525
644742
645397
646118
647202
647758
649426
650855
650891
651222
652377
655423
658522
660976
661837
662460
665405
669587
671652
678012
680472
683649
685144
687813
690472
693742
698657
702922
708528
712824
720057
721826
724086
726585
726897
727458
730142
735108
737583
739497
739849
742163
742807
746454
748030
749326
749762
751149
752916
753767
754247
756393
757217
758303
760021
763991
766933
774486
780346
784779
787522
791816
792423
800291
801958
806653
806836
806851
811084
817289
818171
819880
823350
823845
824638
831316
831444
833410
834344
836470
838073
838706
841965
843732
844319
849108
850980
851608
853581
854054
859134
862825
865235
865369
865925
868540
877995
883768
885490
887341
887858
888122
888486
891530
896551
900858
901701
904567
905426
907342
907426
908414
911986
916658
919068
919400
925564
926983
927455
930969
931018
931027
931144
932943
937208
937784
938395
939688
942390
944010
944694
944741
944797
948337
948702
952073
965017
966502
971472
972922
976749
980130
986368
988949
991132
991155
994458
996884
997524
998223
1001239
1002287
1002295
1002365
1007164
1009024
1012003
1017135
1017345
1021584
1022141
1025052
1027185
1030497
1030544
1034858
1035459
1041303
1041635
1048997
1053608
1053618
1057158
1058470
1059162
1059728
1061572
1061889
1063412
1066518
1076429
1083157
1085418
1089704
1098458
1106895
1109828
1111265
1113518
1115913
1116798
1119221
1121609
1123307
1125785
1125850
1126287
1127194
1128713
1131020
1131232
1135341
1141541
1148622
1158175
1159432
1168407
1174143
1178560
1180185
1188218
1188489
1198109
1204019
1206199
1209239
1212355
1214367
1214684
1216976
1221915
1223388
1225435
1225442
1226908
1228540
1231129
1240511
1241420
1246840
1246928
1247995
1248884
1249168
1249346
1250621
1254970
1256723
1258100
1259782
1265836
1266780
1268033
1268113
1275280
1276457
1282312
1286316
1287656
1288417
1295286
1296569
1299306
1302658
1302846
1302923
1307168
1308405
1310588
1311923
1314348
1315205
1316025
1326218
1332547
1335815
1339183
1344336
1344826
1345859
1349050
1351035
1351418
1360406
1363120
1363683
1369112
1369446
1381448
1381520
1383304
1383690
1384395
1385564
1385764
1387270
1387691
1390139
1391906
1394310
1395785
1404817
1405884
1409379
1411071
1411308
1411476
1414098
1414339
1416496
1416554
1416732
1420054
1422093
1433808
1434164
1434521
1435015
1436422
1436505
1436946
1440122
1448344
1449893
1454626
1454839
1458176
1463118
1470429
1473895
1477072
1479698
1481694
1482859
1484574
1484816
1485644
1488082
1492438
1493170
1493493
1493946
1499281
1501341
1507494
1513523
1518638
1534021
1535860
1540001
1541074
1542185
1542497
1542669
1545087
1546713
1551223
1554888
1557066
1558314
1567039
1569966
1570327
1572806
1574911
1589032
1589453
1594365
1596545
1599868
1605504
1622416
1628595
1630222
1630345
1631883
1632781
1637939
1638053
1639530
1640412
1653761
1659540
1660402
1662286
1664957
1670574
1671474
1671870
1679995
1684358
1685605
1686932
1688399
1689548
1689658
1692195
1692576
1694717
1699054
1702476
1703524
1710017
1710273
1711975
1713945
1715480
1716924
1722487
1729496
1733790
1735517
1741355
1748579
1752734
1760706
1761693
1769725
1771427
1772129
1776171
1776200
1782537
1783412
1789887
1790251
1793954
1796098
1799361
1802704
1811165
1816236
1829201
1833801
1835299
1839548
1840535
1842373
1847131
1847461
1855645
1858163
1867361
1867933
1871867
1877637
1883106
1891794
1893242
1900569
1905226
1915261
1919031
1920530
1923445
1929756
1942709
1943956
1943963
1946557
1946876
1950628
1951392
1952342
1953933
1960315
1973181
1975812
1977735
1980457
1980622
1981635
1993595
1995346
1995677
2001362
2001966
2002399
2003358
2005335
2007187
2010140
2010480
2010752
2011265
2019232
2019663
2022293
2031507
2032699
2038446
2043514
2049416
2052963
2053271
2054043
2055208
2058793
2060904
2061582
2064713
2065501
2066484
2066835
2069830
2078305
2078513
2081319
2086642
2086868
2088417
2095186
2095248
2096981
2099558
2100684
2101266
2102596
2103532
2104295
2104536
2106033
2114585
2117058
2125002
2125162
2129320
2131708
2133714
2148442
2153997
2154908
2156347
2159567
2159977
2161600
2161848
2164585
2166264
2166651
2168768
2179665
2182586
2182735
2183062
2187531
2188999
2191382
2191737
2193365
2194786
2194914
2196357
2196952
2199359
2202340
2208120
2212227
2212522
2213559
2216723
2218436
2221161
2231991
2233416
2236368
2236526
2238865
2239378
2241764
2242577
2243480
2247239
2254143
2254895
2257461
2259117
2266371
2281776
2283396
2284297
2292913
2295059
2295219
2295514
2296460
2302857
2307526
2309852
2311387
2318647
2320509
2324627
2328052
2333113
2335156
2336121
2337014
2342391
2348940
2351980
2355970
2356144
2356436
2358079
2363544
2365616
2366881
2372231
2376183
2379685
2382518
2385485
2393696
2394436
2394552
2396667
2401568
2406107
2407207
2407266
2407905
2411412
2413378
2414635
2420245
2421013
2421937
2423531
2426300
2431347
2434285
2439240
2440003
2443796
2444901
2446874
2447298
2452792
2455614
2458996
2459049
2459989
2466599
2468542
2471403
2472560
2472826
2488526
2488863
2492093
2493012
2495208
2499288
2499521
2505210
2505880
2506046
2508612
2509621
2514204
2514792
2515936
2518251
2528909
2529079
2533732
2534172
2536308
2542889
2544281
2547673
2548133
2550226
2550919
2552969
2556983
2574204
2576792
2579140
2580217
2581110
2581870
2585421
2586070
2587856
2588277
2599886
2601608
2602572
2607516
2608252
2611872
2612207
2613980
2615699
2616632
2619008
2621240
2621567
2622690
2627831
2628705
2629903
2640300
2640684
2647686
2649502
2652958
2655342
2658410
2673220
2677787
2681274
2681947
2684318
2687813
2691176
2691834
2694038
2695075
2695611
2703590
2704793
2706551
2707180
2708659
2720052
2723764
2725011
2726347
2728345
2729574
2729793
2747192
2752364
2752504
2754089
2761476
2763590
2768808
2769094
2776593
2787099
2791506
2797205
2801786
2801957
2808827
2821987
2822855
2829307
2830443
2831027
2831643
2838343
2842602
2845847
2848770
2850556
2859195
2860506
2862456
2883805
2888852
2892564
2895739
2903478
2911214
2912995
2917938
2922848
2923306
2924490
2930814
2939307
2940899
2945875
2947768
2949062
2949193
2949229
2951832
2959614
2960699
2963671
2968112
2971477
2975304
2985770
2990595
2991828
2992759
2998827
2999668
