Количество элементов - 100, алгоритм сортировки - MergeSort, случай - Ordinary, время работы - 0
29532
37205
134640
149025
194715
197230
243620
281415
295305
340583
342392
366528
369651
382889
391039
398277
413000
462837
524184
532918
564366
586586
614695
636346
637633
642282
660819
672596
680263
682976
736804
766808
768366
813948
824217
835442
838010
847109
912879
930895
964014
971964
985754
991130
1027306
1102210
1119522
1165463
1247210
1251010
1327603
1388645
1398427
1419780
1427627
1429185
1432184
1450138
1451170
1520767
1678729
1740784
1798803
1807746
1820375
1821421
1821907
1830003
1838059
1856324
1899244
1925026
1957624
2068531
2073623
2074819
2087255
2131879
2158721
2247598
2288148
2290284
2331094
2347426
2360627
2397835
2450618
2493473
2525250
2552219
2562004
2610198
2690704
2716248
2724753
2747798
2796910
2834116
2878797
2910781
