Количество элементов - 5000, алгоритм сортировки - MergeSort, случай - Ordinary, время работы - 1
131
139
1931
3067
5457
5485
6069
6222
7777
8351
8859
9667
10915
11321
11835
12597
14983
15119
15359
15739
18208
19660
20492
20861
22157
22885
22919
23260
23375
23733
26119
27008
27547
27714
29726
29985
30550
31190
32921
33148
33222
33333
33560
33825
35152
35808
36638
37103
38434
39022
39856
40135
40164
40292
40755
40912
41530
42269
42321
42337
42951
44253
44655
46152
46347
46595
47161
47169
47440
49138
49237
50041
50400
50792
50972
51300
51443
51701
51744
54181
54255
54484
55533
56404
57110
57295
57899
58716
58853
59026
59113
59558
61104
61232
62072
63210
63503
63645
63669
63765
64919
65486
65524
66516
66601
69377
70363
72296
72358
72868
74095
75196
75674
75930
77014
77056
77350
78663
79345
80517
81324
81334
81916
81934
81984
83442
84367
84579
85323
86217
86430
86811
86821
87420
87682
87757
87778
87990
88234
89513
89971
90181
91853
92124
92136
92673
92742
92902
94128
94417
94460
94509
95787
96215
96534
96581
97957
98342
98431
98971
99041
100220
100730
100774
102326
102451
102895
103063
103730
103733
105772
107149
108776
108815
109294
109751
111446
111803
113226
113329
113431
114413
115468
115771
116826
117017
117394
117946
118702
118766
118856
119899
120860
121338
121390
121421
122885
123273
124356
124380
124568
124733
125062
125420
125547
126868
127111
127161
129469
130162
130520
130753
131719
131795
131803
132297
133418
134120
134185
134483
134705
134792
134826
135495
135909
136756
137076
137131
137197
138172
138982
139068
141862
142198
142806
144504
144569
144736
145606
145854
145997
147354
149098
149101
149605
150258
151364
152482
152772
153176
154490
154953
155535
156035
156690
157700
158021
158799
159339
160840
160891
164082
164238
164578
165107
165266
165270
166472
167541
168673
170650
170651
171894
172384
172479
172862
173867
174579
176160
176385
176859
177790
177823
179712
180717
180744
181613
182363
183421
184489
186105
186438
186474
187281
187966
188311
188611
190212
190311
190502
191143
191228
191859
192913
193256
193276
193585
194068
195203
195364
195855
195913
195970
196331
196536
197010
197010
197543
197777
197835
198500
200357
200560
200754
201532
201709
201903
202797
202942
203204
203212
203445
204112
204290
206129
206384
207560
207854
207978
208237
208287
210232
210801
211272
211349
212993
214051
214259
214404
214449
214915
215065
215243
215614
215617
216195
217629
217869
217950
218759
219100
219858
220802
220898
221904
223077
223162
223227
223874
223927
224348
224720
225592
226401
227144
227935
229473
229593
229868
229874
229977
230017
230342
230743
230792
230978
231184
232193
232305
233319
233413
233974
234774
234811
234849
235143
235202
236691
237232
238117
238900
239469
239809
239910
240122
240584
241120
241774
242258
242876
243163
244170
244904
245419
246195
246263
246274
247174
247680
248608
248712
249143
250037
250124
250642
250903
251793
251852
252205
252671
255048
255739
256932
257576
259078
259423
259507
259787
259911
260127
261545
263447
263524
264267
264639
265313
265395
266611
266703
267284
267865
268330
269227
269498
270050
270628
271379
273297
274363
274771
274814
275488
275684
277368
277488
278480
278881
279381
279585
280251
280505
280773
281415
282008
282372
282497
283231
283363
283532
284553
284556
285498
286391
288258
289881
289926
290205
290245
290292
290768
291277
291467
292126
292286
293971
294178
294370
295214
295455
295806
295816
295905
296264
296379
296508
296777
296862
296907
297828
298778
299171
299696
300220
300255
300445
300725
300812
300849
301256
301370
301604
301637
301789
302433
302952
303086
303238
304889
305061
305245
305401
305896
305992
306182
306562
306773
307288
307513
307898
308674
309474
309819
311511
311803
311854
313051
313286
314046
314388
314793
314904
315304
315351
315860
315959
316175
317057
318313
318733
318985
319271
319798
320042
320046
320621
321406
322300
322332
322465
322707
323024
323709
324425
324522
325481
325768
326156
326282
327267
328035
328280
328738
331494
331545
331781
331882
332015
332277
332569
332692
333514
333744
334679
334958
335052
336091
336287
337542
337567
337627
337698
337778
338139
340101
340396
340447
340662
342305
343888
346183
346379
346792
346988
347040
347866
347882
348347
348564
348807
349054
349346
349403
350475
350692
350714
351498
351982
352999
353346
353866
353871
353884
353907
354070
354344
354652
355405
355859
356014
356411
357504
358265
358295
359050
359859
360419
360864
360878
360947
361845
361876
362346
363379
363523
363723
364288
364603
365928
366204
366734
368082
368971
369761
371099
371499
371594
372383
373181
373746
374139
374646
375587
376081
376370
376637
378012
378874
379590
380265
380877
381333
383237
383548
384265
384307
385096
385592
386233
386840
387171
388423
388705
389720
389916
389966
391304
391475
391908
392297
392472
393704
393752
393781
394156
394816
394874
395357
395445
395495
395912
396248
396306
396487
396516
397010
397905
399573
399613
399719
400645
400783
400814
402330
402515
403707
403850
404727
404749
405222
405954
406000
408764
409285
409540
410884
411574
413725
413986
414484
414637
414878
415690
415773
416674
418194
419407
419686
419690
419818
420579
420706
420798
420823
421510
423460
423652
423992
424081
424112
424345
425047
426415
426581
426884
427573
427804
427828
427982
428631
430543
430876
433023
433319
434253
434596
435128
435355
435967
436400
436405
436432
437012
437059
437473
438163
439433
439607
439881
441109
441354
441687
441893
443377
444283
445879
445950
446578
446644
446821
446837
446880
448263
449334
449342
449597
451932
452038
452433
453099
453654
453745
454140
454646
455632
456331
456914
457152
458197
458562
459241
460411
460655
462452
464050
464330
465638
466425
467624
468098
468702
469426
470102
471788
471987
472727
473347
473430
473796
474987
475069
476139
476141
477099
477410
477535
477988
478781
480283
480375
480419
480712
480839
480981
482136
483078
483314
484031
484274
484403
485037
485837
485870
486556
487964
488095
489799
490341
490919
492282
494302
494589
495652
495740
496020
496480
496861
497118
497188
498050
498098
498787
499686
501949
501995
502616
503042
503799
503925
504239
504386
504609
506184
506396
506492
506758
508103
508745
509178
510226
510655
511309
511834
512311
512768
513516
513760
513897
515245
516250
516307
516854
517009
517379
518169
518403
518485
519704
520984
521081
522264
522804
522818
524808
525049
525114
525252
525560
525606
525659
525788
526141
526539
527661
529352
529531
529751
530152
530707
530721
531614
531914
532224
532598
533744
533864
535320
536177
536649
538276
538411
538558
538878
538947
539888
539953
540424
542290
542637
543008
544380
545332
546017
546228
546930
549474
549998
550063
551459
551751
552667
553235
553515
553515
554329
554538
555968
556375
556973
557218
557380
559309
561205
562989
563300
563706
564043
564670
565088
565953
566414
567056
567084
567438
567996
568126
568131
568577
569644
570054
570323
570726
571230
571435
572292
572700
573291
574058
576817
577233
577817
577950
578124
578186
578510
579010
579511
579745
580084
580291
580964
582044
582790
584314
584684
584961
585943
585977
586758
588670
589126
589399
591088
591697
591758
593622
594359
594428
596595
596692
596932
596941
596991
597044
597099
597138
597965
598090
598385
598677
598942
599845
600047
602232
602649
604514
604604
605424
605431
606312
606803
606950
608086
608575
609177
609561
609922
610273
610552
611327
611880
612161
612195
613859
614649
614800
615272
615349
615362
616556
617362
617800
618313
618385
619997
621623
621825
622220
626327
626485
627527
627835
627842
628518
630029
630394
630401
630783
630790
630847
630918
631146
631759
633199
633493
634611
634857
635144
636974
637703
637969
637978
638630
638649
639198
639544
640424
641006
641319
641891
642157
643982
644444
644595
644775
646398
646415
647182
647367
647912
648131
648399
648588
650203
650240
650659
651043
651571
651618
652096
653749
653911
654050
654574
655548
656293
656973
659190
660239
661117
661567
661727
662348
663790
663921
667034
667035
667313
667475
667745
668714
669707
670262
670417
670596
670684
671312
671380
672127
674184
674919
675596
676972
678338
679077
679193
679465
679491
679715
680359
680579
681383
683079
683902
684122
686227
687407
688544
689716
689733
690272
690330
690912
691155
691528
692621
692703
692750
693093
694041
694493
695078
695357
695594
696772
697055
697316
698072
698678
699015
700868
701870
702282
702605
703528
703843
704370
706200
706603
706973
707176
707954
707976
708087
708376
708576
712111
712703
713321
714098
714584
715170
716337
718831
719389
719595
719656
720064
721795
721864
722223
723221
724474
724939
726147
726886
727635
728013
728295
729083
729237
731131
731722
733707
734953
735087
735146
736231
736322
736932
736977
737157
737179
737515
737583
738123
738893
738962
739307
740444
741704
742599
742905
742962
743573
744274
746401
746537
747334
747942
749137
749327
749356
749560
750307
750461
751463
751951
753084
753464
753558
753795
754169
754780
754944
755138
755373
756029
756994
757794
758129
760169
760466
760816
761346
762140
763300
766062
766191
766198
769317
769869
770091
770231
770266
770424
771341
772000
772114
772327
772641
773916
774954
776120
777069
777595
777902
779021
779444
779594
780281
780545
780765
782019
782236
782372
782563
782971
783634
783806
783903
784073
784266
785097
785478
785510
785625
785799
785990
786120
786707
788054
788087
788369
788814
788997
789514
789920
791391
791714
793444
794391
794871
795089
795555
795627
795691
795932
796740
796932
797449
798685
798861
799182
799371
799458
800278
802148
803038
803396
804540
805570
805853
806277
806652
807489
807866
808264
808685
808711
811315
811470
811571
812634
812815
813352
813580
814287
814319
814578
814638
815511
815929
816030
816439
817199
818596
819376
819995
820642
820665
820732
821822
822298
822847
822899
823189
823277
823556
824082
824459
825007
826253
826628
827125
827126
829018
830209
830699
831408
831949
832207
832298
833532
833674
834403
834689
835373
835479
835527
835746
836167
836262
836919
836980
837071
838712
838872
840163
840755
841230
841749
841817
841843
842332
843655
845514
846450
846577
846896
847678
849645
849858
850766
851362
853633
853639
855104
855471
856064
856553
856639
856689
857283
859246
860080
860629
861463
861704
861962
863344
863394
864429
864733
866496
866557
867572
867924
869069
869785
870615
870629
871482
871836
871911
872162
872968
873261
875196
875756
875794
876714
876788
876943
877021
877318
879023
880869
881268
882243
882487
883474
883796
884290
884562
885816
886206
886743
888955
889332
890917
891160
893139
893432
894447
894593
895180
895645
895811
896336
896628
896687
897345
898162
898204
898996
899882
900135
900552
900604
900894
900944
901201
903202
903870
904015
904361
904601
904815
905560
906489
906857
906928
907635
907785
907801
909302
909324
909687
909725
909939
912770
913901
914043
914551
914589
915233
916128
916166
916458
917312
918520
918732
921019
921803
923157
925014
925642
926611
926678
926694
926754
927083
927575
927896
927993
928073
928718
929895
930077
932422
932761
933023
933606
934000
934767
934898
935246
935303
936223
936245
936785
938006
939023
939522
940603
941635
941849
942183
942576
943556
944069
945302
945394
945431
945439
946093
946373
946462
946641
949766
950338
950491
950517
951892
952575
952592
952874
953047
953089
953450
954549
955001
955499
956086
956449
957247
957877
958487
958529
958761
958816
959568
959797
960053
963186
963211
963330
964329
964674
965122
965555
966602
966655
968485
969115
969354
970321
970416
970614
973123
976661
979238
979436
980090
981261
981323
982605
982669
982875
982887
983368
983440
983473
984295
984450
984561
984708
984845
987403
988024
990343
990436
990649
991180
992635
993545
993871
995735
997071
998061
998527
999010
999250
999301
1000569
1001866
1003774
1003775
1003871
1004683
1004809
1004840
1005164
1006327
1006788
1007022
1007336
1007453
1007532
1009006
1009357
1009524
1010153
1012496
1013086
1013468
1015078
1015085
1015154
1015719
1016365
1019440
1020435
1020684
1020789
1021882
1023313
1024101
1024594
1025554
1026087
1026140
1026822
1026864
1028203
1028424
1030710
1032193
1032782
1035525
1037547
1038003
1038209
1038632
1039411
1040069
1040185
1040304
1040715
1042512
1043069
1045149
1045590
1045750
1046282
1046313
1047135
1047254
1047357
1047739
1047890
1048192
1049404
1049912
1050510
1050717
1050727
1050939
1051397
1051812
1052176
1052326
1052356
1052837
1054409
1056195
1056896
1058347
1058432
1059386
1059417
1060058
1060143
1060436
1060583
1061586
1061763
1062791
1063499
1063814
1065246
1065842
1065863
1066974
1067072
1067207
1067438
1067980
1068991
1069616
1069816
1069834
1069979
1070117
1070132
1070547
1070574
1070991
1071059
1071066
1072191
1072225
1072601
1073490
1074258
1075457
1076011
1076079
1076794
1076844
1077983
1078641
1079464
1081057
1081509
1082465
1082651
1082759
1083174
1083195
1084647
1084879
1086611
1087022
1088032
1088243
1088869
1089152
1089642
1089722
1093690
1094133
1095244
1095257
1095311
1096097
1096459
1096559
1097011
1097727
1097866
1098000
1098016
1098594
1098815
1098850
1099742
1101440
1101928
1103168
1103303
1103611
1103789
1104689
1106189
1107309
1107904
1107938
1111337
1111498
1112012
1113347
1115750
1116655
1117385
1117979
1119837
1120481
1121153
1122246
1122552
1122691
1125650
1125669
1127064
1127110
1127939
1128865
1129259
1129497
1129686
1129689
1130392
1130725
1131051
1131563
1131617
1131798
1132262
1134264
1135613
1135767
1136193
1136575
1136892
1137729
1137954
1138200
1138735
1138925
1140293
1140777
1141013
1142218
1142306
1144643
1145787
1145847
1147175
1147626
1147930
1149508
1150636
1150948
1151123
1151214
1151468
1152759
1152856
1152932
1153652
1154425
1154884
1155474
1155551
1155625
1156040
1156056
1157209
1157322
1158318
1158703
1160219
1160230
1161009
1161951
1162292
1162313
1162335
1163361
1164309
1164782
1165281
1167660
1168048
1168437
1168588
1169266
1169994
1171052
1171081
1171538
1171736
1171878
1172339
1172713
1173234
1173417
1173425
1174584
1175150
1175351
1175629
1176209
1176391
1177179
1177769
1178089
1178276
1179107
1181972
1183198
1183503
1183758
1183824
1184317
1184948
1185624
1185778
1185802
1186665
1187756
1189272
1189377
1189864
1190373
1191889
1192943
1193284
1193599
1194035
1194088
1194268
1194342
1194671
1195668
1196051
1196550
1197426
1198061
1198173
1198844
1199108
1199299
1199587
1200495
1200871
1201486
1201703
1202286
1202474
1205938
1206861
1207435
1207505
1207902
1208500
1208591
1208646
1209050
1209211
1209720
1209918
1210118
1211040
1211305
1211330
1212647
1212697
1212946
1214121
1214500
1214734
1214941
1216194
1216618
1216955
1218363
1219657
1219907
1221715
1221788
1222737
1223507
1223526
1224065
1224257
1224647
1224929
1225752
1227361
1227647
1227832
1228309
1229247
1230355
1230598
1231014
1232276
1232519
1232555
1233183
1233394
1233404
1233949
1234394
1234870
1234932
1235325
1236369
1237226
1237911
1238364
1238416
1239079
1239199
1239663
1240772
1241702
1242124
1242549
1243638
1243690
1244883
1245499
1246333
1247604
1247900
1248324
1248620
1249945
1249986
1251551
1252024
1253169
1253277
1253708
1253793
1254872
1254896
1255312
1255351
1255950
1256798
1257403
1257474
1257853
1259497
1260214
1260573
1261097
1262329
1262556
1264194
1264427
1264895
1264958
1264971
1265710
1265889
1266409
1267115
1267181
1267315
1267369
1267961
1268435
1268723
1268797
1269064
1270061
1270812
1272608
1272904
1273172
1273469
1273938
1274041
1275062
1275156
1275841
1275897
1276585
1277934
1278829
1279243
1279560
1279645
1279967
1280596
1281215
1281564
1281925
1283276
1283382
1283475
1285145
1285519
1285998
1287511
1287749
1287832
1288598
1288684
1289464
1289989
1290203
1290307
1290464
1291468
1292137
1292654
1292974
1293833
1295030
1296350
1296394
1297082
1297728
1298208
1298428
1299575
1299675
1300493
1300582
1300850
1300997
1302300
1302301
1302366
1302475
1302751
1303096
1303318
1303683
1305665
1308034
1308363
1308518
1310127
1311837
1312846
1313068
1313135
1314158
1314520
1314916
1316061
1316257
1316335
1316461
1317195
1317863
1318597
1319196
1320564
1321078
1322093
1322268
1323054
1323413
1325595
1326018
1326710
1327269
1327801
1328098
1328606
1328865
1328942
1329323
1330552
1331046
1331737
1331739
1331857
1332047
1332978
1333757
1333805
1334350
1334430
1334608
1334722
1334964
1335172
1335317
1335739
1336959
1337908
1338119
1338322
1339286
1340300
1340423
1340990
1341145
1342203
1342495
1342874
1343902
1345151
1345714
1346089
1348108
1350126
1350284
1350342
1350845
1351105
1351373
1352556
1353069
1353252
1353987
1354457
1354534
1355971
1356474
1357394
1357632
1358304
1358905
1359196
1359365
1359904
1360744
1361156
1362476
1362877
1363787
1364535
1364554
1364695
1364981
1365247
1366253
1366354
1366764
1366878
1367364
1367582
1367874
1368259
1370738
1371130
1371522
1372202
1374579
1375161
1375183
1375334
1376933
1377313
1377500
1377537
1377845
1378015
1378382
1378961
1378968
1380056
1380210
1380789
1383194
1383467
1384074
1384932
1384973
1385708
1385811
1385858
1387544
1387812
1388555
1389568
1390164
1390333
1390388
1391590
1391931
1392876
1392997
1393240
1393997
1394477
1394528
1396422
1397426
1397715
1399643
1400179
1400643
1401884
1402387
1404262
1409511
1409639
1409997
1411426
1412318
1412809
1413501
1415270
1415582
1416039
1416219
1417101
1418361
1418463
1418628
1420035
1420125
1420946
1421155
1421782
1422604
1423919
1423991
1425184
1425726
1425854
1425861
1426320
1426738
1427303
1427463
1427863
1428236
1428862
1429238
1429542
1432988
1434280
1434530
1435199
1436495
1438019
1439202
1440234
1440524
1440915
1441264
1442071
1442888
1445345
1446208
1446272
1446551
1446785
1447025
1447102
1448374
1449130
1449933
1450287
1450850
1451032
1452026
1452275
1454190
1454522
1455223
1456442
1457021
1457289
1458099
1458894
1459170
1459704
1460088
1460100
1460186
1460257
1460692
1460874
1461737
1461924
1461983
1462329
1463531
1463695
1463736
1463744
1465434
1466290
1467680
1468919
1468997
1472213
1472354
1472417
1472602
1472977
1473001
1473091
1473230
1474203
1474522
1475453
1475796
1476075
1476318
1477435
1477789
1478037
1478492
1478819
1479352
1480102
1480286
1480730
1481059
1481112
1481504
1482774
1483402
1484260
1484359
1484706
1485616
1485644
1486525
1486762
1487139
1487383
1488759
1488836
1489074
1489568
1489640
1492253
1492394
1492510
1492878
1493361
1493507
1493557
1495460
1495701
1496080
1496252
1496445
1496770
1496778
1497186
1497810
1498053
1498563
1498678
1499846
1501086
1501565
1502060
1502666
1503054
1503055
1503165
1504740
1508197
1510551
1510630
1511004
1511240
1511377
1511960
1512804
1513420
1518565
1519686
1519782
1520343
1522256
1524476
1525135
1525796
1525908
1526602
1528140
1528347
1528927
1530413
1530630
1531250
1531458
1531562
1531593
1531702
1533857
1533880
1534305
1535353
1538143
1538621
1538885
1539021
1540780
1541210
1542204
1544691
1544947
1546048
1547501
1548020
1548807
1550325
1550574
1551318
1551602
1552509
1552849
1553117
1554008
1556472
1556549
1556808
1556948
1557883
1557920
1558068
1558290
1558335
1559912
1560012
1561748
1561937
1562349
1562769
1563874
1564053
1565642
1566610
1567450
1568759
1569452
1569670
1569738
1569776
1570303
1570308
1572308
1572449
1573753
1573786
1574183
1576387
1576427
1576779
1577280
1577349
1578054
1578813
1580462
1581439
1581812
1582000
1582179
1582366
1582499
1582515
1582776
1583240
1583667
1585436
1586021
1586209
1587685
1587706
1589015
1589975
1590879
1590904
1594465
1595579
1596364
1596496
1596652
1596718
1596824
1597332
1599514
1599607
1599980
1600146
1602132
1602167
1602293
1602307
1602681
1603527
1604207
1604732
1606885
1607400
1607478
1608466
1608750
1608855
1610063
1610472
1611321
1612329
1612370
1612389
1612685
1612728
1614299
1615031
1615100
1616539
1617912
1617951
1618271
1619055
1619346
1619578
1620128
1620558
1620980
1621447
1621471
1622496
1622802
1623109
1623387
1624263
1624316
1624463
1624937
1625603
1625769
1626350
1628279
1628651
1628719
1630330
1630566
1631717
1632416
1632882
1633043
1633359
1633516
1633838
1634188
1634520
1635027
1635057
1636120
1637733
1638007
1638395
1638403
1638917
1638929
1639456
1639894
1640372
1641093
1643802
1643970
1644107
1644203
1645021
1645065
1646467
1646530
1647693
1647717
1648533
1649438
1649956
1650457
1651994
1652010
1652271
1652319
1652422
1653285
1653698
1654709
1654764
1654824
1655373
1655739
1656932
1657683
1657768
1658326
1659046
1659634
1659767
1660056
1660547
1660548
1661284
1661483
1662224
1662492
1663141
1664609
1664874
1665185
1666230
1666350
1666632
1667353
1668569
1668672
1669349
1669608
1671149
1673363
1673661
1674488
1676232
1676953
1677369
1680545
1681739
1682379
1682464
1683491
1683761
1683915
1684037
1684179
1684399
1685070
1685130
1685712
1686925
1687360
1687905
1688024
1688654
1689242
1689286
1689705
1690084
1690681
1691653
1691660
1692849
1693717
1694201
1694316
1694618
1694914
1696523
1696687
1696996
1697226
1698214
1698940
1699695
1700586
1700781
1700925
1701016
1701694
1704638
1705452
1706077
1706242
1706347
1706392
1706804
1707516
1707995
1708043
1708287
1708470
1709597
1710001
1710342
1711186
1711285
1711446
1712279
1713521
1714619
1714991
1715048
1715654
1719441
1719559
1720099
1721403
1722632
1722965
1723641
1723672
1723724
1724579
1724803
1725304
1725944
1726001
1727217
1727708
1728191
1728272
1728702
1729033
1729655
1732394
1732856
1733093
1733420
1733707
1734011
1734294
1734863
1735187
1735811
1736270
1736540
1736680
1737212
1737420
1737871
1737877
1738196
1739099
1739132
1739426
1739670
1739826
1740688
1740691
1741123
1742333
1742626
1743652
1743719
1746317
1746456
1746616
1748083
1749209
1749751
1750423
1751400
1751790
1751982
1753896
1754254
1754287
1754460
1754666
1755824
1757304
1757562
1758315
1758398
1758784
1758938
1759054
1759662
1760724
1761104
1761623
1762040
1762108
1763015
1764201
1764213
1764442
1766068
1766228
1766485
1766601
1767675
1768530
1770204
1771964
1773565
1773583
1773757
1773823
1774887
1775104
1776090
1776293
1776383
1777144
1777299
1778748
1779712
1779870
1779875
1781173
1781370
1782982
1785213
1785818
1786433
1788431
1789230
1789569
1790324
1794504
1795007
1795234
1795567
1796241
1796524
1796703
1796744
1799603
1801058
1801399
1802711
1804216
1804716
1804843
1804895
1806778
1806819
1807239
1807528
1808296
1808310
1809390
1809828
1810142
1810806
1811080
1811534
1812584
1813204
1813453
1813807
1814334
1815489
1815736
1816186
1817071
1817816
1817957
1818191
1818645
1819051
1822189
1823081
1823752
1824663
1824910
1826127
1826897
1826993
1828868
1828976
1829353
1830324
1830784
1832027
1832336
1832659
1832896
1833228
1833385
1833810
1834621
1834810
1834998
1835001
1835046
1835500
1835570
1836671
1836703
1837310
1837892
1838509
1839308
1839411
1839511
1839981
1841371
1842879
1843979
1845321
1845661
1846628
1846879
1847142
1848854
1849293
1849675
1850604
1851568
1851698
1852381
1853655
1853663
1854919
1855357
1855997
1856834
1857160
1857354
1858734
1859122
1859274
1859663
1859826
1859900
1861001
1861127
1861833
1861999
1862246
1862611
1862648
1862846
1862874
1866069
1867917
1869636
1870209
1870579
1870783
1871427
1871448
1871759
1872086
1872678
1873277
1873721
1873857
1873931
1875660
1878073
1878399
1878553
1879231
1879948
1880408
1880968
1881118
1881355
1881535
1881666
1882232
1883012
1883134
1883927
1884163
1884265
1884956
1884981
1885528
1885590
1885745
1885759
1886910
1888319
1890563
1890652
1891064
1891139
1891701
1892119
1893493
1894252
1894891
1895239
1895444
1895754
1897279
1897397
1897421
1897469
1897479
1898397
1898894
1899189
1901888
1903358
1903883
1904125
1904617
1906512
1906995
1907435
1909804
1910172
1912789
1913104
1913771
1914108
1914674
1916204
1916542
1917884
1918205
1919691
1919697
1919936
1920072
1920208
1922856
1923350
1924396
1925185
1926514
1926682
1927623
1928318
1928712
1929915
1930587
1930647
1930736
1931142
1931377
1931516
1931666
1932651
1932996
1933605
1935084
1935188
1936289
1936975
1937285
1938692
1938799
1938890
1939213
1940626
1940834
1941027
1941975
1942034
1942583
1943205
1943650
1943670
1944616
1944685
1945387
1945486
1945624
1946589
1947938
1948529
1948879
1950190
1951852
1951990
1952200
1953813
1953870
1954084
1954273
1955173
1955232
1955968
1956139
1957491
1957502
1957553
1959091
1960218
1960336
1960386
1960499
1960547
1960602
1962281
1962736
1963028
1964709
1965441
1965536
1966618
1967871
1968898
1968986
1969132
1970312
1970926
1971038
1971117
1972000
1972092
1972180
1972782
1972991
1973129
1974004
1974550
1975567
1975618
1975983
1976831
1976863
1977560
1979303
1979323
1979391
1980188
1980656
1980874
1981242
1981406
1981782
1981807
1981931
1983019
1983516
1984368
1985030
1986391
1986803
1987406
1987412
1987944
1989671
1989837
1991094
1991703
1992262
1993086
1993371
1994218
1994523
1994789
1995204
1996903
1998154
1999074
1999597
2000724
2001092
2002229
2002678
2003768
2003994
2004254
2004368
2005087
2007171
2007191
2007723
2008022
2009026
2009329
2012237
2012442
2013447
2013522
2014200
2014504
2015832
2015871
2016616
2016626
2016911
2017159
2017273
2018317
2019506
2019545
2020441
2021878
2022239
2022368
2025484
2025655
2026375
2027372
2027950
2028396
2028788
2029473
2030286
2030418
2030771
2031050
2031973
2033395
2033912
2034143
2035001
2035107
2036312
2036452
2037363
2037809
2038640
2039625
2040724
2041120
2041719
2041832
2042077
2042416
2044245
2044985
2045138
2045913
2045955
2046544
2046609
2046899
2047733
2047807
2048154
2049834
2050464
2050760
2052913
2053554
2053906
2054487
2055768
2055912
2056618
2057360
2058574
2059121
2059282
2060510
2061476
2061590
2061617
2062003
2062131
2062796
2063237
2063767
2064853
2065309
2065770
2066811
2067103
2067801
2068049
2068394
2068591
2068736
2068872
2069004
2069995
2070350
2071459
2073468
2073905
2074193
2074399
2074838
2074910
2075984
2076999
2078027
2078399
2079181
2079429
2079820
2080341
2080811
2080830
2082182
2082707
2084652
2085115
2086072
2086278
2086344
2086383
2086589
2086859
2087258
2088226
2088665
2088684
2089798
2090055
2090310
2091404
2091819
2092400
2093396
2094368
2095058
2095294
2096264
2096790
2096996
2097546
2097599
2098160
2098170
2098375
2098534
2098713
2098898
2099031
2099418
2099634
2100155
2100329
2101050
2102079
2102964
2104917
2105016
2105618
2106565
2106651
2107205
2107992
2108222
2108650
2108736
2109680
2110483
2110646
2110969
2111554
2112009
2112109
2112155
2112820
2113026
2113154
2113960
2115537
2115701
2116317
2116529
2117018
2117498
2117950
2119465
2119546
2119767
2119786
2119908
2120492
2120513
2122098
2122105
2123228
2123707
2124079
2126061
2126644
2127368
2128588
2128718
2129572
2130548
2131219
2132451
2133607
2134114
2135328
2136687
2136818
2137029
2137435
2137463
2139613
2140030
2140165
2140291
2140381
2141465
2141675
2141894
2142197
2142631
2142720
2143364
2143494
2143783
2144352
2144971
2145582
2145644
2146891
2146959
2147020
2147949
2148199
2150097
2151433
2151696
2152690
2152740
2153239
2153640
2154258
2154612
2157034
2158582
2158877
2159720
2160373
2160585
2160934
2161188
2162016
2162219
2162454
2163493
2164104
2167442
2168563
2168629
2170259
2170700
2171006
2171972
2172667
2173012
2173151
2174570
2174688
2174849
2176750
2177106
2177506
2178542
2178945
2181077
2181159
2181228
2182524
2183009
2183593
2183694
2184362
2185609
2185679
2185882
2185949
2186050
2186320
2186893
2187929
2188036
2188268
2188818
2191268
2191466
2191504
2191709
2191710
2191905
2193088
2193181
2193317
2193999
2195721
2196405
2197039
2197391
2197458
2197508
2197680
2198936
2199098
2200370
2200825
2200978
2201262
2201730
2201851
2202092
2202179
2202676
2203181
2203234
2203379
2203413
2204292
2204819
2205563
2206067
2206791
2206905
2207503
2208899
2210445
2210740
2211102
2211325
2212948
2215234
2216605
2216733
2217396
2218084
2218166
2218430
2218850
2220782
2221756
2222750
2224406
2224719
2224723
2225786
2226189
2226540
2227157
2228062
2228419
2229249
2230943
2232259
2232688
2233087
2233582
2233955
2234358
2234814
2234853
2234997
2235092
2235323
2235405
2237842
2238344
2238679
2239248
2240266
2241141
2241307
2241386
2241802
2242174
2242190
2242406
2243079
2244558
2246099
2246998
2247088
2247958
2248674
2249045
2249593
2249873
2250069
2250238
2250503
2250526
2251166
2252622
2253939
2254080
2254083
2254148
2254718
2254806
2257164
2258173
2260250
2260274
2260729
2261404
2263018
2263130
2263199
2263638
2264133
2264781
2264835
2264883
2266626
2266985
2267225
2267226
2267817
2268235
2268331
2268800
2269190
2269713
2269742
2270178
2270374
2270753
2270956
2272042
2274936
2275665
2275994
2276367
2276733
2277709
2277960
2278140
2278763
2279198
2279960
2280429
2281315
2281315
2281517
2281751
2282006
2282411
2283061
2283162
2283841
2283934
2285868
2285998
2286034
2287760
2288098
2289328
2289669
2289965
2290228
2292389
2292398
2293221
2293279
2293428
2293850
2294115
2294154
2294594
2295131
2296111
2297163
2297254
2297554
2298090
2298516
2298532
2298891
2301220
2302414
2302728
2303127
2303284
2303315
2303482
2304049
2306547
2306765
2307292
2308569
2308635
2308943
2309821
2309900
2310260
2310716
2310752
2311834
2311890
2312113
2312475
2314250
2314312
2314496
2314575
2314702
2314949
2315397
2316050
2316141
2317016
2317031
2317172
2317707
2318418
2318610
2319214
2319273
2319431
2319918
2319953
2320204
2320533
2321501
2321746
2322479
2323103
2323669
2323983
2324036
2324481
2324601
2324854
2325299
2325608
2326467
2327676
2328201
2328694
2330183
2330813
2332729
2334055
2334318
2335667
2335969
2335972
2336345
2336437
2336679
2336830
2339008
2339071
2341713
2341899
2342034
2342909
2342944
2343147
2343157
2343322
2343725
2344241
2344498
2344840
2345002
2345243
2346325
2346876
2347119
2347171
2347641
2347801
2348956
2349246
2349905
2350234
2350709
2350905
2350975
2351982
2353907
2353945
2354159
2354450
2354459
2355182
2355206
2357574
2358020
2360029
2360455
2361045
2361630
2361752
2362154
2362788
2362843
2363926
2364323
2364382
2364968
2365930
2366769
2367491
2368547
2368585
2369860
2370126
2370901
2371050
2371170
2372062
2372463
2372644
2373250
2373474
2374340
2374703
2375018
2375930
2377280
2377297
2378516
2378537
2379318
2379629
2380564
2380985
2381064
2381282
2381683
2382015
2382086
2382344
2382670
2382913
2383324
2383821
2383894
2383900
2384719
2386396
2387145
2387298
2389476
2389542
2390626
2392424
2392958
2394557
2394960
2395413
2395473
2396225
2396401
2396629
2396738
2397542
2397727
2397789
2398267
2398451
2398560
2399056
2400320
2401315
2401602
2402004
2402275
2402280
2403041
2403043
2403167
2403240
2403308
2404141
2404154
2404780
2404947
2405381
2405457
2405583
2406214
2406260
2406272
2407325
2407590
2408288
2409844
2411087
2411180
2411379
2411628
2413571
2414196
2416682
2417403
2418216
2418790
2418811
2420588
2421955
2422062
2424551
2424833
2426085
2426677
2426742
2426748
2426953
2427459
2427931
2428740
2429031
2429358
2429718
2429750
2430334
2430953
2431774
2431974
2432972
2433804
2434159
2435642
2436252
2436966
2437521
2438454
2438830
2439098
2439120
2439983
2440758
2441579
2441678
2441832
2442691
2443306
2443606
2444189
2445838
2447802
2448388
2448915
2450407
2450817
2450908
2452286
2453845
2454083
2454343
2455781
2456099
2456111
2456184
2456571
2457790
2459169
2459372
2459768
2460687
2461088
2461722
2461963
2462034
2462091
2463003
2463053
2463098
2463641
2464052
2464084
2464221
2464751
2466143
2466359
2467750
2468584
2469202
2469971
2469987
2470479
2470627
2471031
2471111
2473473
2473667
2473905
2474032
2474479
2475562
2475772
2476577
2477082
2477190
2477520
2477920
2477992
2478630
2479557
2480320
2481582
2482242
2482327
2482383
2482974
2483704
2483760
2483870
2483946
2484272
2484334
2484344
2484414
2484971
2485599
2486431
2487558
2487630
2488502
2489567
2489651
2489994
2490925
2492043
2492740
2493139
2493556
2493727
2493792
2494297
2494771
2495465
2496094
2496275
2496989
2497514
2498423
2498718
2498793
2499726
2500291
2500672
2502605
2502956
2503359
2504986
2505339
2505376
2505489
2505918
2506171
2506928
2507224
2507566
2507781
2510257
2510390
2512415
2513083
2513775
2514022
2514740
2514758
2515247
2515305
2516188
2516768
2516967
2517551
2518125
2518218
2518293
2520995
2521480
2521861
2522473
2524464
2525172
2525563
2525774
2526829
2527275
2527542
2527880
2528837
2528900
2529384
2529858
2530861
2531954
2532382
2532430
2532912
2534002
2534394
2536411
2536537
2537678
2538764
2538824
2538944
2540161
2540935
2541234
2545072
2545258
2545505
2545985
2547874
2548154
2548494
2549393
2550173
2550410
2551024
2553068
2554085
2555428
2556270
2557567
2558291
2558723
2559400
2559875
2560031
2560165
2560220
2561149
2561329
2561371
2561671
2562146
2564016
2564037
2564205
2564453
2565126
2565192
2566524
2566556
2567497
2567991
2569450
2570012
2570159
2570255
2570701
2571031
2571034
2571116
2571514
2571988
2572337
2574635
2574983
2575510
2575522
2575808
2578539
2580152
2580619
2580757
2580792
2582719
2582733
2583374
2583590
2583603
2584023
2585128
2585198
2585248
2585709
2585726
2586154
2586204
2586840
2586959
2587190
2588705
2589022
2589427
2589700
2590095
2590491
2591049
2591128
2592188
2592862
2593907
2595927
2596734
2599630
2599681
2599933
2600646
2600941
2601325
2601908
2602733
2603012
2603874
2604288
2604371
2604648
2605290
2606294
2607019
2607359
2608253
2610068
2610808
2611458
2612885
2613271
2613283
2613401
2613888
2615134
2615514
2616245
2617204
2618515
2619207
2619691
2620203
2622135
2625168
2625243
2626446
2626747
2627065
2627221
2627392
2630784
2631762
2631833
2632152
2633993
2635039
2635301
2635808
2636198
2638286
2638753
2639125
2640152
2641108
2641277
2641890
2642472
2643583
2645201
2645208
2646193
2646244
2646372
2646873
2648125
2648387
2649876
2650052
2650160
2651125
2652253
2652691
2652845
2653081
2653142
2655528
2656002
2656414
2656661
2657576
2657637
2657923
2658026
2658623
2659010
2659810
2660096
2661759
2661921
2662881
2663033
2663432
2664466
2665779
2666519
2666551
2666637
2667352
2668078
2668287
2668425
2669107
2670124
2670592
2671544
2671811
2672710
2673059
2673426
2674797
2674889
2675487
2675929
2675954
2676132
2676276
2676577
2676644
2676669
2678574
2679101
2679373
2680117
2681327
2681505
2681928
2682030
2682738
2683116
2683560
2683833
2683967
2685116
2685467
2685923
2685952
2686863
2686886
2687098
2687357
2687633
2687917
2688354
2689132
2689559
2689638
2689939
2691099
2691701
2692740
2693822
2694037
2694320
2694567
2694760
2694770
2694932
2695191
2695479
2696434
2696442
2696566
2696698
2697646
2697689
2698609
2700150
2700251
2700435
2700667
2700759
2701779
2701803
2702188
2702234
2703417
2704058
2704848
2704946
2705158
2705364
2706142
2706467
2707333
2707589
2709439
2709649
2709764
2710695
2711217
2711709
2711963
2713124
2714418
2714595
2714613
2715516
2715821
2717813
2718555
2719084
2719459
2720748
2721230
2722086
2722604
2722954
2723123
2723582
2723839
2724113
2724272
2724389
2724738
2725050
2725510
2725567
2725851
2726892
2727217
2727562
2728222
2728469
2729333
2729443
2729965
2730389
2731009
2732689
2733390
2733810
2733822
2735047
2735490
2736190
2737096
2737403
2737571
2738651
2739702
2739989
2740185
2740238
2740618
2743828
2745315
2745606
2745867
2746188
2749167
2749395
2750248
2750405
2751098
2751662
2751734
2752803
2753258
2753267
2753301
2753371
2753645
2754431
2755097
2758266
2759209
2759241
2759764
2759813
2760543
2761034
2761179
2762213
2763021
2763150
2763843
2765435
2766248
2766529
2766710
2768451
2768902
2770038
2770899
2772808
2773042
2773803
2775045
2775367
2775506
2775678
2775901
2777847
2778656
2781159
2782090
2782272
2782334
2782569
2782761
2783172
2783339
2783958
2785158
2786439
2786949
2786999
2788085
2788160
2788736
2789164
2789831
2790532
2790887
2791018
2791168
2792348
2792604
2793382
2793858
2795156
2796208
2796452
2796865
2797104
2797224
2798085
2798937
2799210
2801146
2802331
2802509
2802648
2803744
2804928
2805176
2805433
2805629
2805658
2806027
2806034
2806282
2806774
2806953
2808525
2808597
2808793
2809126
2809336
2813591
2815146
2815543
2816288
2816322
2817270
2817402
2817492
2818288
2819040
2819433
2819555
2820494
2820551
2821139
2821984
2823170
2824502
2825553
2826375
2827931
2830120
2830348
2831177
2832095
2832502
2833799
2833938
2834487
2834919
2835097
2837274
2838170
2838583
2838642
2839556
2839850
2840758
2842068
2843675
2844301
2844530
2845649
2845962
2846077
2846305
2846871
2846929
2847428
2847734
2847998
2848270
2849076
2849270
2849780
2850675
2850999
2851167
2852701
2853622
2853632
2854877
2855075
2856424
2856537
2857281
2858690
2859106
2859755
2860862
2860940
2861707
2861914
2862318
2862633
2863058
2863548
2863771
2863991
2864187
2864410
2864428
2867516
2867671
2869409
2869498
2869797
2870450
2870835
2871324
2871707
2872491
2873049
2873541
2874045
2874306
2876535
2877200
2878366
2879135
2879167
2879230
2879400
2879903
2880394
2881278
2881931
2882265
2882605
2883110
2883379
2883541
2884382
2884962
2885024
2885320
2886122
2886413
2886491
2887255
2887780
2888047
2889303
2891090
2891185
2892583
2892738
2893865
2894624
2895177
2895807
2895823
2896589
2896616
2896706
2897550
2897955
2898455
2899279
2899308
2899593
2899857
2900466
2900733
2901065
2901511
2901555
2901635
2901780
2903861
2905130
2905582
2906653
2906856
2909398
2909993
2910124
2910782
2911435
2911911
2912695
2913595
2913913
2915814
2915972
2916250
2916508
2916616
2916792
2917466
2917903
2918070
2918297
2918347
2919476
2919520
2919581
2921402
2922832
2923229
2923246
2923984
2924269
2924979
2925188
2926600
2927065
2927988
2928489
2929748
2929803
2930330
2930454
2930564
2931378
2931774
2932450
2933172
2934258
2934531
2934805
2934942
2935821
2936261
2936569
2936592
2938525
2938601
2939867
2939876
2939903
2939977
2941487
2942026
2942883
2943730
2943998
2944738
2944815
2944838
2944890
2945702
2946223
2946403
2946454
2946552
2947511
2947683
2948386
2949064
2949210
2950975
2951043
2953080
2955096
2955145
2955564
2956318
2956821
2957071
2957452
2957678
2957869
2958120
2958878
2959516
2960478
2960973
2963008
2963459
2963705
2964696
2966628
2966774
2967016
2967736
2968016
2968863
2968918
2969342
2970418
2970660
2970843
2970848
2970991
2972379
2973719
2974690
2975021
2975207
2975259
2975527
2976797
2976808
2976886
2976980
2977220
2978821
2978994
2979019
2979253
2980080
2980548
2981592
2981815
2981862
2981894
2982364
2982390
2983448
2983708
2983825
2983936
2984164
2984307
2984452
2984786
2985452
2985762
2986655
2987036
2988567
2989952
2989995
2991462
2991517
2992726
2993014
2994175
2995238
2995335
2995350
2995645
2995948
2995993
2996340
2996370
2996875
2997403
2998335
2999040
