Количество элементов - 10000, алгоритм сортировки - MergeSort, случай - Ordinary, время работы - 3
860
1220
1422
1999
2166
2800
3044
3729
3874
4266
4460
4512
6223
6572
6800
6859
7353
7780
8177
8343
9069
9366
9757
10136
10583
11831
11902
12277
12395
12600
13062
13218
13916
14083
14455
15474
16302
16594
16619
18276
18631
18753
19334
19538
19812
19846
19869
19934
20458
20505
21029
21731
22000
22005
22479
22647
22935
22939
23147
23276
23733
24194
24255
24270
25416
25802
25842
25878
26149
26214
26328
26498
26969
27790
27871
28014
28068
28182
28281
29424
29980
30344
30367
30894
30939
30987
31658
32759
32811
33465
33588
33704
34049
34174
34763
34815
35473
35499
35838
35951
36008
36653
36678
36756
36858
37206
37441
37547
37993
38054
38790
39816
39912
40064
40338
40477
40632
41461
41483
41662
42002
42368
42506
42643
42837
43389
43997
44325
45452
45502
45888
45963
46119
46744
47167
47522
47612
47679
48149
48297
48747
48783
49576
50132
50363
50692
50738
50797
51001
51043
53136
53231
53480
53499
53603
54137
54560
55459
55659
55695
55704
55954
55995
56083
56409
57108
57186
57342
58181
58367
58786
58953
58991
59129
59270
59431
60133
60567
61153
62279
62588
62714
62739
63105
63717
63722
63857
63892
64503
64824
65022
65320
65439
65579
66032
66727
66903
66916
67006
67283
67502
67802
68750
69474
69777
70058
70097
70777
70786
70824
71323
71374
71699
71969
72083
72128
72367
72809
72936
73453
73716
73799
73824
73947
73991
74469
74686
74731
74762
74911
74937
75077
75106
75291
75642
75840
76471
76970
77387
77836
78158
78978
79170
79632
80112
80151
80171
80334
80960
81023
81178
81463
81622
81677
82521
82584
83651
83756
83766
83893
83945
84113
84445
84792
84800
84932
85073
85125
85195
85273
85724
87102
87307
87325
87396
87616
87722
87810
88284
89103
89270
89689
89793
90939
91320
91344
91573
91884
91997
92450
92733
92745
93066
93520
93547
94033
94639
95033
96177
96218
96303
96572
96587
97524
98320
99262
99273
99304
99849
100333
101349
101497
101502
101951
102031
102083
102746
103646
103852
104259
104293
104310
105181
105383
105423
105484
105752
106654
106886
106948
107174
108410
108431
108543
108774
108856
108991
109324
109361
109909
110176
110178
110401
110473
110818
111165
111206
111682
111864
112974
113108
113326
113601
113639
114666
115045
115680
115733
116034
117409
117635
118105
118154
118348
118453
118466
118481
118554
118937
119007
119185
119342
119993
120093
120389
120590
120698
120746
120989
121251
121263
121480
121757
121861
122459
122766
122919
122953
122971
123315
123609
123764
123851
123943
124121
124322
124520
124595
124750
124762
124992
125349
125373
125624
126628
126640
127078
127339
127697
128087
128405
128568
128757
129305
129373
130431
130626
130712
131386
131487
131500
131577
131952
134713
134856
134950
135448
135494
135734
135819
136449
136663
136774
136814
137263
137509
138222
138273
138367
138595
138765
138971
139119
139293
139399
139415
139600
139889
139967
139993
140130
140232
140621
140638
140724
141487
141615
141771
141962
142241
142354
142364
142485
142643
142726
143520
143524
143534
143741
144935
145747
146350
147209
147223
147310
147373
147432
147511
147519
147798
148131
148380
148865
148914
149518
149701
149722
150153
150166
150206
150673
150807
150877
150984
151078
154007
154256
154559
154559
154559
155110
155656
155680
155793
155853
156690
157234
157253
157277
157281
158152
158265
158326
158999
159095
159737
160144
161064
161167
161180
161261
161740
162139
162470
162641
162668
163542
163915
163953
164044
164052
164124
164526
164649
164782
164831
164907
164934
165135
165184
165690
165876
166117
166271
166442
166549
166740
166927
166939
167184
167224
167359
168565
168856
169060
169753
170063
170786
171084
171270
171703
171743
171866
172131
172200
172490
172492
172970
173558
174615
174738
175856
175975
176519
176645
177035
177476
177615
177828
177847
177869
177905
178164
178547
179071
179124
179147
179325
179675
180063
180409
180469
181401
181524
181782
181782
181909
182688
182851
183198
183498
183528
183669
184155
184188
184648
184799
185435
185497
185654
185694
185821
185831
185976
186560
187368
187414
188326
188447
188579
188815
189327
189342
189507
189518
189621
190284
190726
190996
191004
191661
191814
191815
192292
192545
192699
193155
193279
193351
193504
193552
193553
193726
194409
194413
194429
194651
194801
194913
195079
195891
196149
196248
196904
197384
197655
197777
198027
198150
198154
198418
198747
199273
199342
199358
199454
200103
200354
200941
201644
201664
201715
201772
203238
203486
203638
203788
205596
206244
206279
206517
206675
206691
206812
207015
207780
208023
208035
208051
208118
208253
208489
208709
208820
209143
209748
210747
210853
211993
212094
212316
212514
212941
213302
213929
214143
214819
214983
215154
215223
216092
216319
216353
216761
217011
217467
218522
218859
219050
219394
219566
219628
219808
220291
220519
220674
220988
221294
221484
221947
222312
222319
222385
222716
223033
223104
223366
223383
223881
223911
224780
224838
225244
225486
225496
225819
226852
227668
227814
228126
228411
228480
228911
229150
229526
229750
229843
230170
230455
230863
231229
231331
231425
231510
231542
231833
232196
233146
233435
233507
233854
234096
234242
234520
234967
235172
235314
235460
235896
236212
236271
236433
237026
237251
237261
237481
238084
238086
238718
239101
239677
239780
240227
240235
240692
240949
241185
241269
241662
241753
242108
242344
242636
242755
243051
243145
243742
243851
244367
245025
245060
245063
245445
245451
246069
246107
246359
247144
247302
247928
248088
248218
248728
248954
249620
249978
250309
250523
251330
252314
253013
253568
253608
253873
253948
254580
254716
254799
254821
255611
256101
256215
256424
256435
256518
257312
257862
258570
258871
261088
261483
261622
261625
261927
262862
263049
263280
263716
264421
264785
265150
265200
265392
265919
266212
266763
266819
267009
267344
267679
267880
268099
268172
268377
268453
269101
270369
270838
271147
271200
271411
272198
272231
272241
272338
273585
273655
273706
273779
273794
273858
274836
275566
275739
276009
276038
276343
276348
276722
277230
277370
277436
277615
277712
278193
278738
278739
278834
278990
279088
279124
279188
279240
279567
279708
280019
280154
280830
280881
280910
281560
282068
282876
283125
283130
283148
283393
283671
283932
284644
284891
285186
285767
285949
285968
286081
286089
286098
286605
287096
287261
287711
287899
287982
288432
288459
288499
289361
290370
291260
291388
292120
292607
292692
292699
292811
293354
293665
293763
294434
294648
294741
295303
295751
295752
295936
295973
296876
297020
297278
297554
297765
298068
298221
298439
298482
298797
299349
300043
300118
300232
300270
301112
301494
301524
301537
302761
302932
303200
303388
303445
303775
303845
303849
303907
303917
304385
304439
304447
304954
305747
305911
305959
306167
306538
306565
306589
306623
306789
306909
307248
307329
307512
307521
307536
308020
308181
308274
308722
308754
308857
308948
309140
309511
309562
309843
310398
311109
311953
313219
313536
314453
314890
315161
315171
315782
315837
315838
316237
316384
316600
316629
316632
316680
316698
316902
317086
318382
318408
318457
318748
318968
319400
320188
320993
320997
321009
321162
321221
321308
321523
321625
321942
321974
322306
322314
323132
323498
323664
323905
324259
324274
324307
324406
324749
325137
325336
325576
325761
326044
327911
328246
328303
328547
328809
329662
330071
330240
330353
330996
331195
331285
331348
331386
331388
331407
331453
331773
332138
332439
332624
332672
332840
333170
333213
334537
335320
335718
335896
336449
336661
336697
336732
336820
337066
337516
337570
337900
338008
338259
338444
339075
339257
339942
340099
340143
340442
340904
341630
342181
342706
342901
343420
343677
344345
344820
345068
345396
345644
346211
346613
346643
346647
347175
347229
348108
348397
348613
348857
348993
349014
349033
349634
349687
350164
350181
350393
350441
351189
351661
352188
352291
352335
352618
353097
353164
353199
353472
353524
354200
354929
355085
355308
355327
355699
357387
357523
357574
357785
357828
357890
358239
359214
359566
359939
360321
360381
360439
360477
360499
360976
361596
361659
361801
361995
362050
362684
362750
363050
363234
363387
364232
364236
364391
364404
364562
364676
366053
366094
366167
366443
366477
366499
366965
367257
367451
367706
367710
368036
368467
368713
369053
369268
369685
369795
369841
369925
369996
370039
370053
370340
370918
371438
371722
371900
372484
372827
373896
374297
375033
375481
375793
376071
376365
376397
376507
376642
377141
377299
377390
377493
377558
378313
378325
378396
378492
378612
379695
379846
379993
380035
380144
380202
380248
381355
381398
381915
382427
383659
383887
383961
384016
384029
384253
384270
384332
384554
384869
384875
385326
385617
386290
386299
386419
386507
386546
387230
387457
387721
388012
388157
388325
388350
388688
389189
389388
389416
389496
390141
390604
390646
390951
391025
391072
391225
391526
391691
392046
392205
392352
393039
393936
395065
395108
395134
395189
395274
395919
396070
396125
396159
397020
397302
397420
397703
398059
398153
398296
398429
398595
400527
400595
401085
401178
401294
401455
401716
402253
402407
402501
402946
403489
403526
403538
403560
403635
404032
404535
404546
404580
404665
404800
405178
406079
406146
407102
407108
407241
407567
408018
408255
408320
408331
409065
409322
409367
409602
409645
410031
410324
411082
411677
411946
411955
412700
412972
413092
413366
413642
413723
413771
413903
414340
414652
414716
415114
415117
415126
415160
415683
416002
416273
416285
416358
416420
416732
416964
416971
418162
418212
418466
418936
419198
419476
419531
420121
420783
420843
421060
421313
421451
421951
421978
422375
423248
424013
424200
424468
424611
424634
424734
425273
425473
425785
425911
426023
426209
426964
427255
428098
428481
428737
428761
428869
429234
429533
429635
430038
430057
430307
430893
431236
431467
433278
434153
434320
434481
434496
434574
435213
435230
435261
435309
435375
435869
436281
436328
436565
436765
436784
437184
437444
437506
438106
438896
439140
439234
439239
439397
439578
440632
440774
441834
442644
442855
443019
443084
443272
443730
444711
445501
445628
445706
445963
448204
448505
448532
448725
449410
449428
449668
449931
450160
450414
450590
451018
452297
453026
453348
453649
453768
453903
453954
454967
455201
455567
455712
455838
456117
456351
457010
457116
457257
457324
457419
457886
458249
458555
459371
460401
461200
461581
461661
461676
462301
462562
462638
463126
463631
463696
464081
464597
465461
465838
465989
466292
467244
467400
467407
467513
467572
467833
468395
468972
469059
469288
469323
469407
469526
469933
470599
471037
471058
471441
471692
472240
472836
472988
473202
473437
473617
473689
474609
474914
475170
475331
475462
475641
475816
477494
478490
478719
479133
479839
480010
480497
481479
481645
481666
481773
482111
482232
482430
483373
483662
483965
484320
484613
484709
484740
484827
484897
484902
485022
485220
485422
485563
485684
486434
486475
486566
486590
487628
487685
487690
487744
487922
488124
488181
488746
488830
488896
488900
489215
489849
491492
491784
491901
491966
492108
492407
492496
492617
492757
492843
493040
493155
494083
494083
494471
494751
495118
495122
495839
496348
496624
496674
497121
497679
497941
498763
499318
499350
499658
500037
500231
500243
501453
501905
502394
502716
502835
503167
503235
503528
503557
504023
504284
504310
505020
505090
505131
505528
505729
505869
506276
506282
506309
507102
507132
508018
508133
508462
509577
509626
510282
510498
511070
511162
511266
511471
511729
511741
511844
512289
513623
513887
514059
514184
514251
514314
514371
514545
514571
515494
515653
516086
516495
516499
516590
516665
517285
517534
517698
519003
519139
519187
519199
519330
519516
519628
519959
520328
521030
521229
521479
521693
521740
522054
522158
522351
522539
522601
522695
522761
524072
524082
524114
525354
525698
526364
526380
526517
526941
526952
527068
528410
528534
529101
529217
529475
529950
530418
531006
531107
532283
532362
532482
533411
533829
533910
535528
536574
537281
537622
537790
538051
538333
538821
539422
539544
539552
539553
539879
539936
540651
541327
541537
541610
541828
542126
542207
542769
543146
543452
544135
544248
544375
544399
544611
544759
545599
545759
545804
545894
546164
546191
546295
546438
546584
546595
546612
546733
547677
547832
548041
548067
548223
548712
548903
549365
549528
549688
550511
550781
551369
552096
552162
552292
552622
552680
552813
553231
553559
553654
553680
553953
554840
555066
555141
555311
555380
555645
556013
556244
556580
557312
557505
557601
557821
558025
558755
558755
558845
559349
559407
560377
560493
560657
560923
561190
561435
561751
561786
562263
563221
563461
564032
564153
564269
564293
564392
564544
564592
564830
564859
565452
565579
565590
565811
565857
566932
567080
567185
567824
567850
567854
568023
568151
568270
568607
568620
568802
569188
569210
569242
569385
569496
570431
571041
571107
571202
571245
571284
571514
571927
572311
572325
572718
572739
573067
573148
573401
573613
573836
573869
573927
574503
574616
574988
575613
575836
575942
576069
576464
576560
576812
576919
577136
577183
577602
577743
577905
578159
578280
579670
580389
580459
580469
580792
581042
581554
581794
582136
582474
582529
582884
583169
583650
584189
584722
584836
585014
585024
585101
585365
586031
586475
586480
586534
587364
587414
587914
588416
588461
588467
588586
588662
588785
589017
589114
589486
589570
589699
589814
589839
589873
590047
590135
590284
590519
590913
591705
592209
592371
592445
592593
592845
593062
593231
593266
593335
593555
593840
593927
594947
595419
595702
596257
597015
597530
597603
597614
598061
598564
598819
599477
600280
600317
600397
600899
600990
601410
601975
602646
603277
603292
603349
603544
603558
604239
604379
604589
604640
604658
604699
605798
605935
606072
606765
607198
607254
607723
607925
608282
608299
608517
608735
609185
609204
609319
609444
609530
609863
610200
610762
611497
611748
611973
612221
612391
612859
612908
613143
613488
613630
613911
613933
614023
614717
614760
614928
615107
615384
615520
615554
615966
616899
617210
617227
617266
617330
617371
617450
617747
617999
618146
618341
618465
618678
618685
618779
619098
619268
619476
619576
619611
619632
620087
620204
620424
620712
621040
621298
621329
621723
622088
622386
622671
623076
623185
623305
623662
624015
624115
625010
625012
625191
625432
625507
626049
626197
627026
627297
627489
627654
627859
628115
628286
628876
629105
629139
629251
629350
629402
629776
629884
630142
630280
630557
630683
630685
630921
631007
631285
631453
631585
631903
632402
632613
632856
633002
633050
633107
633646
633773
633803
634498
634633
634878
635269
635718
635772
635805
637506
638185
638357
638775
639319
639505
640246
640286
640821
640925
641071
641642
641667
641694
641724
641757
642338
642340
642695
642882
642894
643049
643310
643407
644352
644464
644624
644678
645444
645688
645971
646149
646375
646936
647356
647557
648694
648823
648839
648901
648990
649060
649175
649601
649794
649818
649916
650176
650280
650303
650305
650413
651152
651259
652425
652513
652583
652683
652830
653038
653169
653500
653844
654032
654112
654196
654208
654401
655243
656269
656660
657753
658007
658296
659165
659372
659817
659844
660024
660096
660247
660521
660554
660846
661051
661817
662124
662233
663809
663838
664646
665046
665078
666154
666304
666592
666615
666905
667093
667109
667205
667334
667366
667574
668292
669465
669688
669779
671132
671277
671543
671597
671781
671960
672289
672409
672814
673220
673316
673544
673779
674011
674261
674454
674552
674693
674778
675184
675250
675684
675908
676234
676318
676374
676440
676894
677008
677241
678004
678054
678157
678166
678233
678315
678378
678434
678509
679182
679241
679320
679457
679600
679707
679928
680005
680453
680595
680985
681061
681321
682283
682577
682891
683370
683748
683853
684194
685001
685098
685458
685680
685921
686588
687148
687423
687454
687499
687677
687808
688111
688520
689478
689664
689727
689893
689962
690180
690184
690214
690624
690952
691231
691430
691438
691566
691585
692320
692549
692847
693500
693600
693635
693852
694372
694981
695000
695047
695054
695284
696045
696896
697009
697125
698077
698866
698919
699358
699742
699991
700384
700560
700609
700704
700834
701231
701565
701813
702345
702827
703635
704117
704312
704447
704897
705074
705750
705909
706007
706756
706818
707139
707764
708108
708587
708737
708770
708893
708962
708967
709015
709337
709459
709515
709609
710690
711573
711773
712146
712581
712805
713029
713479
714265
714276
714353
714640
715359
715513
715965
716600
716762
716816
717120
717421
718166
718934
719077
719157
719175
719186
719244
719619
719620
720229
720438
720598
720763
720805
721116
721246
721434
721969
722236
722294
722358
722670
723731
723744
724021
724483
724803
725165
725497
725606
725676
725964
726570
726602
726753
726881
727420
727769
727804
728398
728622
729745
729886
730637
730983
731273
731562
732047
732119
732659
733153
733616
733682
733868
733920
733951
734231
735146
735824
736007
736017
736036
736111
736831
737046
737285
737888
738224
738420
738428
738732
738864
738918
739273
739307
739950
740309
740424
740466
740610
741028
741164
741182
741458
741482
741557
741749
742018
742650
742804
742908
742910
743158
743174
743300
743776
744345
744526
744662
745037
745569
746296
746432
748050
748230
748475
749035
749713
749805
750339
750693
751426
751516
751606
752162
752692
753231
753330
753699
755029
755226
755663
755681
756000
756538
756547
758039
758203
759384
759688
759937
760051
760369
760417
760720
760972
761079
761272
761345
761545
762009
762053
762111
762478
762710
763171
763981
764473
765265
765298
765776
765841
765878
766618
767080
767163
767226
767756
767970
768816
769058
769609
769758
769978
770249
770326
770866
770873
770916
771265
771327
771419
772034
772190
772998
773173
773218
773245
773716
773883
773906
774517
774826
775047
775199
775252
775454
775645
776365
776735
776810
776811
777107
777455
777753
778788
778857
779135
779256
779260
780075
780238
780411
780518
780711
780895
781397
781490
781552
782023
782246
783098
783328
783666
783817
784023
784113
784144
784466
784725
784814
784923
785063
785792
785794
785816
785946
785978
786015
786029
786175
787101
787295
787643
787664
787701
787732
787897
787935
788032
788400
788480
788665
789216
789663
790181
790552
790621
791263
791288
791369
791538
791797
791822
792108
792550
792700
793376
794196
794326
794679
794934
795044
795909
796272
796635
797039
797116
797497
797852
798930
799158
799262
800497
800704
800975
801114
801620
801761
801788
802121
802195
802244
802562
802740
803156
803437
803541
803548
804251
804444
804557
805148
805245
805632
806254
806354
807094
807470
807477
808188
808302
808535
809604
809619
809712
809864
810452
810621
811003
811269
811415
811692
811741
812420
812615
813068
813204
813433
813551
813776
813924
813938
814123
814255
814611
814812
814864
814912
815283
815360
815904
815952
816534
816625
816747
817064
817233
817396
817399
817507
817620
817656
817945
818193
818231
818432
818769
819562
820089
820146
821922
821945
822106
822168
822280
823141
823719
823929
824110
824156
824288
824980
825440
825631
825716
825758
825786
826083
826264
826503
828655
828677
828774
828798
828818
829218
830065
830370
831473
831501
831601
831871
832397
832648
832960
832977
833639
834121
834173
834388
834409
835069
835322
835607
835658
836683
836832
837374
837496
837845
837946
838125
838247
838805
838848
838928
839369
839586
839719
839888
840455
841492
841807
842536
842708
842734
842845
843332
843912
844422
844655
844734
844843
844983
845206
845208
845581
846181
846902
847193
847630
848254
849076
849270
849601
849622
849801
850861
851031
851218
851301
851458
851860
852204
852944
853399
854128
854463
854624
856118
856531
856974
857558
857774
857943
858094
858386
858470
858761
858838
858973
859227
859248
859315
859762
860082
860262
860431
860772
861037
861322
861370
862218
862695
862912
862974
863414
863628
863920
864075
864117
864184
864602
864949
864950
865255
865959
865981
866216
866732
867003
867031
867068
867564
867620
868003
868065
868578
868949
869082
869628
869662
869662
869815
870212
870759
870958
871068
871093
871104
871711
871758
871878
872220
872271
872302
872378
872740
872891
873232
873373
873511
873799
874203
875312
876412
876457
876486
876845
876943
877048
877131
877136
877297
877297
877350
877909
878441
878929
878934
879199
879426
879456
879692
879872
879918
881216
881227
881477
882128
882513
883098
883123
883776
883853
884076
884498
884967
884994
885146
885328
886591
887376
887979
888771
888811
889092
889519
889909
890755
890950
891525
891650
891740
891944
892293
892390
892393
892506
892693
893148
893282
893300
893321
893576
893578
894466
894740
895547
895808
895958
896099
896316
896683
897298
897662
897739
897748
898151
898169
898317
898369
898419
898424
899172
899570
900813
901157
901256
901461
902450
902552
902912
902950
903401
903575
903624
904224
904417
905166
906386
906957
907217
907362
907387
907521
908085
908283
908655
908707
908764
909126
909149
909562
909991
910532
910765
910847
910914
911374
911394
911435
911821
912828
913152
913477
913565
913881
914060
914582
914594
914677
914988
915526
915537
915639
915787
915812
915976
916492
916862
917300
917530
917920
918221
918607
918665
919094
919304
919378
920354
921455
921530
921550
922321
922569
922787
922863
922895
923167
923191
924827
924959
925386
925453
925805
925917
926012
926693
926795
926984
927163
927251
927613
928430
928955
928991
929293
929678
930151
930218
930446
930697
931249
931377
931546
931914
932485
932720
932741
932838
933229
933331
933504
934141
934475
934649
934983
935330
935598
935734
935786
936344
936486
936816
936966
937032
937133
937736
937810
937877
938289
938515
938807
938941
939059
939301
939650
940012
940148
940318
941170
941193
941724
941739
942012
942207
942380
942594
942804
943079
943158
943355
944043
944485
944949
945015
945209
945351
945444
945836
946035
946421
946877
946930
946978
947416
947662
947800
948360
948465
948486
948637
948717
948726
948796
948880
949336
949358
949588
949929
949967
950094
950137
950150
950217
950602
950741
951105
951243
951337
951457
951726
952265
952543
952676
952689
952844
953082
953106
953296
953593
953627
954172
954358
954795
956072
956323
956627
956956
956999
958110
958323
958394
958466
958835
959335
959347
959498
960471
961120
961225
961248
961595
961711
962287
962601
963560
963740
963803
963989
964078
964129
964162
964544
964986
965230
966300
966462
966499
966499
966816
966823
966836
967501
967799
967805
967837
968645
968675
968832
968942
970083
970415
971147
972136
972714
972956
973169
974096
974403
974610
974636
974639
974653
974921
975052
975181
975762
975929
976156
976526
976660
977229
977659
977904
978772
978774
978863
978972
979111
979440
979515
979546
979811
980084
980138
980164
980601
980604
980764
980790
981242
981314
981983
982317
982360
982498
982756
982850
982956
984414
984414
984951
985188
985615
985805
985960
986452
986752
986783
986921
987086
987384
988699
988754
988862
988905
988913
989208
989784
989829
989830
990180
990204
991093
991449
991692
991750
991776
991862
992478
992706
993235
993310
993449
993492
994302
994602
994671
994791
996222
996689
996967
997954
998623
999573
999664
999722
1000248
1000733
1001290
1002196
1002564
1002610
1002753
1002903
1003082
1003272
1003395
1003404
1003424
1003644
1003789
1003792
1003821
1003998
1004570
1004927
1005051
1005789
1005829
1006465
1006477
1007606
1007962
1008091
1008165
1008305
1008408
1008601
1008937
1009038
1009103
1009237
1009298
1010894
1010968
1011049
1011059
1011243
1011328
1011998
1012229
1012311
1013259
1013356
1013598
1013699
1014424
1014626
1014863
1015287
1015318
1016107
1016153
1016278
1017108
1017182
1017709
1017934
1018048
1018255
1018552
1019081
1019178
1019728
1019800
1020344
1020441
1020534
1020710
1021192
1021449
1022154
1022960
1023170
1023772
1024244
1025103
1025248
1025434
1025457
1025609
1026597
1026860
1026899
1026940
1026956
1027511
1027554
1027806
1027981
1028192
1029001
1029747
1030862
1030996
1031213
1031502
1031598
1031895
1032216
1032480
1032792
1033080
1033106
1033154
1034198
1034204
1034304
1034305
1034466
1034514
1035485
1035866
1036264
1036361
1036678
1036713
1036776
1036780
1037161
1037565
1037601
1037976
1038102
1038181
1038275
1038492
1038772
1038914
1039232
1039677
1039779
1039892
1040152
1040210
1040317
1040932
1041334
1043013
1043511
1043999
1044023
1044686
1044741
1044997
1045779
1045800
1045935
1046077
1047009
1047905
1048435
1048626
1048649
1049273
1049597
1049685
1050130
1050500
1050645
1050697
1051372
1051763
1052760
1053031
1053373
1053575
1053696
1053791
1054193
1055350
1055434
1055743
1056273
1056380
1056574
1056726
1056737
1056771
1057010
1057568
1057879
1057891
1057961
1058762
1058774
1059641
1059871
1059943
1059964
1059987
1060430
1060957
1061075
1061095
1061550
1061778
1061884
1062036
1062081
1062202
1062229
1062809
1062848
1063170
1063912
1063969
1063985
1064062
1064211
1064839
1064949
1064985
1065683
1065797
1066244
1066450
1066765
1067185
1067760
1068299
1068928
1069536
1069939
1071182
1072051
1072082
1072095
1072218
1072426
1072611
1072721
1072975
1072989
1073127
1073768
1074482
1075002
1075642
1075776
1077554
1077610
1077715
1077902
1077903
1078390
1078525
1079265
1079280
1079318
1079508
1079518
1079887
1080550
1080626
1080662
1081582
1081667
1081811
1081826
1082624
1083566
1083685
1083934
1083992
1084427
1085001
1085173
1085472
1085537
1085635
1086396
1086871
1086925
1086967
1087165
1087283
1087887
1089047
1090427
1090531
1090555
1090672
1090952
1090995
1091133
1091307
1091332
1091430
1091577
1092215
1092237
1092256
1092430
1092539
1092710
1092916
1093154
1093236
1093275
1093486
1093932
1094277
1094680
1094931
1095226
1095875
1095876
1095960
1096228
1096263
1096577
1096832
1097222
1098816
1099441
1099753
1100348
1100514
1100611
1100879
1100942
1101208
1101211
1101218
1101339
1101576
1101728
1102356
1102430
1102456
1102857
1102909
1102914
1103244
1103296
1103330
1104008
1104178
1104747
1105570
1105906
1106124
1106764
1107053
1108561
1108601
1108707
1108743
1108918
1109075
1109250
1109945
1110213
1111279
1111463
1111790
1112458
1112527
1113004
1113287
1113697
1113713
1114175
1114190
1116429
1116673
1117307
1117462
1117624
1117683
1117753
1117904
1117941
1117987
1118034
1118502
1118801
1118839
1118896
1118902
1118939
1119154
1119782
1119797
1119854
1120086
1120117
1120138
1120273
1122159
1122204
1123025
1123031
1123393
1123637
1123668
1124230
1124481
1124736
1124738
1125088
1125225
1125353
1125483
1125602
1126266
1126266
1126438
1126522
1126529
1126872
1127824
1127975
1128501
1128504
1128636
1128830
1129028
1129493
1130324
1130709
1130742
1130903
1130982
1131157
1131302
1131421
1131449
1133859
1133866
1133913
1134312
1134462
1135288
1135887
1135913
1135945
1135975
1136117
1137134
1137799
1137962
1138050
1138259
1138363
1138990
1139029
1139092
1139352
1139507
1139510
1139649
1139763
1139847
1140328
1140417
1140927
1141644
1141926
1142339
1143233
1143497
1143815
1144656
1145025
1145143
1145172
1145230
1145532
1145623
1145861
1146275
1146357
1146455
1146550
1146660
1147206
1147265
1147273
1147338
1147779
1148084
1148261
1148654
1148950
1149319
1149532
1149645
1149678
1149920
1150915
1151769
1152046
1152117
1152353
1152864
1152887
1153076
1153552
1153683
1153699
1154411
1154615
1155186
1155225
1155586
1155617
1155960
1156103
1156206
1156303
1156337
1156539
1156973
1156997
1157035
1157958
1157968
1158471
1158699
1158851
1158852
1159201
1159576
1159678
1159898
1159938
1160165
1160167
1160174
1160741
1160965
1161215
1161549
1161709
1162330
1162419
1162933
1163305
1163829
1164271
1164399
1164406
1165149
1165956
1166580
1166701
1166773
1168665
1169039
1169437
1169539
1169643
1170037
1170092
1170180
1170209
1170339
1170817
1171009
1171181
1171340
1171824
1171831
1171972
1172570
1173351
1173529
1173745
1173956
1174052
1174131
1174507
1175278
1175899
1176061
1176724
1176819
1176924
1177013
1177124
1177305
1177330
1177613
1177626
1177791
1177951
1178082
1178349
1178431
1179600
1181954
1183123
1183464
1183690
1184057
1184139
1184246
1184282
1184369
1184426
1184787
1185295
1185317
1185642
1185800
1186073
1186336
1186623
1186826
1187694
1187980
1188050
1188221
1188310
1188412
1188499
1188663
1188694
1188995
1189047
1189174
1189628
1189730
1189738
1189914
1189936
1190285
1190372
1190908
1190970
1191576
1191781
1191782
1191863
1191906
1191964
1192001
1192119
1192210
1192425
1192482
1192966
1193240
1193346
1193578
1193803
1194065
1194145
1195050
1195055
1195086
1195103
1195109
1195126
1195689
1196191
1197387
1197874
1198196
1199783
1199807
1200360
1200933
1201004
1201106
1201185
1201235
1201278
1201437
1201633
1201645
1201760
1201827
1202749
1202950
1203122
1203256
1203316
1203487
1203596
1203760
1203918
1204169
1204804
1205965
1206288
1206560
1206562
1207004
1207039
1207040
1207158
1207546
1208174
1208469
1208881
1208938
1209531
1209704
1209824
1210256
1211352
1211559
1211950
1212277
1212409
1212626
1213121
1214663
1215038
1215070
1215416
1215623
1216122
1217303
1217604
1217949
1217950
1218167
1218500
1218530
1218615
1218815
1219282
1219706
1219899
1220318
1220674
1221252
1221619
1221721
1221943
1222445
1223407
1223872
1224170
1224342
1224762
1224949
1225048
1225190
1225218
1225246
1225912
1226656
1226684
1226696
1226746
1227088
1227128
1227241
1227430
1227478
1227702
1228095
1228747
1228793
1228873
1229291
1229297
1229374
1229757
1230132
1230487
1230842
1231004
1231612
1231859
1232500
1232815
1232909
1233014
1233710
1233781
1234770
1234770
1235077
1235325
1235542
1236008
1236125
1236376
1236456
1236547
1236658
1236842
1236870
1237055
1237282
1237325
1237899
1237916
1237921
1238148
1238267
1238500
1238669
1238814
1239055
1239130
1240036
1240104
1241115
1241170
1241498
1241631
1242242
1242374
1242611
1242657
1243313
1243515
1243654
1244127
1244672
1244772
1245407
1245934
1245954
1246431
1246836
1248087
1248155
1248176
1248363
1248611
1249072
1249163
1249439
1249906
1251080
1251243
1251974
1251987
1251991
1252273
1252462
1252939
1253214
1253553
1253749
1253954
1254005
1254865
1254895
1255021
1255319
1255504
1255681
1256000
1256130
1256246
1256531
1256538
1257223
1257651
1257697
1257723
1257882
1258106
1258685
1258935
1259007
1259051
1259333
1259759
1259813
1259855
1259978
1260062
1260704
1260902
1261172
1262191
1262252
1263107
1263127
1263228
1263249
1265104
1265143
1265380
1265489
1265960
1266352
1266470
1267662
1267837
1268550
1268633
1268926
1269044
1269827
1269893
1269971
1270078
1270567
1270928
1271026
1271315
1271343
1271553
1271842
1272012
1272195
1272339
1273054
1273103
1273217
1273242
1273732
1273782
1274799
1275337
1275403
1275590
1276960
1277421
1278759
1279103
1279377
1279577
1280096
1280302
1280376
1281075
1281112
1281595
1282035
1282337
1282517
1282815
1283344
1283473
1283549
1283654
1283873
1284221
1284417
1284785
1284788
1285133
1285262
1285681
1286154
1286175
1286332
1286778
1287045
1287863
1288682
1289084
1289241
1290292
1290791
1290905
1291016
1291315
1291445
1291607
1291837
1292533
1292765
1293206
1293272
1293982
1294242
1294859
1295239
1295485
1295563
1296157
1296405
1296633
1296737
1297199
1297209
1297420
1297485
1297582
1298045
1298460
1298609
1299199
1299263
1299283
1300374
1300440
1300455
1301414
1301679
1301712
1301827
1302268
1302304
1302642
1302867
1303633
1305015
1305167
1305240
1305589
1306167
1306495
1306765
1306820
1307327
1307878
1308666
1309366
1309435
1310134
1310153
1310193
1310282
1310376
1310380
1310422
1311229
1311307
1311638
1312397
1312831
1313645
1313812
1313937
1314173
1316289
1316378
1316437
1316664
1316686
1316739
1317005
1317073
1317304
1317340
1317452
1318336
1318339
1318506
1318617
1318951
1319608
1319682
1319773
1319943
1320182
1321122
1321311
1321424
1321500
1321779
1321832
1323059
1323297
1323546
1323610
1324341
1324473
1324919
1324944
1326262
1326379
1326596
1326596
1327088
1327261
1327741
1328135
1328336
1328483
1328566
1328683
1328757
1329012
1329430
1329452
1329571
1329871
1330187
1331078
1331222
1331241
1331291
1331528
1331565
1331591
1331605
1331786
1332002
1332146
1332860
1333271
1333702
1334407
1335888
1336027
1336123
1336181
1336326
1336455
1337861
1338102
1338187
1338320
1339233
1339503
1339580
1339756
1340052
1340126
1340335
1340773
1340847
1340900
1340997
1342004
1342172
1342179
1342614
1343026
1343200
1343388
1343601
1343636
1344169
1344192
1344254
1344449
1345239
1345434
1345582
1346293
1346444
1347023
1347074
1347351
1347494
1347902
1348148
1348225
1348653
1348707
1348894
1349387
1349644
1349648
1350263
1350724
1351769
1351814
1351972
1352003
1352034
1352205
1352716
1352941
1353303
1353430
1353916
1354035
1354583
1354645
1354954
1355007
1355086
1355337
1355406
1355468
1355616
1356088
1356528
1356639
1357007
1357309
1357494
1358542
1358965
1359497
1359572
1360269
1360393
1360451
1360680
1361375
1361777
1362355
1362531
1362626
1363995
1364390
1364525
1365077
1366080
1366313
1366505
1367760
1367835
1367842
1368422
1368728
1368903
1368990
1369181
1369298
1370435
1371026
1371468
1371813
1372090
1372549
1373700
1374092
1374306
1374988
1375297
1375962
1376646
1376843
1377194
1377330
1377747
1377875
1378625
1378701
1378772
1379205
1379309
1379352
1379591
1379776
1379822
1380443
1380607
1380612
1380653
1380836
1380940
1380961
1381339
1381438
1381479
1381594
1382171
1382507
1382744
1382956
1383036
1383110
1383273
1383858
1383992
1384621
1384629
1384669
1385477
1386740
1386787
1386852
1386966
1387089
1387440
1388435
1388530
1389361
1389369
1389392
1389429
1389777
1389942
1390595
1390816
1390844
1391086
1391292
1391623
1391663
1391899
1392934
1393021
1393066
1393319
1393572
1393668
1393873
1393939
1394042
1394159
1394299
1394971
1395023
1395251
1395478
1395974
1396172
1396505
1397154
1398108
1398152
1398725
1398813
1398829
1398893
1399301
1399343
1400195
1400292
1400400
1400404
1400481
1400585
1400772
1400872
1400935
1400959
1402089
1402217
1402305
1402407
1403703
1403802
1404507
1404869
1405241
1405367
1405662
1405882
1406067
1406164
1406497
1406588
1406730
1406756
1406845
1407091
1407217
1407220
1407310
1407418
1407518
1407626
1408659
1409353
1409473
1409797
1409920
1409948
1410533
1410947
1411110
1412749
1413009
1413025
1413666
1413915
1414098
1414161
1414539
1414698
1414799
1414805
1415358
1415542
1415692
1415700
1416157
1416405
1416841
1416870
1417370
1417469
1417532
1417760
1417883
1417992
1418466
1418692
1418897
1418979
1419252
1419294
1419402
1419486
1419650
1420679
1420881
1421378
1421713
1421908
1422359
1422466
1423000
1423465
1423565
1423614
1424776
1424812
1426255
1426607
1426748
1426855
1426955
1427101
1427218
1427256
1427736
1428115
1430860
1431072
1431275
1431691
1431962
1432276
1432445
1432918
1433109
1433883
1434046
1434328
1434523
1434868
1434957
1435311
1435719
1436029
1436692
1436883
1436901
1436911
1437835
1437867
1438149
1438335
1438350
1438647
1438907
1439182
1439729
1440093
1440270
1440603
1440700
1441096
1441476
1441691
1441891
1442140
1442405
1442466
1442806
1443173
1443276
1443803
1445393
1445479
1446297
1446590
1446803
1447822
1447965
1448066
1448887
1448989
1449184
1449322
1449364
1449364
1449681
1450023
1450453
1450542
1451007
1451148
1451176
1451192
1451671
1451910
1451977
1452330
1452469
1452535
1452761
1453038
1453720
1453775
1453805
1453880
1453936
1454036
1455210
1456315
1456770
1457244
1457289
1457330
1457486
1457736
1458040
1458042
1458124
1458286
1458433
1459197
1459476
1459497
1459777
1460023
1460265
1460516
1460671
1460774
1462082
1462510
1463607
1463756
1464098
1464451
1465850
1466243
1467088
1467148
1467562
1467918
1468109
1468501
1468604
1469467
1469705
1470012
1470681
1470715
1470882
1471219
1471973
1472086
1472563
1472654
1472893
1472978
1473974
1474111
1474532
1474690
1475025
1475076
1475542
1476801
1476909
1477173
1477789
1477909
1478141
1478746
1478998
1479527
1480259
1480534
1480594
1481610
1481875
1482429
1482439
1482905
1483118
1484262
1484388
1484418
1484466
1484579
1485478
1485656
1486586
1486659
1486819
1487348
1487684
1488904
1489013
1489062
1489145
1489166
1490012
1490559
1490727
1491200
1491877
1492009
1492384
1492694
1492747
1493111
1493398
1493750
1494836
1495071
1495456
1495463
1496203
1496516
1496576
1496991
1497182
1497296
1499144
1499213
1499484
1499521
1500427
1500512
1500551
1500707
1500725
1501009
1501203
1501928
1502333
1503449
1503576
1503749
1504631
1506020
1506208
1506641
1506967
1506983
1507012
1507060
1507474
1508256
1508546
1508603
1509076
1509181
1509395
1509669
1509706
1511089
1511090
1511422
1511581
1511872
1511964
1512241
1512928
1513134
1513458
1513530
1513849
1513994
1514070
1514242
1514319
1514339
1514480
1515276
1515291
1515293
1515462
1515666
1515688
1515791
1515975
1516154
1516636
1516947
1517146
1517390
1517969
1518041
1518488
1518562
1519020
1519672
1519811
1519827
1519980
1520156
1520450
1520843
1520943
1521350
1522148
1522378
1522590
1523034
1523368
1523752
1524591
1524832
1524855
1524941
1525447
1525527
1525569
1525705
1526464
1527195
1527284
1527388
1527463
1527472
1527508
1527815
1528198
1528576
1529992
1530182
1530427
1531261
1531310
1531688
1531994
1532474
1533469
1533679
1533696
1533768
1533898
1534967
1535016
1535035
1535563
1535818
1536061
1536221
1536292
1536370
1536697
1537008
1537749
1537862
1538152
1539942
1540242
1540467
1540906
1540988
1541273
1541384
1541397
1542352
1542521
1542690
1542957
1542962
1543197
1543264
1543277
1543344
1543408
1543933
1544080
1544321
1544822
1545331
1545879
1545892
1546404
1546433
1546659
1546874
1547215
1547501
1547596
1547711
1547801
1548709
1549334
1550232
1550482
1550963
1550968
1551022
1551303
1551340
1551703
1551873
1551891
1552085
1552091
1552306
1552326
1553362
1553397
1554137
1554155
1554723
1555071
1555271
1555295
1555667
1555701
1556138
1556188
1556201
1556226
1556259
1556379
1556465
1556994
1557010
1557524
1557683
1557695
1558260
1558343
1558374
1559032
1559099
1559406
1559478
1559621
1559663
1559726
1559842
1559858
1559985
1560000
1560235
1560425
1560532
1560889
1561080
1561094
1561644
1562536
1562563
1562629
1562649
1562701
1562925
1563286
1563623
1564066
1564080
1564250
1564628
1564899
1564975
1565061
1565809
1565931
1565968
1566513
1566562
1566664
1567221
1567778
1568012
1568683
1569294
1570105
1570770
1571005
1571213
1572486
1572546
1572588
1573124
1573125
1573127
1573150
1573602
1573636
1574359
1574369
1574426
1574951
1575178
1575571
1575824
1575943
1576082
1576110
1576165
1576281
1576292
1576390
1576470
1577148
1577319
1577595
1578031
1578820
1578960
1579313
1579361
1579485
1579539
1579678
1580224
1581544
1583273
1583377
1583790
1583845
1584089
1584718
1584848
1585171
1585507
1585667
1586301
1587207
1587616
1588316
1588362
1588668
1588775
1588861
1589348
1590243
1590408
1590569
1590895
1591021
1591436
1591482
1592330
1592346
1592445
1592562
1592919
1592963
1592991
1593576
1593903
1594046
1594082
1594234
1594267
1594533
1594829
1594876
1595052
1595562
1596263
1596680
1597091
1597469
1597584
1597817
1597956
1598408
1599621
1599875
1600044
1600293
1600706
1600998
1601242
1601644
1601648
1601798
1602211
1602544
1602595
1602600
1602659
1603177
1603309
1603447
1603515
1603596
1604116
1604124
1604296
1604343
1604384
1604441
1604461
1604895
1605064
1605628
1605951
1606440
1606525
1606656
1606997
1607482
1607686
1607883
1608062
1608105
1608424
1608579
1608757
1609068
1609153
1609888
1610363
1610581
1611189
1611707
1612093
1612566
1612853
1612924
1613002
1613349
1613414
1613556
1613835
1614704
1615264
1615273
1615734
1615749
1615833
1615883
1616203
1616239
1616422
1616991
1617772
1617887
1618438
1618543
1618851
1618869
1619472
1619590
1620561
1620630
1620953
1621756
1621777
1621905
1622289
1622711
1623037
1623614
1623648
1624164
1624280
1624441
1624489
1625088
1625398
1625596
1625892
1626034
1626092
1626247
1626761
1626833
1626937
1626994
1627269
1627576
1628285
1628561
1629021
1629034
1629806
1630076
1630254
1630593
1631836
1631836
1632571
1632957
1633016
1633279
1633492
1633861
1633925
1634365
1634898
1634919
1635096
1635240
1635357
1635998
1636438
1636761
1636867
1637055
1637115
1637363
1637941
1638217
1638445
1638664
1638687
1639022
1639166
1639309
1639562
1639620
1640403
1641598
1642257
1642296
1643366
1644007
1644167
1645004
1645314
1645562
1645618
1645925
1647187
1647434
1647735
1647927
1648163
1648230
1648435
1648607
1649191
1649400
1649433
1649571
1649979
1650033
1650391
1650615
1650903
1650960
1651244
1651347
1651423
1651794
1652221
1652438
1652675
1652690
1653287
1653610
1653638
1653666
1654666
1654688
1654886
1655005
1655728
1655752
1655860
1656182
1656182
1656285
1656376
1656790
1656915
1657675
1657858
1658298
1658441
1658673
1659253
1659466
1659581
1659849
1659940
1659997
1660587
1660655
1660742
1661200
1661634
1662045
1662081
1662120
1662292
1662321
1662967
1663186
1663515
1663678
1664119
1664268
1664365
1664863
1665141
1665632
1665643
1665771
1665912
1666388
1666412
1666532
1666790
1667948
1668545
1668841
1669204
1669268
1669322
1670189
1670367
1671066
1671129
1671788
1672386
1672423
1672793
1674539
1674568
1674727
1675408
1675890
1676453
1676775
1677232
1677366
1677429
1677475
1677622
1677711
1678344
1678514
1678633
1679074
1679194
1679732
1680099
1680401
1680570
1681007
1681278
1681449
1682409
1682604
1682862
1683148
1683284
1683360
1683518
1683530
1683609
1683663
1683691
1684032
1684592
1684660
1684748
1685102
1685138
1685314
1685346
1685984
1686129
1686672
1686746
1686806
1687098
1687161
1687650
1687940
1688033
1688135
1688167
1688295
1688383
1688484
1688837
1688987
1689175
1689183
1689498
1689605
1690214
1690351
1690709
1691656
1691807
1692064
1692075
1692078
1692176
1692322
1692428
1692456
1692543
1692786
1693017
1693191
1694047
1694413
1694468
1694640
1695508
1696625
1696643
1697507
1697549
1697758
1697983
1698812
1699016
1699083
1699578
1699603
1699825
1699962
1700028
1700736
1700955
1701396
1701920
1702087
1702921
1703398
1703553
1703917
1703918
1704421
1704467
1704617
1705114
1705506
1705619
1705843
1706082
1707141
1707508
1707620
1707918
1707928
1708212
1708980
1709654
1711520
1711690
1711710
1712122
1712726
1712868
1712981
1713112
1713186
1713246
1713500
1713695
1713727
1713760
1713921
1714429
1714670
1714739
1714826
1715045
1715554
1715603
1715850
1716184
1716238
1716732
1716738
1716839
1716875
1717295
1717348
1717879
1718281
1718977
1718988
1719368
1719946
1720021
1720167
1720195
1720223
1720358
1720360
1720711
1721364
1721957
1722236
1722465
1722513
1722685
1723368
1723424
1723827
1725075
1725864
1726190
1726230
1726502
1727084
1727193
1727202
1727451
1727653
1727858
1728153
1728552
1728910
1728951
1729060
1729271
1729680
1729833
1730391
1730570
1730761
1730879
1731102
1731609
1731996
1732294
1732557
1732902
1733194
1733822
1734172
1735423
1735453
1735503
1735630
1735654
1735662
1735682
1735869
1736084
1736240
1737653
1738880
1740175
1740235
1740877
1741230
1741312
1741325
1741605
1741870
1741988
1742578
1743513
1743557
1743870
1744301
1746365
1746732
1747272
1747610
1747644
1747902
1748092
1748251
1748561
1749383
1749607
1750023
1750051
1750923
1751002
1751061
1751078
1751098
1751200
1751330
1751938
1751961
1752996
1753990
1754208
1754330
1754837
1754971
1755152
1755519
1755532
1755760
1755772
1755827
1757171
1757415
1758438
1758449
1758970
1759007
1759172
1759217
1759218
1759320
1759569
1759735
1759757
1760006
1760998
1761710
1762392
1762917
1762944
1763056
1763619
1763630
1763704
1763754
1763768
1764334
1764397
1765354
1765434
1765513
1765818
1765993
1766347
1767213
1767404
1767409
1767826
1768057
1768398
1768543
1769019
1769148
1770111
1770578
1770678
1770683
1772110
1772937
1773410
1773735
1774211
1774679
1775624
1775660
1775674
1775759
1776150
1776538
1776934
1778258
1778285
1778914
1779063
1779504
1779544
1779810
1780389
1780821
1780995
1782835
1782970
1782979
1783130
1783222
1783365
1783641
1783660
1783879
1784714
1784794
1785469
1786001
1786217
1786241
1786801
1787141
1787288
1787329
1787945
1788445
1788930
1789062
1789572
1789818
1789889
1789912
1791086
1791233
1791919
1792051
1792259
1792745
1793056
1793145
1793659
1794088
1794593
1794947
1795391
1795445
1795456
1795830
1795962
1796174
1796175
1796420
1796570
1796930
1797012
1797139
1797167
1798056
1798524
1798642
1798770
1798926
1799040
1799308
1799325
1799562
1799749
1800002
1800284
1800478
1800610
1800863
1802036
1802042
1802203
1802674
1803084
1804011
1804173
1804438
1805057
1805581
1805907
1805941
1806152
1806192
1806200
1806405
1806795
1806990
1807208
1807491
1807966
1808200
1808919
1808935
1808990
1809343
1809414
1809833
1810152
1810283
1810291
1811827
1812813
1813050
1813527
1813881
1813930
1814089
1814619
1814823
1814874
1815098
1815176
1815327
1815339
1815558
1816019
1816033
1816234
1816744
1817125
1817440
1817739
1817745
1818246
1818589
1818891
1819121
1819819
1819854
1819894
1819968
1820503
1820718
1821175
1821255
1821648
1821984
1822030
1822370
1822813
1823399
1823447
1823885
1823908
1824354
1825572
1825903
1826651
1827007
1827128
1827660
1827736
1828150
1828339
1828582
1828668
1829420
1829902
1830387
1830796
1830924
1831408
1831645
1831742
1832050
1832457
1832815
1832819
1832988
1833049
1833080
1833715
1833877
1834091
1834172
1834784
1834848
1835005
1835045
1835278
1835312
1835434
1835667
1835706
1835962
1836077
1836147
1836155
1836298
1836535
1836599
1836658
1836922
1837209
1837320
1837643
1837696
1838136
1838273
1838530
1838594
1839447
1839814
1839818
1840201
1840367
1840402
1840566
1840647
1841224
1841240
1841969
1842423
1842967
1843011
1843199
1843287
1844043
1844334
1844427
1844523
1844988
1845073
1845110
1845669
1845801
1845815
1846038
1846087
1846453
1846652
1846902
1847600
1847685
1847725
1849632
1849765
1850034
1850628
1850942
1851045
1851629
1851693
1851975
1852817
1852901
1853179
1853333
1853442
1853766
1854052
1854493
1854506
1854625
1855006
1855159
1855259
1855762
1855980
1856277
1856420
1856455
1856869
1856936
1857200
1857264
1857374
1857678
1857990
1858089
1858156
1858194
1858393
1858504
1858547
1859102
1859414
1860471
1860865
1860993
1861015
1861029
1861132
1861374
1861741
1861915
1862109
1862139
1862269
1862626
1862674
1862862
1863232
1863294
1863928
1864557
1865242
1865286
1865506
1865652
1865714
1865823
1866065
1866207
1866224
1868371
1868533
1868541
1868962
1869736
1869978
1869984
1870357
1870480
1870671
1871155
1871321
1871900
1871993
1872908
1873125
1873841
1873980
1874139
1874312
1874420
1874835
1875059
1875181
1876471
1876901
1877198
1877622
1877676
1877886
1877968
1878379
1878647
1879023
1879086
1879183
1879396
1879558
1880210
1880430
1880712
1881616
1882083
1882291
1882532
1882606
1883017
1883262
1883921
1884420
1884640
1884775
1884835
1885050
1885328
1885709
1886079
1886127
1886437
1886471
1886841
1887006
1887245
1887631
1888544
1890339
1890569
1891415
1891967
1892009
1892894
1893709
1893723
1893725
1893829
1894829
1895412
1895426
1896737
1896820
1896864
1897036
1897112
1897400
1897718
1897836
1897925
1898029
1898315
1898655
1899295
1899321
1899444
1900252
1900339
1900454
1900802
1900993
1901193
1901363
1901479
1901695
1902125
1902343
1902843
1902915
1903359
1903987
1904009
1904300
1904425
1904561
1904571
1904608
1904610
1904941
1905052
1905526
1905951
1906016
1906329
1907125
1907155
1907207
1907853
1907963
1908125
1908218
1908344
1908690
1908722
1909029
1909158
1909177
1909248
1909337
1909701
1909710
1909944
1910154
1910479
1910672
1910834
1911408
1912041
1912596
1912909
1913234
1913393
1913995
1914630
1914817
1914987
1915736
1915746
1916111
1916387
1916829
1917078
1917920
1917959
1918127
1918203
1918291
1918301
1919000
1919068
1919555
1920320
1920455
1921526
1921772
1921894
1921942
1922013
1922444
1922781
1922936
1923119
1923296
1923536
1923679
1924746
1924937
1925152
1925391
1925481
1926010
1926032
1926234
1926936
1927896
1928952
1929177
1929275
1929396
1929490
1929501
1930121
1930219
1930233
1930294
1931340
1932193
1932717
1932821
1932972
1933271
1933577
1933789
1933949
1934342
1934521
1935190
1935598
1935636
1935924
1936267
1936301
1936575
1936610
1937061
1937697
1937786
1937939
1937971
1938165
1938207
1938909
1938953
1939034
1939363
1939792
1939825
1939829
1940448
1941278
1941282
1941362
1942256
1942463
1942633
1943537
1943874
1944731
1944936
1945259
1945409
1945611
1945757
1946469
1946474
1946609
1947090
1947897
1948135
1948159
1948305
1948323
1948579
1948865
1949046
1949054
1949272
1949321
1949703
1949751
1950330
1950331
1951222
1951339
1951547
1951681
1952164
1952395
1952791
1952820
1952901
1952908
1952946
1953310
1953425
1953996
1954028
1954556
1954582
1955796
1956004
1956343
1956644
1956684
1956998
1957096
1957328
1957359
1957654
1958156
1958244
1958660
1959246
1959749
1960204
1961689
1961780
1961841
1961963
1962103
1962624
1962968
1963411
1964043
1964680
1964817
1965156
1965678
1966780
1966963
1967030
1967672
1967804
1968276
1968493
1968823
1968949
1969121
1969454
1969562
1969944
1969975
1970043
1970397
1970998
1971010
1971578
1971730
1972268
1972362
1972982
1973031
1973566
1973853
1974368
1975362
1975618
1976300
1976895
1976914
1976975
1977283
1977309
1977838
1978136
1979437
1979993
1980048
1980267
1982536
1982805
1983075
1983378
1983419
1983456
1983542
1983616
1984574
1984914
1984939
1985312
1985449
1986021
1986224
1986385
1986414
1986660
1986746
1987363
1987397
1987467
1987564
1988232
1989003
1989321
1989791
1989815
1990257
1990466
1990569
1990721
1990830
1991132
1991147
1991314
1991325
1991434
1991464
1992208
1992966
1993359
1993436
1993468
1994013
1995009
1995053
1995122
1996077
1996120
1996154
1996204
1996853
1997143
1997203
1997226
1997326
1997333
1997341
1997770
1998048
1998562
1998657
1999070
1999080
1999196
2000082
2001088
2001311
2001623
2001690
2001699
2002292
2002474
2003332
2003413
2003470
2003605
2003760
2004068
2004598
2004898
2005020
2005157
2005233
2005536
2005679
2005836
2005911
2006207
2006404
2006574
2006657
2006762
2007043
2007166
2007401
2007417
2007765
2007797
2008823
2009272
2009602
2009759
2011369
2011393
2011433
2011506
2011595
2011685
2011824
2012372
2012438
2012505
2012597
2013400
2014308
2014727
2015201
2015244
2015279
2015615
2015625
2015815
2015858
2015887
2015921
2016012
2016234
2016491
2016707
2017174
2017277
2017848
2018394
2019493
2019917
2020071
2020339
2020876
2021947
2022352
2023087
2023573
2023683
2023880
2023979
2024477
2024698
2024965
2025305
2025423
2025495
2025874
2025926
2026014
2026096
2026299
2026444
2026753
2027008
2027193
2027508
2028037
2028209
2028232
2028337
2028375
2028980
2029290
2029552
2030092
2030163
2030250
2030602
2030608
2030738
2031413
2031539
2032408
2032423
2032615
2032894
2033016
2033807
2034886
2035300
2035431
2036496
2036644
2037514
2037552
2038064
2038267
2038395
2038492
2038835
2039505
2040819
2040911
2041776
2042190
2042292
2042465
2042801
2043009
2043038
2043200
2043200
2043915
2043993
2044087
2044171
2044378
2044463
2044569
2045034
2045169
2045627
2045790
2046400
2046401
2046447
2046627
2046846
2047762
2048481
2048799
2048996
2049243
2049257
2049295
2049606
2049652
2050276
2050695
2050908
2050914
2050964
2050998
2051320
2051797
2052757
2052857
2053492
2053580
2053616
2053722
2054179
2054338
2054368
2054425
2054502
2054972
2055126
2055134
2055225
2055229
2055342
2055394
2055726
2055981
2055998
2056103
2056324
2056410
2056445
2056660
2056676
2056830
2057289
2057832
2058126
2058447
2058888
2059528
2059674
2059773
2060058
2060247
2060396
2060429
2060666
2061494
2061847
2062037
2062163
2063079
2063291
2063367
2063598
2063940
2064122
2064417
2065055
2065236
2065768
2066589
2066919
2066928
2067316
2067682
2068637
2068680
2069016
2069027
2069484
2069484
2069753
2069893
2069988
2070289
2070397
2070717
2071043
2071075
2071844
2072048
2072729
2072820
2072868
2073076
2073117
2073356
2073515
2073674
2074124
2074520
2074967
2075266
2075310
2075366
2075646
2075748
2076257
2076541
2077168
2077680
2077686
2078376
2078839
2078908
2079025
2079378
2079618
2080546
2080638
2081022
2081158
2081434
2081585
2081973
2082040
2082065
2082069
2082365
2082514
2082572
2082677
2082778
2082968
2083343
2084166
2084485
2084807
2085181
2085295
2085411
2085551
2085730
2085974
2086682
2086855
2087307
2087708
2087955
2089166
2089457
2089615
2089650
2089961
2090034
2090245
2090604
2091235
2091612
2091722
2091967
2092723
2093061
2093081
2093690
2093809
2094439
2094591
2094752
2095071
2095222
2095256
2095584
2095658
2096091
2096157
2096157
2096178
2096218
2096522
2096677
2096678
2096992
2097941
2098013
2098021
2098108
2098115
2098164
2098351
2098417
2098505
2098850
2098869
2099366
2099571
2100247
2101164
2102119
2102131
2102466
2102472
2102628
2103580
2105037
2105066
2105537
2105718
2106666
2106727
2106776
2106778
2107140
2107746
2107834
2108181
2108275
2108354
2108798
2109558
2109656
2109908
2109929
2110183
2110509
2110825
2111379
2111578
2111639
2111668
2111701
2111931
2111947
2112431
2112521
2112894
2113014
2113450
2113894
2114020
2114169
2114844
2115015
2115202
2115620
2115801
2116512
2116686
2117067
2117463
2118016
2118457
2118526
2118785
2118933
2119060
2119129
2119209
2119230
2119315
2119384
2119399
2119899
2120440
2121635
2121791
2121871
2122017
2122081
2122632
2122898
2122933
2122998
2123137
2123419
2124252
2124567
2124724
2124938
2124951
2125550
2126315
2126496
2126591
2126743
2127237
2127721
2127732
2127895
2128815
2130145
2130494
2131341
2132039
2132553
2132570
2132891
2133056
2133122
2133303
2133818
2133926
2134125
2134513
2134663
2134692
2134773
2135279
2136291
2136404
2136567
2136817
2137032
2137920
2138066
2138295
2139650
2140802
2141437
2141446
2141516
2141685
2141796
2142745
2143145
2144055
2144231
2144280
2144457
2144492
2144535
2144553
2144921
2145947
2146264
2146363
2146449
2146564
2146895
2148722
2148748
2149172
2149351
2149681
2150291
2150581
2150851
2150881
2151095
2151239
2151299
2151358
2152106
2152375
2152396
2152482
2152515
2152569
2152685
2152724
2152815
2152833
2152842
2153355
2153977
2154146
2154255
2154360
2154384
2154497
2154925
2156084
2156255
2156655
2156765
2156869
2156883
2156939
2156940
2157081
2158131
2158823
2159202
2159411
2159540
2159683
2159885
2160040
2160238
2160278
2160553
2160750
2160931
2161033
2161096
2161279
2161399
2161432
2161528
2161973
2162324
2162351
2163393
2163544
2163764
2163869
2163977
2164181
2164569
2164877
2165124
2165209
2165218
2165344
2165437
2166114
2166519
2166618
2166865
2166878
2167066
2167275
2167593
2167673
2167805
2167909
2167944
2168160
2168310
2168847
2168892
2169007
2169439
2169580
2169853
2170145
2170587
2170804
2171379
2171404
2171948
2172101
2172380
2172483
2172525
2172649
2172875
2172936
2172980
2173629
2173992
2174358
2174611
2174706
2175279
2175504
2175810
2176506
2176560
2176746
2176939
2177529
2177717
2177817
2178074
2179020
2179146
2179472
2179590
2179910
2179948
2180174
2180189
2180615
2181647
2181743
2181989
2182041
2182101
2182102
2182488
2182570
2182696
2182831
2183149
2183198
2183379
2183660
2183693
2184223
2184439
2184705
2185470
2185486
2185934
2186395
2186488
2186928
2186967
2186998
2187110
2187274
2187565
2187616
2187651
2188704
2189113
2189163
2189181
2189406
2189639
2190516
2190984
2191779
2192474
2192603
2192761
2193095
2193320
2193366
2193418
2193645
2193656
2193796
2194525
2194918
2195022
2195674
2195681
2195828
2196101
2197123
2197141
2197280
2197842
2198243
2198246
2198330
2199061
2199633
2199799
2199931
2200199
2200432
2201088
2201287
2202013
2202056
2202081
2202231
2202519
2202853
2202879
2203050
2203224
2204534
2204800
2205430
2205791
2206210
2206768
2206980
2207140
2207590
2207792
2207815
2207904
2208513
2208918
2209543
2209608
2209776
2210116
2210208
2210278
2210872
2210966
2211197
2212727
2212730
2212989
2213114
2213188
2213584
2213692
2213787
2214515
2214665
2214875
2215043
2215162
2215228
2215284
2215657
2215835
2216067
2216104
2216125
2216250
2216401
2216757
2216912
2217396
2217461
2217704
2217982
2218162
2218205
2219029
2219216
2219476
2219499
2220505
2220544
2220684
2220779
2220873
2221168
2221168
2221638
2221745
2221783
2221798
2221855
2221870
2221952
2222178
2223002
2223567
2223867
2224245
2224438
2224613
2225547
2225637
2226108
2226109
2226212
2226345
2226385
2228106
2228443
2228458
2228920
2229980
2230191
2230415
2230419
2231195
2231312
2231519
2231639
2231825
2231874
2232228
2232524
2232664
2232848
2233568
2233665
2234466
2234865
2234892
2234983
2235203
2235374
2235440
2235654
2235967
2236012
2236550
2236838
2237430
2237759
2238864
2238876
2239450
2239457
2239919
2240107
2240119
2240668
2240677
2240692
2241353
2242099
2242555
2242904
2243030
2243092
2243114
2243653
2243788
2244290
2244396
2244695
2245730
2246058
2246200
2246330
2246349
2246419
2246511
2246997
2247362
2247540
2247632
2247751
2248077
2248871
2249300
2249409
2249753
2249771
2249871
2249911
2250638
2250827
2250948
2251090
2251229
2251615
2251752
2251885
2252001
2252546
2252612
2254162
2254255
2254326
2254639
2254728
2254743
2254884
2254900
2256643
2256862
2256908
2257085
2257132
2257263
2257352
2258034
2259096
2259146
2259218
2259475
2259505
2259812
2260840
2261133
2261160
2262174
2262179
2262705
2262771
2262815
2262957
2262995
2263090
2263178
2263314
2263849
2264406
2264926
2265144
2265769
2265772
2265864
2265919
2266013
2266135
2266167
2266232
2266856
2267107
2268270
2268721
2269094
2269670
2269749
2269760
2270529
2270578
2270743
2270777
2270844
2272387
2272996
2273375
2273934
2274281
2274479
2274546
2274648
2275015
2275208
2275484
2275974
2276319
2276758
2276833
2277267
2277316
2278184
2278290
2278645
2278667
2278683
2278974
2279035
2279598
2279772
2279868
2280041
2281383
2282774
2283265
2283567
2283587
2283615
2283805
2283813
2283853
2283952
2284214
2284267
2284285
2284506
2284761
2285154
2285219
2285277
2285985
2286025
2286273
2286347
2286524
2287056
2287083
2287100
2287258
2287378
2287621
2287985
2288073
2288251
2288803
2289000
2289415
2289821
2289909
2290516
2290851
2291243
2291313
2291421
2292120
2293041
2293392
2293480
2293913
2294010
2294235
2294396
2294896
2294938
2295221
2295233
2295282
2295641
2295702
2295759
2295823
2296219
2296366
2296486
2296889
2297780
2298349
2298358
2298502
2298654
2299201
2299363
2299839
2300049
2300712
2300782
2300833
2301206
2301632
2301700
2301906
2302055
2302482
2302689
2302735
2302849
2303010
2303289
2303678
2303790
2304004
2304604
2304688
2304972
2305197
2306445
2306628
2307724
2308580
2308666
2308809
2309081
2309432
2310016
2310172
2310191
2310521
2310556
2311081
2311146
2311447
2311476
2311503
2311976
2312155
2312161
2312259
2312317
2312719
2313230
2313244
2313671
2314253
2314377
2314683
2314737
2314948
2314983
2316009
2316255
2316430
2316698
2317586
2318131
2318169
2318437
2319788
2320378
2320736
2320917
2321516
2322106
2322158
2322201
2322471
2322711
2322794
2323067
2323088
2323301
2323533
2323687
2323821
2324242
2324265
2324880
2324942
2325221
2325943
2326782
2326908
2327492
2327918
2328089
2328278
2328684
2329212
2329602
2329609
2329779
2330583
2330594
2330639
2330783
2331578
2331773
2331879
2331906
2332167
2332297
2332323
2332362
2332382
2332574
2333064
2333143
2333660
2333730
2334667
2335137
2335574
2335613
2336046
2336602
2337579
2337906
2338342
2338518
2338529
2339506
2339984
2339986
2341101
2341433
2342558
2342816
2342842
2342851
2342955
2343839
2345375
2345730
2345796
2345801
2346128
2346173
2346605
2348077
2348113
2348155
2348254
2348485
2348956
2349394
2349701
2349724
2350200
2350222
2350315
2350613
2350646
2350760
2350888
2350940
2350986
2351123
2351235
2351262
2351813
2352144
2352235
2352348
2352631
2353083
2353187
2353716
2353962
2354108
2354192
2354375
2354478
2354717
2355108
2356218
2356291
2358074
2358133
2359070
2359255
2359387
2359577
2359695
2360037
2360343
2360773
2361226
2361237
2361394
2362430
2362467
2362476
2363544
2363696
2363828
2364459
2364523
2364738
2364768
2365537
2366019
2366234
2366445
2366625
2367026
2367263
2367302
2367336
2367428
2368078
2368318
2368616
2368632
2369122
2369228
2369245
2369448
2369764
2369923
2370229
2370918
2370927
2370934
2370966
2371009
2371871
2371921
2371991
2372415
2372598
2373059
2373153
2373333
2373452
2373701
2373712
2373836
2374327
2374605
2374663
2374854
2374951
2375068
2375188
2375364
2375706
2375791
2376347
2376519
2377689
2377738
2377979
2379817
2380234
2380504
2380836
2381745
2381913
2382034
2382499
2383095
2383187
2383438
2383444
2383607
2383983
2384492
2384707
2384759
2385079
2385212
2385235
2385695
2385785
2385836
2386283
2387011
2387258
2387668
2388106
2388654
2388991
2389182
2389413
2389553
2389934
2390607
2390634
2391147
2391179
2391822
2392890
2393043
2393367
2393452
2393872
2394082
2394119
2394167
2394283
2394594
2394675
2394909
2395027
2395197
2395416
2395708
2395948
2396069
2396536
2396677
2396982
2397338
2397390
2397698
2398206
2398542
2398598
2398714
2398814
2398975
2399103
2399368
2399494
2399857
2400403
2401783
2402230
2402425
2402507
2404112
2404127
2404548
2404607
2404800
2405204
2405268
2405358
2405689
2405768
2405831
2406977
2407338
2407387
2407579
2407971
2408282
2408864
2408887
2409251
2409590
2409761
2410423
2410675
2410775
2411207
2411586
2412751
2412852
2413001
2413050
2413186
2413222
2413228
2414270
2414879
2415488
2415591
2415673
2415746
2415970
2416870
2416916
2417007
2417396
2417980
2418383
2418403
2418442
2418531
2418676
2418857
2419292
2419745
2420063
2420141
2420200
2420836
2421156
2421309
2421351
2421430
2421674
2421746
2422085
2422223
2422463
2422824
2422951
2423346
2423619
2423706
2423986
2424494
2424953
2424963
2425569
2425634
2425829
2426019
2426024
2426079
2427073
2427533
2427588
2427697
2427868
2428006
2428997
2429058
2429189
2429435
2429710
2430896
2431523
2431755
2431798
2431924
2432422
2432650
2433453
2434231
2434547
2434665
2434948
2435211
2435449
2435675
2436132
2436312
2436606
2437009
2437059
2437087
2437289
2438438
2438521
2438609
2439282
2439366
2439760
2439808
2440110
2440264
2440856
2440863
2441320
2441502
2442000
2442268
2442676
2442833
2443079
2443428
2443720
2444752
2444760
2444805
2444840
2444998
2445257
2445847
2446009
2446071
2446566
2446593
2446983
2447654
2448798
2448963
2449009
2449776
2450183
2450813
2450974
2451140
2452038
2452839
2453172
2453559
2454402
2454475
2454666
2454844
2455002
2455040
2455093
2455237
2455318
2455678
2456669
2456774
2457060
2457642
2457947
2458495
2459437
2459557
2459586
2459625
2460017
2460080
2460179
2460267
2461669
2461953
2461975
2462298
2462473
2462509
2462914
2463229
2463745
2463799
2463900
2464472
2464601
2464824
2464833
2464870
2465830
2466352
2466540
2468299
2468494
2468584
2468680
2468823
2469078
2470027
2470241
2470477
2470489
2470882
2471266
2472238
2472261
2472404
2472670
2473384
2473513
2473547
2473889
2474386
2474433
2474493
2474495
2474561
2474883
2475494
2476124
2476491
2476556
2477461
2477636
2478881
2478917
2479336
2481743
2481838
2483154
2483953
2484036
2484111
2484214
2484258
2484286
2484419
2484747
2485091
2485248
2485664
2486304
2486599
2486614
2486964
2487129
2487373
2487615
2487636
2488153
2488795
2489292
2490243
2491729
2491743
2491768
2491993
2492658
2492838
2492936
2493036
2493186
2493392
2494631
2494881
2495048
2495975
2497255
2497492
2498084
2498784
2498975
2499470
2499869
2499939
2499986
2501229
2501247
2501306
2501516
2501899
2502488
2502514
2502530
2502610
2502915
2503279
2503386
2503679
2503941
2505038
2505082
2505845
2505920
2506155
2506507
2506582
2506625
2507657
2507704
2507957
2508104
2508272
2508870
2509158
2509247
2509689
2510047
2510082
2510260
2510301
2510390
2511311
2511335
2511339
2512109
2512378
2513022
2513050
2513533
2513874
2513980
2514009
2514660
2514822
2514904
2515628
2516571
2516737
2516755
2516756
2516922
2516990
2517011
2517751
2517826
2518280
2518387
2519512
2519647
2520060
2520157
2520192
2520357
2520417
2520457
2520465
2520574
2520761
2520966
2521263
2521334
2522664
2522671
2522804
2522877
2523073
2523098
2523217
2523311
2523698
2523747
2523772
2524732
2524872
2525250
2525873
2526485
2526510
2526564
2526717
2527522
2527795
2527809
2527919
2528058
2528105
2528782
2530478
2530504
2531418
2531783
2531872
2532009
2533915
2534076
2534239
2534275
2534837
2534866
2535481
2535617
2535768
2536593
2536802
2537239
2537378
2537536
2537818
2538903
2539455
2539681
2539828
2539900
2540307
2540324
2540578
2540786
2540849
2540946
2541028
2541150
2541725
2542250
2542299
2542660
2542806
2543184
2543783
2543811
2544132
2544245
2544309
2544481
2544608
2544620
2544680
2544755
2544776
2545012
2545407
2545710
2545860
2546121
2547010
2547444
2548018
2549705
2550297
2550351
2550402
2550645
2550731
2550896
2551460
2551497
2551835
2551969
2552351
2552725
2552988
2553121
2553236
2553751
2553777
2554039
2554076
2554396
2554620
2555485
2556141
2556478
2556572
2556674
2557955
2558006
2558628
2560001
2560363
2560370
2560999
2561116
2561542
2561769
2561818
2562279
2562632
2562665
2562790
2562984
2563055
2563079
2563417
2563544
2564145
2564271
2564440
2564467
2564511
2565400
2565447
2567267
2568009
2568144
2568383
2568600
2569093
2569632
2570151
2570159
2570471
2570602
2570722
2570785
2571254
2571384
2571419
2572019
2572073
2572155
2572474
2572765
2573088
2573215
2573434
2573545
2573555
2573635
2573948
2574005
2575826
2576007
2576088
2576126
2576420
2576627
2577136
2577360
2577397
2577558
2577845
2577988
2578529
2578550
2578614
2578680
2579140
2579623
2579845
2580078
2580298
2580332
2580449
2580479
2580815
2580853
2580938
2581308
2582602
2582692
2582720
2582833
2583307
2583546
2583586
2583893
2584044
2584156
2584200
2584509
2584920
2585190
2585209
2586056
2586277
2586451
2586505
2586646
2587061
2587107
2587385
2588527
2588712
2588884
2589299
2589806
2589845
2590199
2590204
2590425
2590580
2590670
2590756
2591294
2592310
2592485
2593092
2593469
2594061
2594307
2594677
2595358
2595483
2595818
2596582
2596633
2596826
2597322
2597657
2598421
2598818
2599803
2599923
2600479
2600519
2601068
2601410
2601635
2601934
2602239
2602613
2603040
2603088
2603124
2603227
2603320
2603360
2603422
2603581
2604119
2604227
2604365
2604418
2604604
2604868
2604871
2605149
2605567
2606022
2606310
2606373
2606435
2606570
2607352
2607521
2607521
2607581
2608144
2608363
2608424
2608743
2609233
2610333
2610423
2610599
2610621
2611090
2611436
2611566
2611929
2612913
2613511
2614691
2615234
2616090
2616906
2617017
2617309
2617502
2617514
2617823
2618094
2618120
2618302
2618331
2618456
2618582
2618787
2619389
2619867
2620191
2620391
2620516
2620786
2621226
2621298
2621614
2622083
2622189
2622278
2622335
2622408
2622461
2622484
2622513
2623036
2623257
2623379
2623789
2623850
2624318
2624626
2624902
2625806
2626009
2626085
2626180
2626299
2626494
2626612
2626691
2627027
2627171
2627217
2627487
2627934
2628107
2628265
2628412
2628482
2629286
2629890
2631520
2631634
2632250
2632293
2632748
2632786
2632972
2633711
2633965
2634010
2634544
2635251
2635658
2635833
2636472
2636547
2636620
2636811
2636945
2637061
2637325
2637644
2637848
2637906
2638299
2638913
2639298
2639874
2640386
2640725
2640926
2641166
2641258
2641286
2641710
2642132
2642296
2642478
2642518
2643414
2643626
2643762
2644016
2644097
2644145
2644231
2644249
2644255
2644311
2645206
2645693
2645908
2646032
2646086
2646399
2646540
2646665
2646764
2647028
2647124
2647246
2647421
2647488
2648270
2648398
2648803
2648804
2648875
2649048
2649812
2650368
2650391
2650791
2650876
2651044
2651298
2651486
2652144
2652288
2652377
2652593
2652643
2652795
2652826
2653177
2653269
2654586
2654648
2654841
2655824
2656200
2656265
2656483
2656807
2656868
2657000
2657123
2657284
2657309
2657488
2657787
2657861
2658031
2658043
2658211
2659091
2659327
2659735
2660383
2660429
2660555
2660790
2660902
2660931
2660965
2661905
2663016
2663882
2664257
2666402
2666446
2666457
2666566
2667587
2667765
2668185
2668270
2668509
2668982
2669058
2669291
2670775
2670852
2670855
2670921
2671016
2671056
2671252
2671463
2671642
2671727
2671747
2671983
2672198
2672567
2673457
2673507
2674042
2674481
2674612
2674736
2674835
2675042
2675098
2675249
2675427
2675590
2676112
2676261
2676398
2676511
2677290
2677632
2677664
2677704
2678730
2678788
2678788
2679052
2679473
2679513
2679875
2680436
2680761
2680988
2682011
2682121
2682165
2682376
2682742
2683865
2684031
2684245
2684954
2685276
2685366
2685807
2686064
2686086
2686226
2686343
2686453
2686610
2686894
2687132
2687381
2687395
2688124
2688470
2688937
2689686
2689824
2689836
2690497
2690747
2691076
2691670
2692445
2692645
2692692
2692927
2693109
2693125
2693199
2693519
2693521
2693843
2694678
2694829
2695804
2696104
2696775
2696833
2696894
2697123
2697385
2697458
2697986
2699168
2699273
2699329
2699770
2699792
2700014
2700485
2700600
2701330
2701584
2701837
2701990
2702787
2702798
2703808
2703812
2704889
2705094
2705198
2705204
2705656
2705826
2706134
2706552
2706592
2706665
2707224
2707870
2708098
2708427
2708737
2708762
2708849
2708898
2709212
2709967
2710001
2710089
2711029
2711653
2711814
2711839
2713086
2713134
2713384
2714126
2714299
2715172
2715921
2715943
2716211
2716339
2717056
2717057
2717217
2717437
2717774
2718213
2718305
2718936
2718957
2719036
2719051
2719294
2719309
2719813
2720232
2720480
2720702
2720825
2720874
2720902
2721134
2721183
2721268
2721524
2721655
2721747
2721790
2721822
2721992
2722500
2722821
2722973
2723185
2723735
2723972
2724266
2724546
2725026
2725038
2725514
2726011
2726297
2726548
2727359
2727519
2727541
2727733
2727882
2728151
2728205
2728441
2728630
2728723
2729511
2729928
2731108
2731367
2731404
2731472
2731906
2732362
2732432
2732595
2733067
2733320
2733387
2733709
2733710
2733731
2734566
2735186
2735234
2736112
2736578
2737142
2737796
2737986
2738189
2738423
2738598
2738892
2739027
2739119
2739195
2739222
2739376
2739983
2740371
2740734
2740906
2741065
2741328
2741638
2742090
2742137
2742304
2743106
2743126
2744090
2744327
2744911
2745150
2745206
2745346
2745846
2746011
2746127
2746286
2746694
2747053
2747055
2748481
2748751
2748918
2748919
2749014
2749034
2749246
2749370
2749624
2749647
2749785
2750064
2750409
2750678
2752117
2752227
2752247
2752946
2752997
2753549
2753788
2754536
2754751
2754857
2755510
2756475
2756615
2757383
2757548
2758211
2758325
2758752
2759606
2759855
2760091
2760306
2760367
2760479
2760495
2760521
2760686
2760854
2761019
2761135
2761225
2761302
2761418
2761646
2761804
2762004
2762298
2762358
2762647
2763475
2764225
2764383
2765282
2765327
2765817
2766205
2766471
2766806
2766959
2768453
2768548
2769001
2769310
2769358
2769400
2769908
2770140
2770905
2770960
2771220
2771680
2772068
2772548
2772778
2772926
2773120
2773204
2773413
2773473
2774195
2774409
2774674
2774971
2775222
2775533
2775541
2776335
2776417
2776882
2777028
2777644
2777983
2778585
2778949
2779026
2779082
2779301
2780085
2780661
2781650
2781709
2781837
2782930
2783138
2783600
2783668
2783951
2784316
2784525
2784921
2785545
2785587
2785616
2785720
2785860
2785867
2786011
2786437
2786584
2786754
2787689
2788613
2789619
2790128
2790637
2790884
2791083
2791561
2791668
2791849
2792023
2792317
2792457
2792717
2792891
2793190
2793212
2793678
2794087
2794811
2794813
2795071
2795135
2795236
2795301
2795519
2795788
2795806
2796041
2796193
2796872
2797210
2797567
2797992
2798470
2798653
2799235
2799505
2799752
2799764
2799815
2801127
2801169
2801318
2801530
2801543
2802126
2802448
2802505
2802644
2802788
2803204
2803722
2803903
2804251
2804677
2804842
2804847
2805072
2805218
2805577
2805759
2806526
2806865
2806940
2807263
2808176
2808254
2808532
2808655
2808886
2809027
2809292
2810588
2810790
2810907
2811154
2811617
2812371
2812519
2813172
2813241
2813869
2813885
2813897
2813951
2814213
2814256
2814290
2814302
2814811
2814890
2815242
2815344
2815738
2816068
2816101
2816618
2817399
2817480
2817536
2817691
2817871
2818434
2818474
2818482
2818807
2818939
2819291
2819437
2819716
2820004
2820306
2820524
2820824
2821217
2821511
2821589
2821611
2821636
2821691
2821883
2822260
2822666
2822702
2823373
2823384
2823460
2823731
2824129
2824285
2824916
2824934
2825572
2825646
2826084
2826414
2826486
2826943
2827027
2827172
2827506
2827858
2828185
2828636
2829677
2829901
2830232
2830757
2831675
2831936
2832120
2832282
2832868
2833032
2833335
2833547
2833908
2834046
2834086
2834166
2834178
2834339
2834499
2834852
2835007
2835259
2835883
2836431
2837036
2837242
2837482
2838097
2838130
2838214
2838379
2838739
2839197
2839665
2840067
2840510
2840699
2840985
2841217
2842034
2842038
2842462
2842846
2843304
2844751
2844765
2845037
2845148
2845244
2845400
2845431
2845515
2846079
2846167
2846199
2846403
2846523
2846543
2846787
2846845
2846867
2847384
2847585
2848147
2848313
2848337
2848376
2848503
2848969
2848975
2849038
2849252
2849525
2849567
2850392
2850523
2850585
2851110
2851203
2851530
2851558
2852219
2852740
2852785
2852901
2853167
2855098
2855484
2855568
2855666
2855693
2856291
2857063
2857663
2857690
2858494
2858839
2859470
2859557
2859692
2859853
2859994
2860534
2860808
2861040
2861863
2861979
2862315
2862473
2862513
2862525
2862563
2863176
2863274
2863432
2864140
2864575
2864951
2865358
2866120
2866414
2866453
2866457
2866621
2867157
2867601
2867996
2868171
2868521
2868700
2869385
2869497
2869594
2870483
2870588
2870603
2870611
2870884
2871049
2871135
2872028
2872052
2872764
2873644
2873884
2873967
2874197
2874658
2874909
2874991
2875232
2875424
2875544
2875805
2875893
2876120
2876279
2876447
2876832
2876853
2876883
2877205
2878601
2878674
2878869
2879747
2880262
2880287
2880394
2880514
2880518
2881455
2881495
2881600
2881628
2881776
2881823
2881922
2882078
2882233
2882274
2882465
2882574
2883016
2883077
2883123
2883228
2883924
2884570
2884784
2884941
2885088
2885108
2885175
2885328
2885555
2886135
2886396
2886623
2887093
2887111
2887156
2887332
2887604
2887740
2887943
2888018
2888294
2888425
2888457
2888457
2888598
2888657
2888725
2889020
2889199
2889543
2889630
2889955
2890062
2890578
2891205
2891732
2892121
2892140
2892221
2892803
2892866
2892984
2893030
2893209
2893300
2894093
2894231
2894281
2894290
2894383
2894667
2894801
2895085
2895179
2895664
2895871
2896015
2896240
2896341
2896654
2897015
2897581
2898525
2898722
2898797
2898942
2899157
2899182
2899535
2899569
2899649
2899965
2900089
2900653
2901745
2902602
2902911
2902943
2903272
2903590
2903623
2903625
2903658
2903675
2904433
2904722
2904969
2905103
2905225
2905280
2905797
2906501
2907416
2907507
2908026
2908078
2908390
2908655
2908837
2909200
2909460
2909699
2909871
2910370
2910415
2911627
2911687
2911811
2911910
2912354
2912522
2912621
2913051
2913109
2913471
2913910
2913917
2914207
2914370
2914617
2914666
2915051
2915246
2915483
2915543
2915775
2916087
2916255
2916567
2916739
2917093
2917585
2917634
2917651
2917751
2917996
2918054
2918182
2918635
2918654
2919041
2919749
2919774
2920328
2920688
2920970
2921222
2921357
2921472
2921604
2922077
2922237
2922743
2923204
2923303
2923559
2923615
2924081
2924421
2924590
2924604
2925160
2925345
2925498
2925615
2925745
2926127
2926784
2927577
2927946
2928037
2928085
2928216
2928254
2928260
2928315
2928902
2929161
2930534
2931440
2931763
2932073
2932157
2932308
2932799
2932855
2933106
2933457
2933737
2934186
2934438
2934453
2934761
2935194
2935409
2935501
2935550
2935686
2935692
2935711
2935995
2936263
2936497
2937602
2938027
2938222
2938390
2938502
2938684
2939025
2939114
2939863
2939923
2940916
2942206
2942376
2942763
2942917
2943163
2943507
2943993
2944056
2944424
2944430
2944669
2944862
2944934
2945019
2945125
2945478
2945684
2945751
2946269
2946332
2946344
2946613
2946865
2947481
2947645
2947648
2947971
2948295
2948529
2948828
2948846
2948870
2948906
2949051
2949235
2949581
2950620
2950966
2951190
2951784
2952006
2952092
2952170
2952234
2952784
2953133
2953176
2953230
2953248
2954027
2954129
2954541
2954544
2954953
2955197
2955396
2955443
2955532
2956252
2956310
2956817
2957075
2957242
2957285
2958332
2958376
2958509
2959164
2959752
2960545
2960644
2960875
2961135
2961159
2961810
2962108
2962409
2962476
2963104
2963199
2963614
2964382
2964391
2965019
2965591
2965906
2966169
2966317
2966824
2967135
2967361
2967577
2967695
2967821
2968325
2969131
2969592
2970218
2970409
2971025
2971379
2971549
2971554
2971902
2971933
2972032
2972156
2972339
2972619
2972945
2972968
2973160
2973278
2973298
2973346
2974356
2974471
2974555
2975016
2975965
2976190
2976435
2976622
2976703
2977180
2977242
2977254
2977431
2977515
2978105
2978605
2978747
2979264
2979839
2979878
2980302
2980376
2980607
2981281
2981377
2982023
2982071
2982166
2982188
2982309
2982516
2983079
2983088
2983307
2983798
2984535
2985056
2985449
2986265
2986487
2986826
2987436
2987547
2987565
2987877
2987901
2988042
2988059
2988481
2988545
2989079
2989115
2989316
2989526
2989796
2989833
2990043
2990526
2990593
2990895
2991103
2991976
2992037
2992083
2992267
2992546
2993369
2993810
2994080
2994251
2994313
2994572
2994581
2994668
2994904
2994904
2995159
2995755
2996115
2997408
2997440
2997446
2997682
2998043
2998207
2998283
2998604
2998876
2999008
2999027
2999317
