Количество элементов - 100, алгоритм сортировки - QuickSort, случай - Ordinary, время работы - 0
15134
20551
93216
175136
180652
185583
189413
190924
236417
255909
265274
299422
312123
320085
371313
391157
439869
467966
479480
483100
520228
544646
548665
614571
639892
650190
701963
723928
728178
763972
765606
827464
911716
952015
954737
960888
1011172
1024068
1130137
1154013
1171783
1212133
1214956
1219361
1237183
1279077
1286609
1301102
1475271
1491631
1493785
1504538
1526766
1562940
1585356
1659444
1660382
1715876
1731139
1745362
1752661
1828770
1832101
1839766
1864390
1866891
1869098
1930322
1943035
1954806
1967557
2056510
2100251
2104896
2105585
2145731
2168019
2189869
2205028
2280033
2310537
2363459
2368084
2375190
2413007
2427090
2491700
2609959
2625106
2633071
2639031
2645110
2669350
2675659
2697551
2773131
2792989
2824737
2986075
2996169
