Количество элементов - 10000, алгоритм сортировки - QuickSort, случай - Ordinary, время работы - 11
5
48
705
996
1173
1319
1857
1935
2295
2351
2667
2922
2961
2973
4044
4056
4227
4256
4377
4521
4875
5023
5455
5778
5886
6272
6783
6887
6963
7476
7529
7622
7765
8097
8320
8517
8599
9128
10298
12198
12458
12623
12785
13321
13468
14422
15038
15549
15774
16743
17203
17548
17773
17803
18045
18193
19284
19492
19725
20190
20463
20546
20788
20862
21976
22083
22164
22310
22331
22422
22464
22578
23092
23129
23555
23911
24167
24327
25039
25312
25366
25665
25771
25782
26021
26035
26135
28125
28179
28310
28548
28647
29035
29392
29437
30771
30820
31533
31714
31832
32189
32608
32633
32685
33151
33362
33459
34202
34207
34209
35066
35873
36392
36433
36778
36836
37030
37887
37952
38603
38683
39086
39330
39716
39821
39924
40458
40921
41020
41065
41864
42079
42781
42781
42870
43586
43597
43721
44035
44400
44484
44631
44770
44890
44921
45038
45225
45725
46041
46804
46847
47088
47863
48166
48409
48512
48551
48606
48831
49073
49194
49905
50136
50777
50931
50972
51178
51866
51944
52053
52679
52695
53211
53582
53796
54007
54435
54559
54581
54595
54755
55492
55512
55823
55878
55910
56667
56885
56993
57347
57494
58081
58467
59494
59574
60686
60939
61201
62035
62578
63081
63091
64244
64564
64752
65565
65886
66011
66353
66512
67031
67639
67703
67907
67967
68183
68188
68194
68905
68951
68955
69133
69190
69273
69466
69495
69669
69731
69835
69919
69942
70162
70726
70798
70906
71008
71175
71479
71998
74233
74287
74441
74724
75357
75662
75745
75829
76650
76773
77003
77380
77563
78192
78724
78777
78809
78991
79117
79169
79198
79373
79577
79699
80228
80337
80379
80514
80535
80569
80603
80620
80987
81518
82209
82257
82278
82459
82494
83165
83329
84527
84796
84914
84946
85219
85239
85323
85342
85372
85781
85912
86186
86718
86842
87030
87523
87780
87843
88382
88966
89335
89909
89961
89971
90157
90708
91285
91738
91995
92184
92636
93119
93233
93255
93457
93623
93888
94045
94067
94117
94751
94780
94825
95074
95095
95238
95348
95610
96182
96242
96267
96392
96515
96941
97217
97226
97442
97539
97539
98466
98635
98810
99158
99403
99589
99866
99889
100101
100223
100472
100615
100669
101032
101570
101598
102238
102246
102324
102380
103065
103237
103975
104079
104191
105611
105678
105726
105842
106111
106736
106763
106903
107152
107331
108004
108120
108160
108188
108716
108858
109212
109288
109415
109539
109946
110519
110633
110935
111057
111156
111345
112297
112624
112906
113506
113788
114091
114568
115070
115140
115261
115445
115710
115748
115963
116252
116488
116726
117113
117181
117471
117742
118016
118082
118229
118375
118403
118442
118504
118605
118953
119212
119807
120153
120376
120552
120757
120923
120962
121087
121218
121633
122228
122382
122702
123015
123092
123565
123900
124107
124223
124813
124815
124905
125329
125373
125482
126027
126266
126324
126651
127013
127061
127166
127329
127444
127785
128531
129200
129559
129918
130122
130260
130510
131668
131998
132452
133178
133428
133444
133580
133617
134106
134259
134446
135104
135622
136104
136451
136490
136709
136894
137325
137603
137626
137661
137857
137879
137892
137999
138141
138191
138379
138832
138961
139553
140454
140880
140921
141109
141350
141499
141790
142012
142134
142318
142332
142458
143140
143184
143253
144002
144580
144787
145411
145485
145710
145782
145994
146728
146729
146828
147368
147456
147606
147741
147877
148053
148078
148627
148637
148764
149138
149159
149553
149751
150042
150718
150840
150906
151185
151310
151311
151358
151535
151914
152263
153472
153657
153826
153950
154337
156567
156852
157078
157190
157210
157267
157648
158075
158412
158738
159533
159667
159905
160029
160265
160356
160674
160710
161335
161342
161536
161884
162053
162497
162658
163668
164028
165067
165117
165874
166111
166317
167356
167496
167784
167951
168504
168626
169737
169784
170142
170411
170534
170649
170796
170819
171512
171513
172222
172389
172584
172663
172925
173165
173571
173721
173749
174060
174095
174586
174807
174888
175192
175504
175531
176230
176642
176820
176891
177054
177085
177443
177621
177779
177781
178424
179346
179365
180405
180607
180762
181577
182792
183256
183499
184431
184963
185090
185492
185608
185813
185960
185969
186095
186479
186936
187387
187507
187591
187600
188306
189490
189874
190080
190240
190473
190587
190704
191972
192341
192399
192802
193987
194450
194541
194946
195005
195048
195110
195499
195834
196208
196473
197042
197180
197430
197449
198278
198351
198589
199286
199721
199749
199751
199764
199986
200465
200572
200584
200938
201429
201729
201830
201834
202052
202186
202385
202479
202588
202736
202986
203071
203288
203612
205011
205060
205074
205580
205838
205900
206570
206978
207116
207392
207623
207633
207749
208170
208657
209062
209183
209628
210457
210598
210601
211052
211088
212037
212386
212532
213161
213204
214411
215534
215759
215910
215950
216071
217146
217202
217469
217733
218124
218229
218237
218464
218472
218593
218596
219096
219340
219590
220229
220471
221614
221875
222313
222514
222896
223112
223355
223390
224092
224099
224144
224258
224322
224350
225113
225322
225557
225962
226615
226671
226724
226841
227046
227112
227185
227582
227650
228190
228428
229279
229334
229434
229535
231027
231351
232411
232598
232916
232937
233133
234369
234545
234670
235325
235381
235687
235734
235942
236153
236190
236702
237170
237341
238020
238807
238948
239077
239319
239323
239627
239935
240301
240358
240529
240897
241262
241540
241773
241897
242294
242305
242925
243226
244605
245216
245606
245831
245890
246186
246441
246654
246716
246862
247093
247208
247494
247644
248039
248337
248645
248671
249105
249162
249260
249347
249670
249983
250318
250433
250463
250587
250619
250706
251204
251730
252363
252412
252747
253493
253877
254033
254104
254333
255278
255402
255777
256190
256814
257183
257298
257421
257466
258180
258224
258605
258655
258678
258956
259050
259167
259553
259780
260090
260343
260502
261012
261269
261848
262553
262774
262841
263147
263336
263433
264444
264690
264947
265260
265700
266046
266072
266324
266335
267079
267543
267703
267824
268075
268992
269028
269245
269615
269676
269935
271735
271768
271812
271936
272045
272221
272540
272837
273394
273424
273554
273881
274829
274871
274888
275608
275615
276695
277272
277632
277745
279328
279857
279911
279928
280230
280300
281395
281396
281840
281863
282286
282383
282552
282713
283037
283518
283850
284411
285025
285125
285841
285841
285883
286257
286447
287482
287852
287889
288144
288283
288586
289004
290106
290435
290631
290940
290973
291002
291159
291482
291542
292345
292926
293312
293934
294220
294592
294914
295161
295645
295787
295950
296000
296043
296806
297170
297260
297533
297569
297996
298016
298991
299116
299800
301689
301758
302309
302400
302479
302792
302879
303240
303508
304213
304338
304360
304551
304602
304933
305784
305926
306266
306967
307165
307423
308223
308244
308780
309213
309315
309735
309764
309991
310408
310896
311217
311560
311644
311958
312109
312367
313796
314612
314767
315634
315954
315982
315990
315998
316003
316100
316767
316794
317109
317523
318458
318538
319084
320325
320588
321797
323583
324118
324130
324259
324337
324710
324774
324930
324959
325448
325789
326456
326878
327129
327394
327516
327586
327685
328043
328087
328110
328499
328842
329412
330012
330089
331316
331490
331563
331611
331951
332295
332379
332660
332747
332893
333235
333305
333348
333912
335129
335143
335159
335311
335500
335704
335947
336015
336296
336496
336628
337038
337270
337805
338036
338040
338263
338785
339158
339750
340182
340763
342071
342083
342322
342343
343085
343426
344694
346159
346508
346751
347859
348111
349166
349478
349573
349596
350162
350307
350308
350454
350829
350941
351168
351395
351808
352141
352261
352411
352588
352669
353474
353966
354040
354266
354862
355634
355693
356021
356095
356228
356424
356562
357129
357835
358172
358731
358778
359482
359900
360369
360386
361276
361526
361565
361811
361855
362648
363558
363810
363911
364340
364689
364894
365264
365545
365579
365590
365680
366133
366301
366500
366778
366907
367160
367600
367691
368226
368329
368498
368541
369147
369738
369809
370714
370940
370994
371017
371156
371316
371468
371931
371939
372157
372246
372269
372302
372567
372652
372805
373763
373957
374067
374349
374399
374614
374634
375355
375963
377086
377414
377783
378168
378838
379052
379460
379617
379670
381310
381731
381885
382209
382242
383006
383025
383233
383925
383958
384516
384638
385412
385636
385644
385754
386031
386163
386432
386602
386921
387207
387226
387541
387572
387938
388631
388982
389704
389715
391153
391367
391427
391649
392031
393093
394353
395683
396537
396548
396791
397926
397963
398602
399620
400784
401017
402344
403168
403674
404320
404484
404789
406771
406911
407417
408543
409223
409300
410187
411946
412101
412254
412645
412750
412820
413064
413427
413433
414421
414425
414618
414632
414987
415544
415623
417288
417722
417762
418864
419944
420174
420529
420538
421147
421590
421633
422322
422455
423279
386921
387858
388432
389710
390165
390275
390430
392674
392926
393014
393143
394380
394479
394971
395443
395650
396084
396348
396886
397204
400923
401987
403531
403709
404336
405620
407609
407874
408224
408431
408826
409436
410347
411169
411910
412858
413209
413537
414846
415012
415411
417236
418367
418873
419006
421797
422006
423337
423941
423960
423998
424239
424614
424627
424744
425259
425610
425686
425716
426471
426601
427629
428173
428529
428851
428870
429235
429416
429935
430063
430454
430656
432329
432800
433060
433821
434099
434266
434390
434641
435104
435376
435625
436311
437440
437451
437564
437628
437766
438024
438133
438948
438978
439094
439140
439206
439348
439369
439610
439888
439991
440437
440574
440583
440601
440984
441047
441368
441493
441559
441577
441631
441685
441953
442474
442551
442900
444049
444400
444788
444862
444890
444945
445481
445517
445647
445699
445767
446068
446182
442474
443590
444777
446470
446537
446681
446861
447003
447214
447373
447376
447485
448082
448524
448918
449584
449623
449640
449650
449765
449841
450103
450369
450409
450974
451203
451805
451820
451985
452298
452469
452508
452866
453226
453498
454298
454618
455037
455877
456081
456092
456374
456414
456458
457025
457146
457224
457286
457915
457920
458382
458612
458945
458995
459158
459722
459765
459828
460261
460826
460852
460947
461201
461392
461807
462095
462266
462367
462550
463382
464012
464458
464551
464618
464637
464992
466227
466293
467025
467474
467685
467786
468188
468290
468596
469038
469523
469526
469770
469850
470866
471211
471300
471703
471928
472583
472779
473088
473437
473490
473937
474528
474760
474883
475331
475927
476142
476236
476382
476505
476829
476944
477043
477187
477267
477442
477505
478127
478134
478363
478998
479020
479394
479668
480752
480763
480783
481031
481309
481446
481530
481564
481572
481701
481952
482015
482268
482465
483343
483527
483921
484019
484127
484307
484484
485085
486056
486218
486270
486786
486968
487321
488262
488335
488784
489218
489352
489957
490045
490282
490811
490988
491531
491570
492112
492251
492272
492365
492429
492776
493076
493367
493689
493732
493961
493977
494481
495089
495153
495508
495509
495523
495548
495649
495701
496298
496664
496853
497057
497790
498013
498746
498863
499034
499844
500190
500411
500783
500796
501314
501584
501784
501875
502456
503519
504179
504226
504539
504797
505184
505612
505901
505997
506017
506058
506333
504539
505219
506451
506508
506865
507058
507086
507315
507429
507480
507579
507822
508267
508641
508654
509354
509565
509707
509989
510603
510843
511419
511561
512023
512339
512953
513138
513363
514403
514969
515060
515245
515345
516639
516910
517838
518275
518462
518761
518766
519298
520178
520302
520574
520695
520830
521170
521680
521977
522296
522703
522843
522894
523012
523055
523564
524254
524486
524748
524866
525013
525038
525054
525328
525409
525604
526301
526858
527275
527612
527647
528136
528707
528926
529140
529178
529462
529602
529702
529838
529911
529977
530283
530516
530658
530705
531341
531778
532412
532518
533061
533492
533783
534139
534427
534499
535059
535419
535686
536096
536188
536561
536570
536738
537194
537516
537595
537882
538651
538916
538924
539594
539673
539868
540331
540363
540604
540790
540928
541118
541572
542413
542442
543599
543747
543916
544180
544568
544755
545036
545043
545113
545145
545200
545245
545574
546434
547080
547513
548035
548038
548295
548791
548952
549321
549390
549524
549603
549762
549811
550388
550920
550943
551142
551216
551624
551636
551735
552454
552569
552598
553284
553466
553884
553888
553962
554409
554483
554928
555167
555243
555687
555828
555935
556098
556579
556746
556755
557785
558492
558569
558809
558898
559835
560249
560352
561427
561469
562292
562310
563072
563074
563097
563399
563429
563746
564091
564283
564331
564859
565480
565738
566503
566942
567532
567668
567767
567815
567977
568466
569010
569010
569131
569986
570195
570240
570777
571069
572234
572864
572993
573019
573189
573262
573624
573900
573919
574049
574122
574340
574393
574902
575240
575984
576748
577623
578041
578106
578114
578200
578262
578487
578826
578885
579338
579666
579831
579874
580181
581064
581359
581370
581831
581911
581954
582304
582487
582680
582757
583406
583771
584218
584612
584624
585614
585987
586944
587551
588165
588288
588464
588607
589522
590371
590400
590538
591426
591427
591726
591790
591979
592063
592177
592456
592764
593065
593076
593350
593393
593864
594218
594258
594365
595841
596257
596695
597146
597415
597416
597422
597423
597447
597756
598323
598690
598768
599034
599111
599312
599500
599615
599636
600206
600638
600876
601437
601659
601957
601981
602078
602328
602691
603144
603263
603374
603524
603874
604259
604632
605544
605592
606096
606206
606497
606500
607032
607175
607772
607846
607980
608370
608708
608722
609033
609059
609104
609531
610069
610837
611257
611302
611451
611634
612137
612814
613009
613084
613113
613425
613555
613697
614101
614162
614256
614454
614561
614731
614902
615626
615796
616375
616457
616473
616610
616877
616984
617786
618040
618271
618489
618553
618754
619171
619329
619622
619707
619957
621039
621487
622167
622595
622849
623009
623211
623347
623845
623958
623962
624824
624832
624993
625578
625739
626279
626425
627250
628258
628549
628722
628895
628911
628945
628978
628985
629529
629884
630627
631403
631532
631583
631644
631802
631866
632015
632169
632323
632522
633149
634429
634637
634865
634989
635024
635385
635686
636006
637045
637503
637655
638411
638667
639512
640215
640570
640776
641175
641934
641989
642824
642932
643273
643409
643475
644745
645023
645249
645974
646561
646577
647524
648129
648830
648845
649332
649416
649735
649851
650182
650414
651201
651511
651843
652045
652091
652242
652286
652381
652665
652666
652821
653113
653125
653349
653571
653616
654158
654677
654938
655154
655372
655590
655674
655766
656535
656741
656836
657405
657461
658015
658044
658335
658462
658620
658734
658743
658966
659173
659373
660213
660749
660758
661860
662099
662197
662261
662694
663577
663591
663645
664209
664253
664610
664793
664876
665137
665225
665262
666423
666661
666806
666813
667097
667394
667825
668301
668331
668541
669273
669381
670081
670159
671072
671982
671993
672118
672228
673220
673705
673902
673933
674180
674288
674516
674885
675152
675347
676437
676749
676999
677179
677339
677357
677626
677723
677750
678835
679206
679596
679790
679903
680124
680708
681075
681644
681989
682486
682759
683062
683319
684150
684622
684893
684992
685050
685300
685546
686378
686439
687017
687597
687741
687964
688042
688097
688675
688682
688727
688796
688974
689109
689111
689632
689915
690505
690649
691180
691530
691540
692452
692846
692991
693282
693324
693903
694389
694608
694622
694765
695217
696043
696291
696647
696720
696806
696913
697143
697561
697602
697640
697693
698083
698401
698454
698462
698501
698803
698935
699245
699930
699949
699969
700016
700571
700613
700631
701015
701299
701366
701736
701776
702237
702255
702532
702660
702823
702857
703089
703157
704230
704516
704871
705175
705726
705762
706246
706962
706999
709359
709626
709787
709996
710547
711084
711711
712475
712703
712719
712748
712933
713226
713850
713958
714094
714376
715184
715308
715317
716400
716573
716660
716767
716835
716885
717020
717281
718962
719073
719123
719455
719759
719849
720154
720287
720383
720958
721136
721262
721421
721428
721690
722453
722881
723433
723826
723972
724041
724218
724233
724473
724507
725268
725338
725799
726007
726311
726584
727334
727559
727659
727661
728690
728885
729907
730070
730147
730172
730561
730611
730824
731157
731180
731683
731956
732999
733087
733181
733421
733468
733553
733600
734222
734459
735088
735646
735703
736235
736294
736305
736852
737069
737244
737326
737721
738154
738275
738989
739284
739372
739837
740053
740167
740754
741411
742720
743114
743439
743451
743539
743610
744061
744659
744788
744811
744844
745498
746327
746675
746777
746805
747054
747290
747478
747703
748335
748611
748679
749081
749667
750177
750328
750346
750676
750810
750911
750944
750961
751686
751835
752248
752715
752904
753106
753682
753847
754473
754582
754600
754679
754866
754972
755176
755282
755369
755382
755445
755917
756520
756632
756772
757221
757287
757510
757629
757759
758026
758508
758934
758972
759462
760675
760744
760803
760880
761305
761639
762037
762201
762385
762497
762597
762810
762968
763577
764265
764302
764447
764665
764752
765053
765725
765759
766051
766378
766456
766599
767557
767647
767904
768020
768092
768298
769002
769454
769529
769600
769601
770149
770439
770616
771244
771281
771371
771380
771759
771924
772008
772276
772531
772719
772979
773005
773030
773416
773851
774337
774363
774591
775100
775233
775569
775693
775883
775899
776380
776511
777250
777602
777844
777949
778694
778963
779509
779667
780073
780396
780499
780501
780623
780804
780841
781392
781423
781925
782287
782288
782516
782710
782954
783151
783415
783806
784376
785017
785172
785846
786076
786322
786588
786770
786802
786951
787291
787627
787757
788001
788456
788507
788752
788963
789344
789793
789883
790130
790307
790735
790905
791365
791755
791863
792134
792257
792269
792279
793017
793222
793527
793533
793682
793769
793883
793949
794464
794945
795207
795718
795863
796216
797231
797275
797348
797452
798343
798577
799709
800044
800223
800315
801029
801116
801276
801287
801502
801559
801884
802969
803263
803392
803658
803896
803991
804011
804512
804660
804701
804834
804850
805078
805264
805327
805332
805553
805604
805730
806094
806706
806770
806973
809156
809530
809574
809793
810623
811283
811358
811715
812169
812176
812422
812704
813518
813642
813692
814165
814251
814366
815240
815631
815774
815970
816049
816219
816767
816934
817180
818052
818300
818422
818859
819373
819997
820044
820051
820074
820104
820147
820158
820449
820496
820684
820913
821082
821262
821378
821917
822268
822466
822859
822901
822927
822963
823017
823181
823471
823881
823891
824806
825044
825280
825938
826001
826106
826523
826547
827443
827529
827696
828706
828996
829248
829253
829897
829921
830083
830670
830783
831017
831162
831312
831346
831434
831447
831769
832188
832477
832632
833569
833685
833699
834054
834072
834324
834617
834649
835048
835406
835891
836350
836574
836966
837530
838001
838095
838209
838561
838726
838902
839423
839666
839736
839889
840288
840440
841033
841767
841986
842020
842073
842268
842314
843067
843661
843929
844169
844397
844403
844458
844637
844850
845346
845633
845934
846068
846665
846838
847042
847466
847816
848791
848897
849342
849428
850030
850460
850852
851168
851448
851493
851608
851724
851744
852348
852419
852563
852722
853090
853179
853520
853585
854249
854811
854838
854861
855267
855479
855495
855619
856146
856180
856569
856856
857513
857683
858241
858475
859352
859493
859558
860037
860122
860506
860841
861167
861544
861558
861621
861637
861992
862389
862407
862676
862869
863031
863512
863772
864167
864265
864335
864688
864739
864824
864933
865401
866189
866207
866225
866237
866310
866674
867380
867528
867875
867984
868057
868192
868239
868294
868622
869341
869589
869597
870127
870343
870415
870545
870672
870743
871378
871389
871489
871510
871772
872456
873313
873604
874120
874521
874772
874844
875014
875075
875339
875650
876796
876827
877102
877298
877576
877859
878284
878701
879420
879619
879908
880007
880368
881359
881849
882405
883325
883775
884102
884212
884463
884500
884686
885576
885942
887318
887785
888047
888306
888556
888607
888825
889197
889520
889531
889808
890147
890240
890275
890327
890453
890947
891014
891102
891439
891548
891672
892162
892516
892526
893087
893728
893854
894334
894418
894557
894888
895117
895562
895964
896316
896439
896770
896897
897687
898193
898699
899118
899324
899400
899966
900011
900634
901416
901444
901485
901555
902062
902066
902673
902886
902986
903497
903884
904697
904721
905233
905533
905665
905780
905931
905942
905988
906174
906766
907126
907639
907735
907806
907827
908326
908334
908727
908813
909178
909378
910083
910108
910163
910786
911156
911888
911900
912225
912277
912686
912772
913348
913396
914080
914270
914911
915120
915614
916055
916648
917958
918188
918253
918446
918449
918625
918713
919025
919770
920084
920269
920447
920734
920817
920917
921050
921127
921883
922009
922369
922754
922827
923033
923637
923739
924700
925231
925443
925451
925807
926336
926623
926944
926996
927561
927942
928029
928106
928146
928272
929145
929236
929627
929753
929876
929931
930494
932224
932246
932650
933467
933670
934074
934279
934380
934443
935015
935460
935689
936201
936619
937211
937299
937784
937806
938360
938419
938987
939316
939419
939433
939434
939938
939995
940623
941388
941595
941654
941771
941907
941934
942311
942526
942858
942913
943133
943391
943637
943793
943962
944135
944359
944449
944721
945163
945208
945342
945412
945784
945924
946025
946108
946527
946633
947285
948083
948460
948658
948766
949264
950657
951008
951081
951317
951644
951775
952464
952465
952566
952707
952874
952878
953179
953333
953430
953842
954524
954833
955578
956219
957631
957705
957778
958158
958166
958515
958772
958842
958845
958907
959327
959556
959806
959940
960008
960492
960732
961734
961827
961944
962144
962299
962676
963196
963694
964109
964284
964500
964785
964994
965153
965171
965948
966756
967012
967016
967460
967567
967715
968136
968524
968763
969051
969105
970188
970760
971056
971378
971431
972018
972084
972469
972979
973392
973393
973458
973733
974759
974965
974965
975905
975905
976044
976262
976551
977275
977765
978712
978753
978854
979210
980548
980654
981102
981401
981599
982890
982929
983113
983521
983875
984482
984496
985744
986213
986393
986473
986648
987426
988335
988555
988665
988776
988846
988868
988984
989207
990039
990337
990826
990916
990917
991309
991757
992716
992813
993511
994002
994522
994542
994682
995037
995054
995429
995453
995514
995549
995767
995814
995946
996071
996359
996684
996901
997057
997139
997691
997795
998014
998079
998165
998948
999376
999573
1000271
1000486
1000783
1001173
1001488
1001570
1001935
1002051
1002066
1003323
1003663
1003721
1003723
1003931
1004220
1004241
1004498
1004643
1004662
1004702
1004794
1004858
1005263
1005517
1006162
1006380
1007282
1008309
1008588
1008740
1009055
1009568
1009712
1009759
1010087
1010212
1010348
1010421
1010499
1010746
1010858
1011095
1011151
1011312
1011393
1011554
1012267
1012584
1013214
1013543
1013731
1013764
1013986
1014008
1014026
1014359
1014684
1014936
1015127
1015147
1015243
1015447
1016181
1016412
1017017
1017688
1019177
1019606
1020168
1020465
1021037
1021328
1017688
1018989
1019234
1020816
1021494
1021525
1021634
1021753
1022543
1022912
1023053
1023650
1023738
1024438
1024885
1025416
1025865
1025962
1026255
1026315
1026515
1026866
1026970
1027169
1027222
1027284
1028181
1028185
1028286
1028575
1028901
1029114
1029497
1029575
1029680
1029782
1029965
1030672
1031328
1031413
1031531
1031668
1031801
1031945
1032007
1032620
1032846
1032940
1033333
1033492
1033686
1033720
1034319
1034382
1034915
1035139
1035865
1036068
1037896
1037897
1037929
1038177
1038210
1038317
1038629
1038929
1038978
1039624
1040347
1040741
1040917
1041238
1041266
1041641
1041742
1042185
1042352
1042632
1042780
1043665
1043990
1044013
1044555
1045462
1045676
1045930
1045992
1046065
1046177
1046610
1046725
1046776
1046964
1047557
1047881
1047945
1048281
1048290
1048364
1048539
1048632
1048904
1049236
1049692
1049714
1049814
1049903
1050082
1050618
1050794
1050837
1051137
1051142
1051238
1051364
1051815
1052224
1052564
1052742
1052761
1053390
1053539
1053647
1053969
1054131
1054500
1054701
1054764
1055465
1056395
1056866
1057585
1057754
1057867
1057904
1058178
1058374
1058464
1058633
1058935
1059333
1060026
1060132
1060263
1060269
1061486
1061773
1061970
1062426
1062501
1062550
1062874
1063669
1063910
1064047
1064056
1064727
1064785
1065495
1065503
1066175
1066301
1066534
1067666
1067872
1068647
1068670
1068890
1069087
1069227
1069501
1069813
1069881
1070019
1070546
1071354
1072031
1072397
1072506
1072651
1073906
1074296
1074324
1074410
1074730
1074877
1075974
1076662
1077047
1077172
1077955
1078127
1078256
1078329
1078502
1078774
1079497
1079568
1079624
1079735
1079823
1080204
1080970
1080977
1081157
1081647
1081971
1082227
1082593
1082626
1083303
1083781
1083911
1084858
1085359
1085802
1085824
1086668
1086679
1086711
1086728
1086735
1087100
1087353
1087389
1087490
1088467
1088690
1089786
1090747
1090749
1090843
1091593
1091626
1091961
1092385
1092678
1092933
1093200
1093892
1093941
1094083
1094104
1095004
1095028
1095474
1095993
1096610
1096718
1096867
1097166
1097722
1098042
1098211
1098708
1099116
1099151
1100287
1100294
1100873
1101018
1101495
1101811
1102350
1102384
1102425
1102451
1102529
1102709
1102715
1102885
1103295
1103464
1103679
1103901
1104424
1104531
1104958
1105127
1105233
1105383
1106314
1106365
1106981
1107522
1107849
1107936
1108224
1108497
1108552
1108825
1108998
1109184
1109314
1109669
1109678
1109864
1109917
1110079
1110583
1110869
1110933
1111307
1112358
1112472
1112712
1112752
1112857
1112929
1113061
1113267
1113432
1114243
1114393
1114691
1114972
1115028
1115182
1115660
1115854
1115939
1116441
1116529
1116565
1116820
1117102
1117534
1117697
1118068
1118240
1118805
1119754
1119974
1120270
1120466
1121399
1121465
1121501
1121756
1122392
1123120
1123209
1123639
1124083
1124266
1124294
1125742
1126127
1126934
1127330
1127864
1128329
1128725
1128742
1129637
1130107
1130388
1130856
1131088
1131190
1131427
1131820
1132226
1132593
1132906
1133071
1133160
1133638
1133741
1133880
1134110
1135892
1136097
1136228
1136476
1136635
1137150
1137464
1137745
1138258
1138712
1139448
1140029
1140592
1140604
1140745
1141326
1141993
1142252
1142322
1142437
1142645
1142698
1142766
1142794
1142794
1142813
1142946
1143155
1143303
1143443
1143680
1143684
1143850
1143855
1144039
1144373
1144505
1144676
1144697
1145600
1145634
1146608
1146641
1146851
1147256
1147335
1147367
1147823
1148236
1148290
1148511
1149073
1149545
1149659
1150152
1150728
1150910
1151196
1151229
1151348
1151363
1151504
1151604
1151727
1151742
1151851
1152417
1152545
1152763
1152811
1152899
1153455
1153784
1153856
1153864
1154178
1154816
1154945
1155172
1155851
1156566
1156828
1157066
1157134
1157140
1157202
1157309
1157352
1157505
1157678
1157794
1157914
1157933
1157964
1158023
1158332
1158426
1159287
1159523
1159576
1160373
1161427
1162201
1162296
1162678
1163178
1163262
1163907
1164244
1164361
1164383
1164809
1164940
1165688
1166294
1166558
1166969
1167142
1167593
1167793
1168213
1169062
1169181
1169432
1169646
1169784
1169789
1170281
1170349
1170478
1170856
1171177
1171183
1171474
1172262
1172535
1172719
1173280
1173413
1174334
1174902
1175010
1175534
1175546
1175705
1175718
1175912
1176258
1176721
1177292
1177323
1177553
1177673
1177744
1177784
1177795
1178373
1178611
1179281
1180371
1180372
1180633
1181182
1181618
1181640
1181702
1181885
1182168
1182375
1182696
1182893
1183042
1183073
1183886
1184152
1184866
1185149
1185606
1185763
1186005
1186053
1186453
1186459
1186797
1187119
1187834
1188045
1188474
1188657
1188978
1190507
1190939
1191405
1191905
1192758
1193291
1193336
1193431
1193486
1193752
1194095
1194338
1194425
1194716
1194991
1195048
1195250
1195403
1195450
1195636
1195704
1195719
1196199
1196239
1196252
1196308
1196346
1196434
1196970
1197251
1197381
1197402
1198102
1198330
1198523
1198801
1199311
1199615
1199973
1201046
1201346
1201444
1201459
1202325
1202381
1202587
1202669
1202689
1202738
1202898
1202916
1203004
1203217
1203457
1203497
1204129
1204632
1204692
1204881
1205399
1205403
1205558
1205736
1205797
1206119
1206244
1206560
1206926
1207061
1208757
1208918
1209064
1209640
1209760
1210073
1210163
1210187
1212053
1212209
1212471
1212998
1213640
1213652
1213843
1213899
1214335
1214913
1215658
1215956
1216043
1216490
1216550
1216942
1217486
1217535
1217770
1217793
1217891
1218073
1218106
1218129
1218155
1218616
1219119
1219268
1219292
1219656
1219952
1220596
1220793
1220930
1221203
1221377
1221585
1221596
1221735
1222019
1222059
1222427
1222695
1222792
1222818
1223056
1223209
1223398
1224242
1224375
1224429
1224677
1224789
1225470
1225802
1225977
1226111
1226174
1226575
1226865
1227019
1227103
1227331
1227670
1227774
1228246
1228382
1228974
1229594
1230069
1230331
1230457
1230520
1230683
1230877
1230895
1231345
1231400
1231447
1231578
1231698
1233355
1233664
1233713
1233854
1233930
1234180
1234251
1234906
1234953
1235680
1236055
1236492
1236499
1236661
1236851
1237242
1237378
1237619
1237673
1237738
1237775
1238283
1238634
1238692
1238762
1239271
1239880
1240340
1240581
1241743
1241798
1241800
1242399
1242672
1242808
1242841
1243350
1243386
1243780
1243856
1244019
1244282
1244733
1244997
1246156
1246368
1246980
1247459
1247502
1248053
1249251
1249395
1249721
1249757
1249947
1250234
1250481
1250969
1251292
1251667
1252643
1252690
1253380
1253676
1254196
1254373
1254566
1254881
1255235
1255444
1255668
1256167
1257378
1257533
1257865
1257943
1258240
1259016
1259097
1259334
1259528
1259549
1260489
1260546
1261353
1261713
1261820
1261945
1261996
1262172
1262531
1262829
1263265
1263395
1263412
1263748
1263911
1264257
1264775
1265147
1266014
1267715
1267787
1267969
1268600
1268754
1268791
1269565
1270015
1271165
1272045
1272699
1273094
1273240
1273285
1273895
1274346
1274386
1274882
1275403
1275595
1275653
1275657
1275866
1276062
1276542
1276707
1277019
1277080
1277310
1277649
1278355
1278403
1278502
1279146
1279384
1279633
1280650
1281285
1282039
1282346
1282825
1282910
1282929
1283090
1283739
1283969
1284183
1284297
1284672
1284847
1284908
1284978
1285494
1286204
1286349
1286711
1286771
1286803
1287175
1287295
1287531
1287952
1288418
1288588
1288826
1288864
1288948
1289284
1289692
1289880
1290092
1290166
1290208
1290303
1290672
1290882
1291356
1291661
1291826
1292121
1292334
1292544
1292778
1292829
1293240
1293300
1293315
1293700
1293919
1294050
1294055
1294139
1294555
1294694
1295655
1296135
1297131
1297708
1298120
1298167
1298319
1299152
1300612
1300667
1300800
1301428
1301509
1301672
1301799
1301819
1301847
1301857
1302056
1302286
1302409
1302458
1302464
1303141
1303462
1304513
1305380
1305749
1306753
1306860
1306928
1306977
1307133
1307144
1307205
1307710
1308087
1308137
1308457
1308535
1308969
1310646
1310815
1311417
1311497
1311508
1313075
1313813
1313953
1314469
1315298
1315438
1315986
1316249
1316398
1317220
1317233
1317367
1317403
1317550
1318171
1318306
1318315
1318909
1319736
1319769
1320024
1320164
1320194
1320428
1320818
1321412
1321720
1322052
1322218
1322509
1322765
1322826
1323005
1323400
1323422
1324800
1325214
1325296
1325339
1325346
1325999
1326122
1326195
1326508
1326521
1326634
1326665
1326841
1326848
1326953
1327513
1327819
1328243
1328638
1328775
1329092
1329422
1329633
1329946
1330646
1330939
1331020
1331639
1331699
1331788
1332509
1332919
1333875
1334002
1334442
1334542
1334708
1335785
1335920
1336244
1336284
1336730
1337258
1338411
1339347
1339371
1339526
1339930
1340099
1340195
1340221
1340943
1341297
1341498
1341994
1342904
1343178
1343479
1343632
1344007
1344019
1344282
1344428
1344712
1344854
1345169
1345528
1346285
1346654
1346850
1347563
1347967
1348055
1348703
1348755
1349284
1349375
1349443
1349584
1349857
1350417
1351168
1351673
1351883
1352538
1353281
1353299
1353987
1354055
1354061
1354336
1355193
1355732
1355758
1356115
1356239
1356688
1356718
1356830
1357236
1357662
1358204
1358222
1358349
1359930
1359970
1360078
1360616
1361071
1361126
1361324
1361386
1361472
1361536
1361722
1362106
1362422
1362532
1363329
1363538
1363725
1363804
1364067
1364227
1364692
1364788
1365642
1365729
1366377
1366510
1366514
1366754
1367561
1367676
1368007
1368029
1368469
1368476
1368564
1368629
1368876
1368945
1369174
1369922
1369953
1369971
1370131
1370807
1370827
1371037
1371535
1371763
1371788
1371805
1372278
1372534
1372611
1374113
1374375
1374413
1375015
1375146
1375320
1375337
1375439
1377109
1377444
1377751
1378013
1378060
1378342
1378554
1378824
1379080
1379273
1379286
1379316
1379432
1380003
1380770
1381013
1381227
1381649
1382745
1382853
1383291
1383387
1383861
1384012
1384125
1384233
1384410
1385075
1385186
1385380
1385733
1386228
1386403
1387065
1387090
1387401
1387779
1387789
1388392
1388542
1388890
1389008
1389027
1389753
1389863
1389926
1390342
1390603
1390666
1390831
1390929
1391030
1391281
1391349
1391351
1391895
1392043
1392318
1392913
1392923
1393058
1393181
1394002
1394686
1394708
1394742
1395310
1395429
1396144
1396296
1396871
1397158
1397429
1398128
1398180
1398493
1398585
1399266
1399567
1400263
1400536
1400849
1400871
1401047
1401242
1401287
1401368
1401385
1401770
1401969
1402076
1402255
1402257
1402650
1402655
1403386
1403828
1404156
1404350
1404449
1405185
1405762
1406553
1406628
1407199
1407267
1408323
1408442
1408507
1408654
1410634
1410871
1410893
1411327
1411651
1411671
1412107
1412229
1412399
1412668
1412786
1412955
1413442
1413943
1414199
1414608
1414874
1415079
1415166
1415388
1416565
1416715
1417014
1417420
1417483
1417631
1418003
1418153
1418589
1418650
1418854
1421550
1421706
1421813
1421846
1422060
1422676
1422743
1422757
1422882
1422992
1423553
1423648
1423782
1424008
1424203
1424828
1425096
1425240
1425444
1425700
1425770
1427132
1427594
1427651
1427654
1428342
1428822
1428826
1428831
1428870
1429010
1429207
1429225
1429304
1429314
1430060
1430221
1430431
1430691
1431357
1431441
1431455
1431811
1432184
1432457
1432561
1432752
1432871
1433333
1433415
1433841
1434022
1434188
1434460
1434742
1435007
1435199
1435573
1435890
1435894
1436117
1436548
1436751
1436785
1437039
1437294
1437521
1437676
1438159
1438164
1438640
1439384
1440258
1440989
1441014
1441115
1441239
1441282
1441385
1441397
1441624
1441800
1442435
1442749
1442812
1442918
1443157
1443195
1443216
1443284
1443551
1444588
1444760
1445361
1445731
1446848
1447141
1447193
1447281
1447393
1448306
1448358
1448773
1448899
1448987
1449136
1449202
1449345
1449568
1450047
1450186
1450394
1450925
1451019
1451079
1451259
1451395
1451423
1451883
1451930
1452102
1452157
1452339
1452871
1452973
1453016
1453072
1453087
1453249
1453541
1453777
1454013
1454380
1454489
1455125
1455338
1455516
1455820
1455826
1455872
1456246
1456436
1456600
1456904
1457115
1457391
1457709
1457740
1458122
1458283
1458585
1458621
1458757
1458852
1459221
1460164
1460282
1461635
1461759
1462055
1462150
1462428
1462446
1462980
1463334
1463455
1464274
1464511
1465128
1465489
1465849
1465974
1466480
1466516
1466592
1466748
1466932
1467029
1467746
1467778
1468543
1468554
1469450
1469528
1469656
1470092
1470536
1471364
1472051
1472611
1472988
1473492
1474900
1475284
1475359
1475670
1475890
1476205
1476420
1476907
1477157
1477768
1477884
1478984
1479146
1479278
1479629
1479881
1480516
1480869
1480898
1480972
1481153
1481184
1481206
1481669
1482033
1482084
1482131
1482536
1482815
1482927
1483576
1483826
1483859
1483886
1484050
1484073
1484424
1484862
1485353
1485374
1486136
1486184
1486250
1486254
1486674
1486895
1487207
1487553
1487556
1487564
1487728
1488023
1488139
1488519
1488557
1488737
1488993
1489395
1489688
1490252
1490655
1490729
1491163
1491330
1491679
1491695
1492429
1492715
1492883
1493940
1494009
1494145
1494452
1494670
1494866
1496876
1496970
1497060
1497659
1498048
1498248
1498549
1498989
1499474
1499493
1500772
1500808
1500809
1501167
1501442
1501969
1502153
1502916
1502964
1503161
1503326
1503625
1503682
1503864
1503909
1504378
1505236
1505724
1506410
1507080
1508235
1509126
1509177
1509237
1509379
1509522
1510099
1510127
1510722
1510859
1511082
1511411
1511705
1511787
1511807
1511817
1512285
1512448
1512534
1512634
1512739
1513015
1513121
1513290
1513467
1513523
1513923
1514019
1514336
1514481
1514646
1515738
1516117
1516450
1516617
1516978
1517047
1517118
1517225
1517680
1517821
1518459
1518696
1518839
1519405
1519686
1519740
1520238
1520263
1520360
1520397
1521494
1521879
1522148
1523264
1523278
1523580
1523902
1524431
1524696
1524740
1524854
1525113
1525403
1525860
1525975
1526319
1526423
1526600
1526762
1526765
1526857
1526867
1528145
1528460
1528519
1528844
1528870
1528954
1529004
1529197
1529232
1529568
1529982
1530030
1530389
1530393
1530533
1531223
1531345
1531729
1531897
1532040
1532045
1532313
1532381
1532792
1532837
1533073
1533103
1533801
1534088
1534479
1534924
1534928
1535156
1535875
1535907
1536573
1536653
1537049
1537282
1537417
1537756
1537821
1538086
1538562
1538596
1539389
1539420
1539574
1539829
1539844
1540022
1540991
1541064
1541107
1541213
1541636
1543504
1543793
1543860
1543929
1544035
1545075
1545143
1545177
1546478
1546726
1546942
1547004
1547757
1547789
1548040
1548547
1548911
1549526
1549568
1549599
1549796
1549855
1550046
1550380
1550531
1550683
1550900
1551844
1552722
1553210
1553992
1554389
1554686
1554772
1554933
1555042
1555105
1555735
1556086
1556218
1556600
1556851
1557583
1557960
1558133
1558298
1559011
1559271
1559530
1559691
1559732
1559783
1559865
1560472
1560917
1560921
1561386
1562038
1562159
1562277
1562364
1562581
1562590
1562768
1562948
1563101
1563711
1563770
1564072
1564084
1564528
1564703
1565690
1565729
1565804
1565817
1566356
1566784
1567039
1567543
1567806
1568384
1568653
1568728
1568781
1568992
1569176
1569191
1569422
1569906
1571289
1571615
1571849
1572461
1572896
1573644
1573808
1574257
1574282
1574739
1574942
1575161
1575304
1575537
1575591
1576595
1576918
1577212
1577700
1578830
1579290
1580074
1580597
1580760
1580977
1580074
1581110
1581304
1581686
1581882
1582602
1582748
1582752
1583991
1585129
1585406
1585769
1586453
1586924
1587813
1587845
1588172
1588200
1589291
1589663
1589700
1590044
1590180
1590185
1590209
1590352
1590661
1591789
1593476
1593654
1593939
1594415
1594503
1594595
1594711
1594873
1594931
1595152
1595410
1596688
1596743
1596744
1597248
1597283
1597441
1597589
1597774
1598135
1598189
1598610
1598620
1598880
1599199
1599502
1599807
1600528
1601496
1601578
1601902
1602072
1602734
1602822
1603021
1603023
1603034
1603346
1603380
1603572
1603874
1604281
1605050
1605053
1605097
1605140
1605688
1607318
1607444
1607590
1607701
1608620
1608897
1609204
1609886
1610257
1611759
1611855
1611880
1611922
1611927
1612125
1612173
1612221
1612946
1613139
1613347
1613466
1613503
1614240
1614529
1614858
1614883
1615703
1615900
1615984
1616209
1617214
1617578
1617780
1618049
1618177
1618196
1618299
1618330
1618469
1618555
1618648
1619244
1619400
1620439
1620785
1620935
1621839
1622557
1622789
1622962
1623345
1623401
1624249
1624500
1624596
1624768
1624997
1625649
1625686
1625702
1626503
1626736
1627606
1627621
1627701
1628866
1629077
1629456
1630476
1630567
1630840
1631074
1631685
1631712
1631950
1632006
1632513
1633052
1633718
1633721
1634145
1634223
1634312
1634698
1635444
1635781
1635918
1636102
1636605
1636732
1637047
1637801
1637976
1638205
1638310
1638361
1638580
1638639
1638756
1638827
1639191
1639682
1639729
1639857
1640121
1641878
1642075
1642224
1642323
1642384
1642801
1643067
1643070
1643327
1643853
1644321
1644508
1644868
1645234
1645639
1645757
1645896
1646102
1646167
1646211
1646486
1646805
1646806
1646834
1646915
1647404
1647423
1647452
1647810
1647968
1647993
1648310
1648969
1649129
1649927
1651089
1651251
1651485
1651707
1651721
1652837
1653300
1653387
1653413
1653735
1653904
1654027
1654266
1654382
1654541
1654558
1654689
1654996
1655223
1655278
1655671
1655711
1656237
1656623
1656714
1656909
1657488
1657735
1657995
1658689
1659725
1659782
1660043
1660115
1660746
1661938
1662003
1662278
1662445
1662467
1662783
1663242
1663854
1663926
1664093
1665084
1665169
1665857
1666102
1666383
1666558
1666602
1667684
1667858
1668063
1668192
1668839
1669276
1669543
1669799
1669821
1669988
1670043
1670367
1670679
1671129
1671195
1671257
1671433
1671946
1672109
1672125
1672140
1673556
1674483
1674992
1675235
1675706
1675789
1676582
1676890
1677059
1677608
1677637
1677652
1678366
1678468
1678569
1678599
1679269
1679326
1679593
1680073
1680602
1680603
1681217
1681248
1681827
1682221
1683251
1683587
1683862
1685352
1685497
1685818
1685868
1687023
1687194
1687424
1687602
1687720
1688368
1689208
1689778
1689833
1690548
1690712
1690969
1691379
1691488
1691946
1692322
1692831
1693213
1693570
1694107
1694116
1694321
1694801
1695951
1696356
1696570
1696671
1696754
1697818
1698537
1698877
1699180
1699237
1699590
1700152
1700169
1700234
1700345
1700480
1700686
1701198
1701304
1701578
1701588
1701607
1702138
1702353
1702399
1702585
1702728
1702920
1702964
1703011
1703928
1704089
1704312
1704898
1704939
1705541
1705557
1706414
1706470
1706528
1706609
1706870
1706889
1707994
1708126
1708800
1709117
1709244
1709328
1710132
1710207
1710564
1710678
1710857
1710925
1711427
1711815
1711881
1711962
1712036
1712541
1713543
1713586
1713601
1713662
1713962
1714007
1714439
1714474
1714717
1715009
1715248
1715815
1717009
1717421
1717705
1717915
1717919
1718008
1718082
1718279
1718807
1719617
1719719
1720391
1721039
1721485
1721706
1721855
1722820
1722865
1722974
1723142
1723204
1723450
1723748
1723781
1724163
1724262
1725610
1725912
1726239
1726466
1726935
1727057
1728316
1728438
1728684
1729028
1729322
1729326
1730066
1730222
1730435
1730496
1730588
1730706
1730984
1731295
1731554
1732192
1732309
1732772
1733372
1734666
1734980
1735091
1735925
1736030
1736139
1737179
1737248
1737465
1737582
1738666
1738843
1739553
1739597
1740368
1740819
1740885
1741071
1741242
1741667
1741704
1742658
1742762
1742807
1742882
1742909
1743121
1743152
1743176
1743214
1743560
1743572
1745006
1745093
1746386
1746495
1746684
1746968
1747206
1747614
1747802
1747995
1748009
1748621
1748843
1749165
1749313
1749452
1749841
1749918
1749934
1749987
1750640
1750768
1750792
1750982
1751152
1751385
1751530
1751948
1752927
1753064
1753124
1753698
1754262
1754398
1755035
1755098
1755324
1755622
1755950
1756183
1756190
1756683
1756886
1757127
1757390
1758068
1758190
1758438
1758705
1758741
1758798
1758975
1759996
1760120
1760588
1760957
1760970
1761042
1761633
1761944
1763183
1763875
1764008
1764027
1764101
1764141
1764492
1765665
1766154
1766676
1766787
1767192
1767321
1767478
1767580
1767897
1768001
1768132
1768428
1768499
1768564
1769610
1770487
1771116
1771274
1771320
1771741
1772083
1772545
1772810
1773077
1773092
1773743
1773902
1774687
1775076
1775369
1775681
1775979
1776071
1776128
1776236
1776649
1776779
1776859
1776911
1776969
1777843
1778131
1778532
1778764
1778850
1778881
1778887
1779096
1779270
1779874
1780438
1780457
1781551
1781809
1782326
1782430
1783068
1783216
1783746
1783810
1784017
1784273
1784449
1785449
1785537
1786674
1787353
1787696
1787732
1788256
1788294
1788526
1788529
1788545
1788820
1789139
1789565
1789819
1790276
1790352
1791341
1791844
1792050
1792135
1792487
1792708
1792928
1793235
1793283
1793432
1793517
1794416
1794550
1795061
1795400
1796134
1796286
1796807
1797138
1797453
1797553
1797574
1797648
1799041
1799749
1800427
1800585
1801917
1802274
1802583
1802634
1802872
1803153
1803366
1803605
1803621
1803997
1804219
1804338
1804546
1804740
1804932
1805401
1805511
1805582
1805730
1806093
1806350
1807018
1807165
1807446
1807541
1808150
1808431
1808798
1809070
1809321
1809960
1810105
1810225
1810530
1810642
1810702
1810958
1811165
1811183
1811326
1811832
1811886
1812302
1812426
1812894
1813011
1813126
1813380
1813671
1813709
1813905
1814555
1814730
1814974
1815601
1815965
1816310
1816389
1817235
1817262
1817776
1817858
1818101
1818208
1818474
1818732
1818877
1819199
1819249
1819258
1819971
1820250
1820877
1821206
1821269
1821701
1822750
1822921
1823065
1823104
1823627
1823709
1823803
1824176
1825375
1825650
1825748
1825780
1825837
1825850
1826050
1826110
1826458
1826602
1826655
1827566
1827757
1827813
1828082
1828461
1828540
1828636
1828855
1829430
1830357
1830409
1830442
1830841
1831181
1831266
1831293
1831825
1831903
1832193
1832214
1832231
1832501
1832688
1832703
1833026
1833202
1833309
1833478
1834049
1834468
1834776
1834911
1834912
1835347
1835502
1836283
1836303
1836474
1836941
1837178
1837293
1837377
1837556
1837565
1837756
1837936
1838082
1838374
1838441
1838851
1838926
1839478
1839898
1840845
1841116
1841139
1841527
1841560
1841676
1842016
1842505
1842897
1843060
1843812
1843876
1843944
1844155
1845730
1845958
1845963
1846210
1846597
1846808
1846958
1847034
1847331
1848072
1848204
1849482
1849483
1850098
1850683
1850920
1850945
1851250
1851820
1852758
1853008
1853316
1853560
1853775
1854528
1854704
1855183
1855274
1855643
1855789
1855836
1855888
1856102
1856201
1856269
1856465
1856749
1856852
1857020
1857545
1857736
1857753
1857973
1858507
1858693
1858761
1860166
1860459
1860645
1860734
1861628
1861659
1861776
1862816
1863957
1864110
1864263
1864485
1865069
1865077
1865203
1865308
1865883
1866045
1866574
1867105
1867242
1867393
1868266
1868598
1869070
1869122
1869379
1869983
1870282
1870410
1870608
1870922
1871163
1871191
1871430
1871461
1871538
1871919
1872016
1872080
1872402
1872628
1872821
1873483
1873496
1873853
1874383
1874911
1874965
1875072
1875739
1875838
1875869
1875915
1877203
1877385
1877402
1877442
1877672
1877828
1878160
1878226
1878276
1878304
1878934
1879088
1880109
1880571
1880912
1881380
1881698
1881938
1882039
1882453
1882675
1883176
1883196
1883440
1883770
1884237
1884411
1884450
1884650
1884920
1884999
1885084
1885528
1886010
1886395
1886927
1887046
1887047
1887369
1887399
1888271
1888330
1888593
1888787
1888796
1890176
1890242
1890369
1890378
1890682
1891312
1892117
1892125
1892812
1893123
1893300
1893628
1894363
1894933
1895037
1895363
1895468
1896909
1896981
1897308
1897322
1897361
1897456
1897647
1897793
1897904
1898221
1898909
1898919
1900497
1900771
1901103
1901342
1901502
1902183
1902256
1903121
1903166
1903392
1903756
1903840
1904316
1904559
1905575
1905740
1905776
1905912
1906129
1906328
1907051
1907394
1907463
1908327
1908365
1908960
1908971
1909419
1909494
1909866
1910098
1910716
1910782
1911162
1911858
1911966
1912142
1912501
1912764
1912984
1913569
1913677
1914016
1914301
1914356
1914645
1914673
1914753
1914794
1914877
1914936
1915311
1915393
1915491
1915659
1915788
1916045
1916158
1916519
1916886
1917172
1917210
1917279
1917587
1917609
1918013
1919822
1920400
1920732
1920739
1921522
1921523
1922020
1922229
1922315
1923146
1923168
1923749
1923934
1924429
1925347
1925838
1926057
1926168
1926488
1926612
1926634
1926699
1927071
1927203
1928718
1928778
1928884
1929342
1929422
1929457
1929605
1929674
1930186
1930190
1930293
1930666
1930865
1930957
1931306
1931400
1931405
1931587
1931699
1932134
1932273
1932811
1933614
1933634
1933951
1934012
1934058
1934616
1934855
1935007
1935257
1935541
1935717
1935914
1936412
1936768
1937328
1938515
1938541
1939122
1939490
1939508
1939586
1939980
1940409
1940656
1942066
1942234
1942632
1943429
1943698
1943748
1943899
1944908
1945246
1945394
1945698
1946204
1946498
1946533
1946728
1946778
1946957
1946990
1947163
1947173
1947408
1947409
1947583
1948305
1948579
1948903
1949326
1949613
1950103
1950298
1950305
1950690
1950761
1951430
1952016
1952391
1952561
1952734
1952813
1953153
1953304
1953665
1953995
1954331
1954862
1954866
1954966
1955171
1955984
1956090
1956539
1956640
1957103
1957386
1957595
1957661
1957794
1957949
1957961
1958519
1958531
1958889
1959164
1959170
1959235
1959240
1959480
1959642
1960514
1961250
1961254
1961583
1961904
1961997
1962197
1962249
1962363
1962397
1962682
1962786
1962855
1962881
1962966
1963077
1963091
1963426
1963636
1964361
1964957
1965223
1965354
1965773
1965786
1965993
1966432
1966640
1966921
1967187
1967441
1968071
1968419
1968460
1968617
1969050
1969058
1969697
1970403
1971387
1971618
1972604
1972720
1972743
1972905
1973465
1973687
1973978
1974033
1974206
1974536
1974933
1975168
1975586
1976305
1976821
1976832
1976892
1977354
1977653
1977696
1977741
1978014
1978194
1978786
1979377
1980270
1980429
1980785
1980857
1981814
1981931
1982305
1982369
1982470
1983187
1983226
1983308
1983318
1983754
1984065
1984665
1984915
1985098
1985285
1985539
1986321
1986523
1987554
1987597
1987620
1988510
1988665
1988798
1989494
1990050
1990368
1990652
1991246
1991648
1992571
1992680
1992862
1993212
1993304
1993962
1994093
1994290
1994424
1994509
1994646
1994873
1994909
1995106
1995531
1996909
1996969
1996990
1997628
1998764
1998772
1998981
1999320
1999660
1999914
2000030
2000258
2000472
2001227
2001317
2001361
2001576
2002008
2002031
2002368
2002710
2002791
2003380
2003871
2003937
2004190
2004300
2005159
2005372
2005518
2005635
2005694
2005760
2005885
2006053
2006580
2007255
2007371
2007445
2007494
2007549
2007713
2008110
2008171
2008181
2008402
2008675
2008867
2009393
2009495
2009629
2009944
2009978
2010644
2011062
2011191
2011207
2011344
2011351
2011372
2011379
2012079
2012495
2012571
2012611
2014159
2014334
2014393
2014413
2014488
2014667
2014965
2015037
2015126
2015768
2016667
2016999
2017423
2019114
2019119
2019138
2020037
2020305
2020357
2020624
2020675
2020696
2020726
2020792
2020915
2021807
2022023
2022094
2022468
2022622
2022695
2022984
2023496
2024400
2024476
2024956
2025202
2026018
2026052
2026145
2026281
2026550
2026900
2027234
2027600
2027781
2028112
2028354
2028471
2029564
2029599
2029677
2029703
2029725
2030148
2030629
2031013
2031172
2031274
2031305
2031772
2032694
2033121
2033697
2033708
2034560
2034809
2034946
2035217
2035468
2035531
2036496
2036933
2037388
2037496
2037966
2039110
2039241
2039289
2039812
2040401
2040530
2040947
2041100
2041661
2041797
2042082
2042178
2042380
2042605
2042804
2042959
2043166
2043575
2043708
2043761
2043902
2043975
2044283
2044437
2045006
2045006
2045044
2045838
2045909
2046012
2046084
2046122
2046483
2046489
2047352
2047362
2047460
2048168
2048298
2048393
2048462
2048533
2048903
2049328
2049439
2049897
2050446
2050813
2051132
2051420
2051569
2051582
2051626
2051931
2052028
2053024
2053482
2054068
2054372
2054565
2054589
2054836
2055645
2056044
2056882
2057161
2057381
2057629
2058879
2059393
2060104
2060154
2060268
2060491
2060725
2060889
2061014
2061538
2062491
2062558
2062726
2062898
2062966
2063279
2063389
2063582
2063726
2064203
2064262
2064316
2064354
2064371
2064722
2064849
2064972
2065714
2065964
2066081
2066144
2066310
2066341
2066751
2067036
2067213
2068325
2068405
2068528
2069778
2069818
2069890
2070083
2071073
2071170
2071368
2071788
2072247
2072253
2072529
2072556
2072731
2072849
2072968
2073110
2073196
2073479
2073782
2073956
2074067
2074136
2074267
2074353
2074513
2074628
2074864
2075155
2075687
2075840
2077640
2077766
2078397
2078636
2078747
2079173
2079258
2079594
2079889
2080101
2080707
2081571
2081754
2081788
2081792
2081878
2082019
2082201
2082908
2083158
2083268
2083419
2083913
2084386
2084830
2084903
2084943
2084969
2085350
2085522
2085944
2086215
2086793
2087294
2087485
2088236
2088443
2088891
2089273
2089522
2089575
2089874
2089903
2089965
2090019
2090084
2090180
2090195
2090232
2090281
2090840
2090992
2091337
2091363
2091627
2092026
2092079
2092594
2092635
2092783
2093094
2093367
2093432
2093483
2093914
2093955
2094113
2094272
2094588
2094635
2095391
2095436
2095752
2096160
2096265
2096509
2096623
2096656
2096803
2096865
2096992
2097288
2097315
2097416
2098007
2098487
2098633
2098639
2098894
2099106
2100435
2100500
2100880
2100896
2100907
2100996
2101160
2101273
2101409
2101576
2101695
2101987
2102155
2102314
2102427
2102708
2103126
2103428
2104016
2104024
2104045
2104064
2104354
2104423
2104433
2104475
2105052
2106338
2106355
2106390
2106925
2107116
2107148
2107206
2107314
2107759
2107926
2107941
2108091
2108365
2108690
2109278
2109309
2109928
2110206
2110299
2110321
2110401
2110892
2110989
2110999
2111063
2111334
2111648
2111833
2111868
2111919
2112031
2112559
2112742
2113593
2113628
2113822
2113918
2114128
2114188
2114393
2114951
2115146
2115633
2115935
2116288
2117258
2117807
2119002
2119062
2119551
2119656
2119970
2120275
2120336
2120436
2121269
2121294
2121952
2121958
2122198
2122982
2123047
2123540
2123564
2123791
2123867
2123910
2124096
2125046
2125169
2125280
2125967
2126094
2126496
2126683
2127149
2127709
2129403
2129679
2130091
2130134
2130246
2130701
2131170
2131327
2131833
2131921
2132001
2132287
2132360
2132527
2132773
2132911
2132918
2133393
2134141
2134716
2134849
2135155
2135394
2137011
2137156
2137573
2137781
2138744
2138746
2139462
2139494
2140517
2140540
2140562
2140631
2140872
2141948
2141981
2142007
2142195
2142415
2143174
2143183
2143327
2143380
2143580
2143694
2143694
2143824
2144697
2144903
2145378
2145583
2145785
2145796
2146375
2147747
2147799
2147961
2148277
2148918
2149477
2149720
2149879
2150101
2150381
2150864
2151155
2151219
2151274
2151451
2152273
2152454
2152640
2152661
2153310
2153969
2154228
2154707
2154762
2155865
2155907
2155949
2156088
2156480
2156899
2157091
2157346
2157753
2158028
2158055
2158789
2159541
2159745
2160442
2161797
2162015
2162308
2162788
2163038
2163267
2163600
2163988
2164064
2164311
2164573
2164604
2164808
2165116
2165186
2165252
2165349
2166028
2166141
2167043
2167093
2168143
2168501
2168721
2168859
2168901
2170038
2170667
2170688
2171895
2171923
2172201
2172390
2173675
2173888
2174394
2174480
2174665
2174770
2174872
2176862
2177597
2178131
2178267
2178804
2179183
2179326
2179507
2179841
2180103
2180402
2180515
2181424
2181975
2182285
2182666
2182677
2182946
2183105
2183155
2184274
2184900
2185222
2185343
2186376
2186905
2187689
2187877
2187964
2187969
2188215
2188479
2188844
2189291
2189528
2189571
2189913
2190404
2190628
2191142
2191443
2191591
2191888
2191910
2192322
2192513
2192775
2192872
2192982
2193188
2193313
2193668
2193723
2193861
2194940
2195189
2195250
2195514
2196122
2196331
2196465
2197033
2197492
2197673
2198367
2198409
2198461
2198637
2198776
2199494
2199576
2199598
2199768
2199962
2199963
2200096
2200198
2200201
2200227
2200323
2200537
2200910
2200948
2201482
2201590
2201851
2202178
2202549
2202759
2203029
2204664
2204745
2204927
2205143
2205757
2205785
2205850
2206408
2206508
2206947
2207286
2207730
2207964
2208083
2208436
2208582
2209279
2209701
2210020
2210219
2210278
2210763
2211031
2211185
2211210
2211321
2211463
2211972
2213039
2213952
2213974
2214477
2214579
2214885
2215162
2215424
2215593
2215960
2216082
2216495
2216639
2217156
2217462
2217544
2217564
2217739
2217989
2218004
2218168
2218250
2218271
2218662
2219367
2219406
2219737
2219761
2219956
2220626
2221762
2222298
2222455
2222500
2222534
2222687
2222926
2223100
2223158
2223941
2224004
2224183
2225461
2225594
2226006
2226238
2226672
2227101
2227129
2227148
2227367
2227768
2228341
2228568
2228859
2229110
2229201
2229207
2229376
2229510
2229566
2229832
2229966
2230289
2230352
2230380
2230387
2230523
2230590
2230878
2230935
2231408
2232227
2232270
2232665
2233385
2233514
2233764
2233832
2234722
2235201
2235255
2235557
2235711
2235834
2236251
2236525
2236662
2236703
2236795
2236835
2237135
2237214
2237640
2238448
2238510
2238771
2239414
2241392
2241743
2241779
2242673
2242930
2242967
2243493
2243813
2243929
2244079
2244351
2244510
2244605
2244727
2244754
2245165
2245314
2245505
2245799
2245873
2245959
2246499
2246510
2246778
2246948
2247223
2248509
2248625
2249045
2249200
2249393
2249797
2250024
2250049
2250204
2250890
2251434
2252362
2252520
2252618
2252878
2252885
2253650
2253862
2253966
2254061
2254231
2254302
2254365
2254458
2255047
2255239
2255407
2255553
2255794
2256354
2256425
2256538
2257147
2257340
2257737
2258024
2258099
2258147
2258477
2258828
2259127
2259195
2259450
2259489
2259714
2259875
2260287
2260606
2260749
2260783
2260905
2261059
2261161
2261204
2261230
2261359
2261387
2261570
2261587
2261951
2262110
2262226
2262391
2262714
2262853
2262932
2263300
2263348
2263389
2263434
2263565
2263877
2264151
2264243
2264250
2264274
2264641
2264923
2265141
2265827
2266260
2266720
2266741
2267149
2267559
2267867
2268023
2268064
2268658
2268940
2269279
2269468
2269760
2270150
2271021
2271086
2271092
2271218
2272323
2272620
2273207
2273828
2274510
2274796
2274864
2275836
2276112
2276166
2276193
2276550
2276813
2276823
2277438
2278271
2278344
2278357
2278514
2278599
2278695
2279825
2279869
2280047
2280842
2280985
2282343
2282550
2282774
2282946
2283274
2283727
2283968
2284000
2284516
2284578
2284779
2284861
2285065
2285134
2285332
2285618
2285822
2286025
2286191
2286296
2286396
2287781
2287873
2287968
2288104
2288441
2288725
2289369
2289492
2289909
2289952
2290532
2290726
2290744
2290772
2291908
2293186
2294181
2294301
2294416
2294448
2294690
2295292
2295341
2295902
2296223
2296329
2296543
2296578
2296623
2297329
2297398
2297454
2297912
2298727
2298987
2299470
2299682
2299816
2300272
2300825
2301130
2301274
2301906
2302102
2302393
2302624
2302635
2303079
2303626
2303632
2303668
2305156
2305559
2305877
2306652
2307843
2308972
2309067
2309350
2309611
2309778
2309961
2309975
2310128
2310270
2310531
2310837
2311716
2312057
2312382
2312615
2313241
2313535
2313582
2313593
2314049
2314170
2314338
2314809
2315135
2315328
2315385
2316456
2316536
2317047
2318083
2318449
2318535
2318711
2318816
2319303
2319534
2320581
2320601
2320887
2321281
2321750
2322131
2322580
2322993
2323087
2323294
2323993
2324027
2324236
2324464
2324927
2324982
2325041
2325291
2325681
2325684
2325831
2325890
2326935
2327154
2327317
2327692
2328163
2328709
2328751
2329003
2329350
2329440
2329443
2330074
2330147
2330268
2330666
2330821
2331114
2331265
2331314
2331316
2331389
2331625
2331967
2332156
2332703
2332840
2332969
2332996
2333757
2334639
2335045
2335050
2335072
2335310
2335496
2335690
2335794
2336375
2337072
2337546
2337662
2337686
2338095
2338250
2338302
2339353
2339487
2339582
2340242
2340304
2340454
2340985
2341185
2341651
2342026
2342711
2342806
2342812
2342813
2343074
2343213
2343498
2343690
2344552
2343690
2344127
2344824
2345032
2345224
2345300
2346397
2346556
2347068
2347598
2347873
2347881
2348743
2348793
2348878
2350000
2350012
2350390
2350422
2350522
2350893
2351181
2351353
2351719
2352376
2352656
2352887
2354422
2354646
2354859
2354951
2355491
2355506
2355664
2356060
2356068
2356372
2356801
2356812
2356973
2357160
2357228
2357302
2357661
2357733
2358319
2358545
2359218
2359563
2359575
2359711
2359858
2360305
2360713
2360861
2361503
2361734
2361935
2362079
2362259
2362277
2362351
2362452
2362479
2362490
2362579
2362926
2363262
2363853
2364040
2364101
2364932
2365174
2365403
2365480
2365651
2365906
2366359
2367137
2367463
2367531
2367890
2367927
2368333
2368946
2369060
2369220
2369465
2369622
2370255
2370536
2371970
2371973
2372057
2372656
2372767
2372802
2373130
2373478
2373495
2373760
2373766
2373965
2374695
2374859
2375470
2375724
2376677
2377094
2377335
2377477
2377651
2377938
2378123
2378709
2378961
2379828
2380065
2381497
2381623
2381740
2381825
2382267
2382272
2382411
2382949
2383524
2383557
2384352
2384433
2385456
2385776
2385882
2386459
2386761
2387063
2387285
2387395
2387418
2387689
2388438
2388741
2388929
2388986
2389082
2389509
2389579
2389799
2390331
2390362
2390600
2391189
2392243
2392292
2392487
2392587
2392590
2392944
2393776
2393980
2394825
2395045
2395266
2395652
2395681
2395790
2395935
2396501
2396600
2397093
2397418
2397557
2397738
2397801
2398036
2398059
2398108
2398122
2398165
2398253
2398723
2398983
2399248
2399296
2399377
2399651
2400652
2400786
2401006
2401161
2401166
2401452
2401675
2401960
2402483
2402600
2402953
2403140
2403360
2403521
2403653
2404058
2404167
2404423
2404991
2405309
2405338
2405638
2405776
2405820
2406278
2406309
2406419
2406643
2406697
2406789
2406818
2407164
2407262
2407913
2407961
2408490
2408543
2408981
2409238
2409271
2409606
2410229
2410234
2410247
2410277
2410351
2411253
2411467
2411467
2411972
2412487
2412908
2413390
2413415
2413566
2413676
2413709
2413891
2413925
2414105
2414899
2415056
2415230
2415755
2416284
2416293
2416495
2417080
2417249
2417518
2417965
2418075
2418608
2418623
2418653
2418854
2418911
2419139
2419173
2419209
2419214
2419484
2420025
2420091
2420630
2421234
2421491
2421574
2421830
2422143
2422589
2422820
2423297
2423375
2423622
2424175
2424611
2424650
2425756
2425771
2426005
2426241
2426323
2426473
2426696
2428061
2428281
2428330
2428890
2428965
2429100
2429333
2429598
2429623
2429668
2430764
2431401
2431643
2431851
2433019
2433159
2433565
2433670
2433702
2433968
2434089
2434227
2434510
2434565
2436008
2436136
2436243
2436455
2436976
2436993
2437514
2437768
2438073
2438505
2438896
2439701
2440011
2440177
2440208
2440225
2440468
2441254
2441585
2441888
2442289
2442315
2442421
2443304
2443625
2444320
2444590
2444602
2445266
2445596
2445902
2446765
2447572
2448185
2448416
2448578
2448736
2449019
2449173
2449423
2449755
2450525
2450581
2450688
2450824
2450856
2451444
2451930
2451953
2452484
2452699
2452735
2452790
2452798
2453586
2453711
2455804
2455949
2456024
2456081
2456132
2456779
2456830
2456930
2457611
2457983
2458222
2458635
2458784
2458791
2458874
2459312
2459504
2460035
2460255
2460297
2460425
2460881
2460940
2460993
2461358
2461476
2461490
2462110
2462737
2462788
2462789
2463035
2463188
2463408
2463467
2463880
2464165
2465140
2465477
2465484
2465704
2465725
2465732
2466047
2466129
2466753
2466800
2468005
2468042
2468649
2468742
2469000
2469403
2469492
2469524
2469772
2469981
2470104
2470407
2470929
2471307
2471547
2471682
2472186
2472201
2473259
2473691
2473779
2473969
2474138
2474413
2474462
2474777
2475258
2475531
2475620
2476000
2477115
2477214
2477318
2477460
2477487
2477701
2477731
2478014
2478027
2478203
2479249
2479544
2479841
2479939
2480075
2480457
2480564
2480566
2480610
2481054
2481327
2481712
2481793
2482243
2482858
2482894
2483303
2483323
2483508
2483635
2483796
2483901
2484317
2484648
2484744
2485154
2485497
2485593
2485786
2486139
2486362
2486513
2486515
2486889
2487245
2487342
2487657
2487760
2487868
2487999
2488354
2488584
2488742
2488859
2488977
2489364
2489528
2489926
2490307
2490675
2490902
2491063
2491330
2491871
2492013
2492212
2492658
2492669
2492743
2492859
2493638
2493652
2493672
2493703
2493778
2493797
2494294
2494316
2494517
2495318
2495673
2495764
2495873
2496136
2496234
2496237
2496430
2496631
2496665
2496736
2497282
2497312
2497349
2497706
2497739
2497998
2498061
2498453
2498784
2499483
2499876
2500583
2500652
2500729
2500790
2502229
2502420
2502829
2503303
2503411
2503444
2503704
2504266
2504471
2504630
2505135
2505630
2505643
2506160
2506364
2507342
2507589
2507726
2507757
2507769
2509071
2509368
2509398
2509482
2509588
2510150
2510522
2510580
2511105
2511268
2511318
2511530
2512327
2512374
2512571
2513324
2513384
2513596
2513625
2513760
2513788
2514260
2514878
2515793
2515838
2515855
2516111
2516127
2516342
2516454
2516676
2516946
2517120
2517145
2517302
2517352
2517577
2517657
2517716
2517825
2518327
2518646
2518955
2519001
2519010
2519172
2519978
2519998
2520228
2520666
2521056
2522080
2522221
2522390
2522421
2522788
2522938
2523005
2523022
2523119
2523615
2523663
2524023
2524591
2524762
2524879
2525065
2525238
2525252
2525342
2525783
2525839
2526138
2526152
2526746
2527508
2528304
2528447
2529076
2529391
2529676
2529727
2529823
2531012
2531648
2531999
2532060
2532363
2532398
2532609
2532671
2532918
2533147
2533273
2533872
2534706
2536135
2536255
2537215
2538234
2538605
2539032
2539405
2539611
2539661
2539916
2540547
2540589
2541547
2541567
2541747
2541819
2541946
2542277
2543476
2543635
2543774
2543883
2543952
2544424
2544964
2545002
2545048
2545559
2545722
2546689
2547086
2547180
2547276
2547278
2547523
2547989
2548114
2548487
2548649
2548666
2548700
2548701
2549289
2549976
2550055
2550385
2550457
2550678
2550912
2551000
2551127
2551220
2551278
2551293
2551364
2551602
2552016
2552031
2552397
2552629
2553387
2553995
2554084
2554654
2554737
2555101
2555396
2555467
2555502
2555806
2555887
2556144
2556409
2556953
2557335
2557805
2558342
2558556
2558612
2558718
2559409
2559751
2560929
2561051
2561053
2561621
2561957
2562115
2562574
2562995
2563036
2563322
2563377
2563592
2563705
2563739
2563927
2564481
2564848
2565019
2565519
2565750
2565830
2565889
2565905
2566006
2566238
2566587
2566633
2567338
2567637
2567683
2567903
2567989
2568262
2568486
2568679
2568972
2569259
2569400
2569917
2570260
2570540
2570662
2571118
2571168
2571706
2572042
2572224
2572377
2573162
2573724
2573833
2574005
2574065
2574167
2574174
2574193
2574503
2574585
2574586
2574941
2575191
2575283
2575519
2575555
2575634
2576847
2577231
2577687
2577695
2577907
2578450
2578761
2579584
2579825
2579985
2580107
2580257
2580555
2580613
2581270
2581305
2581428
2581698
2581827
2581949
2582255
2582669
2582732
2583079
2583575
2583797
2584084
2584303
2584927
2585073
2585081
2586207
2586322
2586444
2586805
2587186
2587444
2588216
2588412
2589345
2589803
2589825
2590161
2591061
2591066
2591068
2591080
2591302
2591310
2591767
2591879
2592338
2592431
2592516
2592928
2593037
2593418
2593429
2593480
2594100
2594113
2594977
2595557
2596219
2596247
2596437
2596951
2597012
2597471
2597822
2598179
2598502
2598586
2599192
2599484
2600248
2601087
2601600
2601614
2601678
2601969
2602228
2603116
2603394
2603509
2603921
2604230
2604386
2604413
2604424
2604661
2604857
2605161
2605553
2605609
2605705
2605775
2605882
2605961
2606009
2606040
2606192
2606209
2606526
2607464
2608000
2609208
2610737
2611193
2611431
2612320
2612572
2612816
2612828
2613160
2613212
2613386
2613407
2613656
2613768
2613993
2614076
2614442
2614464
2614811
2615873
2615894
2616441
2616883
2616928
2617237
2617346
2617409
2619022
2619483
2619900
2620323
2621609
2621631
2622164
2622313
2622401
2622753
2623158
2623643
2623764
2623831
2624391
2624491
2624499
2624586
2624667
2624885
2625657
2625913
2626021
2626996
2627434
2627869
2627924
2627971
2628332
2628479
2628559
2628632
2628686
2628847
2628946
2629230
2631590
2631804
2631962
2632048
2632060
2632294
2632312
2632426
2632472
2632701
2632858
2632894
2633357
2633415
2633554
2633875
2633984
2634397
2634629
2634823
2634975
2635495
2635708
2635917
2637193
2638025
2638250
2638409
2638715
2638862
2639005
2639263
2639338
2639341
2639599
2639728
2640098
2640995
2641256
2641796
2641933
2642047
2642360
2642583
2643045
2643175
2643327
2644041
2644211
2644521
2644642
2644794
2645110
2645137
2645186
2645335
2645423
2645439
2645532
2645569
2645584
2645610
2646029
2646429
2646451
2646873
2649422
2650151
2650473
2650851
2651110
2651715
2652330
2653090
2653374
2653451
2653541
2654192
2654338
2654450
2654818
2654888
2655001
2656368
2656644
2656722
2657568
2657836
2657968
2658127
2658217
2659060
2659531
2659562
2659876
2661007
2661713
2662023
2662431
2663486
2663799
2664355
2664513
2664907
2664954
2665482
2665555
2665696
2666017
2666353
2666627
2666737
2666883
2667316
2667495
2668276
2669528
2669732
2669863
2670671
2670968
2671451
2671802
2671846
2672323
2672432
2672555
2672894
2672904
2673114
2673503
2673574
2674417
2674592
2674888
2675311
2675698
2675871
2676208
2676421
2676499
2677839
2678622
2678737
2678855
2679953
2680224
2680230
2681032
2681673
2681777
2681916
2681949
2683288
2683562
2683637
2683812
2684099
2684181
2684318
2684608
2685051
2685205
2685500
2685530
2686889
2687044
2687703
2689080
2689149
2690042
2690474
2690813
2691277
2691332
2691477
2692984
2693036
2694152
2694155
2694357
2694997
2695541
2696229
2696374
2696461
2696980
2697104
2697182
2697666
2697817
2698073
2698168
2698443
2698749
2699157
2700401
2700474
2700754
2701003
2701094
2701246
2701259
2701341
2701820
2702428
2702843
2702887
2702996
2703879
2704022
2704190
2705055
2705113
2705397
2705506
2705514
2705860
2706296
2707024
2707409
2707514
2707810
2707977
2708168
2708191
2708521
2708697
2708948
2709026
2709349
2709604
2709618
2709856
2710028
2710852
2710972
2711032
2711218
2711448
2711552
2712174
2712440
2712648
2713207
2713332
2713687
2713753
2713898
2714583
2714961
2715172
2715241
2715734
2716366
2717190
2717505
2717825
2717880
2718721
2719012
2719553
2719613
2719968
2720036
2720973
2721726
2721918
2722101
2722351
2722484
2722556
2722969
2723131
2723279
2723859
2723885
2724152
2724327
2724752
2725157
2725314
2725325
2726286
2726317
2726402
2726614
2726849
2726902
2727123
2727661
2727849
2727933
2728781
2729217
2729422
2729653
2730418
2730828
2730836
2731156
2731281
2731472
2731680
2731918
2732055
2732539
2732558
2733091
2733414
2733671
2734249
2734666
2734770
2735281
2735295
2735324
2735539
2735573
2735870
2736079
2736467
2736474
2736796
2737184
2737355
2737382
2737420
2737603
2738133
2739204
2739638
2739704
2740245
2740505
2740531
2740757
2740972
2741008
2741235
2741460
2742128
2742411
2742879
2743052
2743094
2743302
2743765
2743858
2744322
2745068
2745475
2746290
2747091
2747096
2747623
2747692
2747905
2748394
2748513
2748619
2748844
2749220
2749781
2750139
2750511
2750615
2750921
2751814
2752027
2752141
2752169
2752394
2752538
2752668
2752810
2753270
2753377
2753533
2754113
2754141
2754161
2754462
2754682
2755388
2755529
2755549
2755728
2756085
2756129
2756311
2756707
2756864
2757069
2757467
2757506
2757582
2758240
2758502
2758910
2758970
2759308
2759334
2760022
2760324
2760820
2761099
2761231
2761365
2761701
2762268
2762887
2763027
2763119
2763287
2763422
2763481
2763556
2764201
2764237
2764357
2764433
2764499
2764637
2764905
2765246
2765305
2765687
2766533
2766778
2766799
2766875
2766913
2767122
2767623
2768300
2768691
2769174
2769672
2769774
2770008
2770202
2770336
2770847
2770991
2771497
2771618
2771999
2772317
2772379
2772545
2772687
2772889
2773086
2773178
2773293
2773539
2773575
2773703
2774055
2774502
2774527
2775839
2776116
2776420
2777125
2777242
2777274
2777861
2777949
2778025
2778076
2778233
2778904
2778949
2779151
2780258
2780339
2780440
2780745
2780944
2781277
2781317
2781353
2781479
2781481
2781666
2781880
2782320
2782407
2782684
2782835
2783362
2784359
2784360
2784557
2785117
2785235
2785897
2786525
2786574
2786976
2787187
2787482
2787524
2787603
2787929
2787982
2788288
2788363
2788949
2789013
2789039
2789079
2789749
2789884
2790551
2790620
2790646
2790904
2791417
2792959
2793360
2793631
2793695
2793698
2794388
2794605
2795260
2795897
2796364
2796511
2796776
2796788
2796848
2797228
2797470
2798218
2798481
2798809
2798982
2799224
2799437
2800737
2800998
2801099
2801683
2802308
2802392
2802878
2802954
2803857
2803902
2803990
2804415
2804474
2804981
2805962
2806321
2806328
2806382
2806411
2806866
2807211
2807295
2807607
2807620
2808014
2808185
2808541
2808895
2809059
2809111
2809216
2809390
2809424
2809464
2809575
2809768
2809957
2810438
2810835
2810919
2811137
2811528
2811665
2811886
2811978
2812301
2812667
2812742
2813006
2813629
2814120
2815713
2816040
2817482
2818186
2818207
2818647
2819538
2819676
2819704
2820053
2820349
2820469
2820840
2820935
2821004
2822265
2822326
2822395
2822695
2822965
2824122
2824660
2826035
2826084
2826438
2826759
2826764
2827046
2827159
2827592
2827846
2828013
2828190
2828304
2828354
2828707
2828841
2829000
2829236
2829304
2830164
2830415
2830527
2830742
2830847
2831315
2831902
2833029
2833124
2833322
2833591
2833839
2834139
2834456
2835168
2835451
2835750
2836270
2836555
2837087
2837351
2837633
2837970
2838380
2838911
2839558
2839652
2840002
2841034
2841086
2841557
2842115
2842521
2842856
2842997
2843348
2843478
2845196
2845298
2845310
2845321
2845823
2846042
2846291
2846306
2846525
2847377
2847428
2848690
2848859
2848963
2849083
2849101
2849445
2849631
2849865
2850191
2850436
2850532
2851011
2851671
2851693
2852077
2852125
2852258
2852793
2852836
2853019
2853131
2853900
2853969
2853985
2854269
2854438
2855015
2855167
2855207
2855208
2855478
2855839
2855962
2856093
2856294
2856756
2857196
2857269
2857433
2857798
2857902
2858050
2858386
2858748
2859349
2859470
2859978
2860432
2860721
2860723
2860819
2861047
2861136
2861324
2861516
2861824
2862805
2862838
2862927
2863114
2863357
2863820
2863884
2864579
2865395
2865568
2866398
2866686
2866711
2867013
2867221
2867284
2867364
2867722
2867804
2868181
2868410
2868511
2868748
2869086
2869461
2869923
2870718
2871750
2871868
2871926
2871987
2872448
2872825
2873754
2874200
2874339
2874532
2874802
2875217
2875340
2875369
2875521
2875581
2875951
2875979
2876222
2876293
2876516
2876547
2876881
2877046
2877320
2877334
2877703
2878041
2878082
2878564
2878640
2879278
2879312
2879334
2879399
2879756
2879855
2881125
2881794
2881952
2882054
2882068
2882844
2882955
2883512
2883669
2883894
2884087
2884203
2884335
2884764
2885006
2885407
2886202
2886847
2887449
2887802
2888388
2889207
2889332
2889669
2889841
2889942
2890527
2890781
2890826
2891023
2891258
2891264
2891565
2891759
2891932
2891939
2892415
2892650
2892671
2892760
2893170
2893452
2893560
2893669
2893921
2894006
2894624
2895030
2895167
2895176
2895386
2895445
2895593
2896012
2896270
2896472
2896566
2896587
2896841
2897078
2897455
2898177
2898481
2899108
2899234
2899377
2899420
2899916
2900336
2900355
2900423
2900426
2900695
2900726
2900778
2900883
2900900
2901277
2901462
2901503
2901531
2901564
2902438
2902561
2902628
2903100
2903258
2903342
2903982
2903990
2904068
2904088
2904939
2905462
2904088
2904293
2904637
2906059
2906307
2906354
2906581
2906724
2906884
2906896
2906964
2906990
2907045
2908210
2908266
2908533
2908579
2908740
2909162
2909185
2910173
2910449
2910825
2911159
2911403
2911626
2913022
2913207
2913384
2913430
2913432
2913795
2914193
2914434
2914468
2914485
2914532
2914776
2914911
2914979
2915234
2915473
2915791
2916010
2916161
2916321
2916323
2916711
2916887
2917887
2918036
2918194
2918424
2918505
2918546
2919173
2919444
2919489
2919592
2919758
2919798
2919849
2920203
2920572
2920863
2920871
2921142
2921278
2921543
2921666
2922005
2922794
2922947
2923585
2924059
2924114
2924373
2924525
2924553
2924901
2924912
2925063
2925132
2925154
2925466
2925518
2925601
2926154
2926224
2926356
2926716
2927146
2927209
2927627
2927628
2927809
2928751
2929026
2929320
2929810
2929858
2929869
2930448
2930464
2930734
2931750
2932074
2932449
2932769
2932772
2932870
2933078
2933095
2933509
2933598
2934045
2934074
2934255
2934455
2934661
2934787
2934876
2934991
2935167
2935189
2935759
2935760
2935969
2936020
2936305
2936389
2936537
2936862
2937423
2937708
2937989
2938385
2938699
2939053
2939426
2939448
2939616
2939849
2940471
2940499
2940518
2940875
2941252
2941486
2942178
2942205
2942347
2942509
2942739
2942912
2943155
2943489
2943545
2943614
2943701
2943785
2944144
2944894
2945297
2945337
2945515
2945939
2946003
2946064
2946146
2946864
2947014
2947061
2947117
2947581
2947892
2948256
2948747
2948980
2949327
2949423
2949892
2949989
2950458
2950467
2950825
2950845
2950888
2951140
2951451
2952148
2952152
2952160
2952230
2952819
2952896
2953074
2953377
2953442
2953715
2953802
2954148
2954845
2955453
2955938
2956142
2956384
2956414
2956428
2956924
2957136
2957552
2957553
2957613
2957814
2957885
2958402
2958884
2959226
2959380
2959433
2959447
2959762
2960413
2960684
2960912
2961156
2961851
2962928
2963065
2963088
2963093
2963142
2963468
2963520
2964135
2964431
2965030
2965057
2965188
2965490
2966326
2966606
2966697
2966908
2967001
2967329
2967536
2967560
2968006
2968327
2968439
2968682
2969122
2969366
2970005
2970037
2970077
2970327
2971020
2971167
2971813
2971818
2972332
2972413
2973332
2973387
2973899
2973999
2974473
2974666
2974839
2975121
2975189
2975890
2976001
2976007
2976101
2976239
2976306
2976427
2976968
2977276
2977305
2977608
2977614
2977923
2978094
2978434
2978514
2979143
2979778
2979949
2980157
2980222
2980511
2980561
2980789
2980891
2981278
2981382
2981385
2982813
2983041
2983283
2983507
2983895
2983941
2984177
2984401
2984843
2985009
2985180
2985379
2985538
2985590
2985826
2986244
2986515
2986647
2986661
2987350
2987622
2987897
2987907
2988228
2988778
2989437
2989941
2990210
2990936
2991362
2991868
2992015
2992167
2992176
2992182
2992507
2992592
2993147
2993287
2993762
2993795
2993843
2994060
2994064
2994226
2994610
2994681
2995188
2995263
2995489
2995804
2995932
2996419
2996629
2996683
2996991
2997131
2997201
2997237
2997362
2997375
2997480
2997548
2997651
2997718
2998067
2998441
2998568
2998683
2999007
2999711
2999745
2999844
