Количество элементов - 1000, алгоритм сортировки - QuickSort, случай - Ordinary, время работы - 1
1462
3269
3488
9289
15655
16668
18613
19496
24749
25577
35081
44328
45552
50048
52665
55216
56528
59151
62221
65016
80200
82627
88768
96552
98923
100617
104531
108706
109709
113806
118271
118756
122026
124882
125761
128379
129198
129407
129752
130700
132795
138077
142046
152699
161425
167356
168187
170789
171022
172146
173985
177549
178639
185282
186638
191561
192826
194028
195883
198687
202143
203502
207626
207753
208022
209114
212090
213648
217407
219141
221328
223081
228143
233045
233651
234075
236858
240211
241468
242266
243604
245382
248563
255662
266324
272690
274736
277331
277978
281410
284571
286858
287832
293522
296296
299426
301390
309493
310930
312926
317890
319589
324249
325371
333899
334976
336951
338268
346945
352257
356241
356777
360282
361288
369797
370942
378882
379622
380769
386265
386488
387625
388428
389532
390142
393597
394396
399012
401372
401501
404241
407835
414418
415572
419565
422312
430520
432415
437319
438528
441420
442848
445217
450490
455887
459687
463405
468720
469672
470906
471101
471644
472653
473299
478550
484381
488316
496589
499875
502768
502882
505673
506182
515031
515460
518537
521537
521726
523707
525940
527085
532088
536013
536861
541653
541808
541841
545386
550422
558219
561328
561774
564219
568273
569887
570828
575544
576908
579243
579322
585650
590171
590401
598744
598826
599461
599492
600288
603354
603636
604775
607087
610487
611089
617057
618080
621143
632409
636822
640179
640465
647419
647766
649754
659930
660679
667835
668126
668182
668314
670779
672524
682018
685709
686267
686577
686595
687220
689865
689920
690021
690431
691015
691700
697438
707833
712427
718844
720507
720785
720821
721349
721790
722282
723862
726229
732164
735390
739062
744669
745134
751092
751564
753503
756339
757794
762219
773485
773886
779973
781923
783159
785108
785358
787176
787815
793829
804778
807790
810259
810744
811891
816390
820937
821953
822254
828195
829213
830473
836634
840792
843300
844680
855247
860072
863025
866295
866690
868523
874535
874744
878243
880104
880763
881933
883262
889119
889140
893933
896583
896861
899277
901260
903820
910177
914030
914553
919194
929409
931035
932342
932725
937025
939607
941994
943348
946909
947446
951357
953159
954622
957380
966534
966731
966931
970941
980520
984666
990489
992121
994519
1000075
1000906
1001102
1002012
1004884
1005903
1010332
1016123
1020356
1021399
1021670
1024460
1028987
1029589
1031845
1034912
1040913
1043843
1045060
1052149
1054220
1054589
1055940
1058439
1058756
1063227
1064219
1064489
1068752
1070949
1072505
1074844
1075922
1077014
1080028
1081249
1082451
1083729
1084899
1087388
1092351
1093753
1096048
1103200
1103525
1109012
1109116
1109943
1110274
1111219
1116589
1130383
1130428
1130786
1132303
1135896
1135935
1139405
1141297
1141887
1142483
1143386
1149804
1151192
1152211
1157163
1157215
1161583
1164437
1168559
1174143
1176157
1176865
1178464
1180792
1195593
1197871
1201665
1205340
1206651
1213000
1216065
1217714
1223756
1225380
1226565
1227532
1227617
1232125
1232474
1239779
1241270
1243475
1243900
1249216
1253087
1255828
1262359
1262866
1266388
1269528
1272063
1272860
1275885
1276164
1276505
1276537
1279039
1290427
1295676
1298164
1298751
1301442
1305679
1312617
1312740
1319634
1320049
1320056
1322916
1323992
1336018
1337829
1337967
1344322
1349952
1350608
1355888
1362887
1362895
1372072
1376215
1376724
1376934
1377005
1382880
1385460
1385752
1396636
1397030
1403249
1403447
1407098
1417271
1429985
1433007
1433713
1447072
1450473
1464461
1468485
1474396
1475462
1477335
1479107
1480033
1498148
1502038
1503708
1504366
1505564
1508514
1508568
1509336
1510239
1513547
1514523
1514868
1518791
1520417
1521519
1521944
1522897
1524319
1525173
1526193
1528844
1530732
1533862
1543531
1546787
1549216
1550340
1553293
1553514
1558261
1563323
1568012
1568225
1569456
1570403
1577234
1582999
1593236
1600056
1604049
1604215
1604742
1611741
1613457
1615172
1618865
1625396
1636707
1642455
1642487
1642902
1646827
1647009
1649745
1651052
1653809
1659520
1662641
1665121
1670071
1671777
1674147
1675700
1684299
1686218
1687787
1690270
1690744
1691610
1692116
1693326
1696628
1697320
1700577
1701643
1701987
1705104
1705919
1712758
1715983
1717199
1717547
1717693
1719280
1720746
1721557
1723474
1731798
1737376
1738796
1739873
1741166
1747604
1748352
1748408
1749952
1750494
1752630
1756627
1758878
1760534
1761117
1763784
1764240
1766460
1772982
1775019
1778928
1784560
1787533
1788761
1795051
1795694
1796916
1802450
1802474
1802527
1802638
1806536
1808340
1808614
1812493
1812551
1814779
1818948
1819575
1820591
1821214
1823527
1825153
1830810
1832348
1832468
1832665
1845179
1851277
1855394
1855779
1855789
1857863
1858393
1864302
1864348
1868069
1868623
1869935
1871918
1879052
1879313
1881157
1885459
1886413
1888588
1891471
1895609
1896667
1900252
1903918
1904727
1906235
1908325
1918174
1918729
1919275
1919434
1920799
1927429
1927483
1938709
1941020
1947890
1950635
1952236
1957039
1960992
1967810
1970389
1971010
1973868
1975092
1977038
1978808
1979745
1980526
1981491
1984698
1990462
1992078
1992132
1996955
1999638
2001394
2004559
2005054
2006485
2008293
2009173
2017175
2023920
2026667
2032471
2035239
2035749
2040292
2040922
2045375
2046132
2047152
2047943
2048245
2049309
2050702
2054100
2065772
2066194
2066525
2070849
2077272
2081519
2085696
2085750
2088355
2094903
2098629
2100058
2101206
2102360
2104737
2107226
2107406
2107886
2109015
2109908
2111175
2113988
2119643
2123328
2123514
2133192
2134592
2149595
2159435
2162901
2164016
2172903
2175304
2180304
2180994
2182862
2183292
2184073
2187623
2191193
2194263
2195275
2197385
2198046
2202068
2202120
2203045
2203470
2203502
2203608
2204676
2208747
2210852
2212270
2214854
2217599
2218117
2219315
2219601
2223816
2224701
2225705
2226243
2226822
2227280
2234600
2241355
2243828
2247654
2248640
2251228
2252423
2252834
2253057
2262792
2263076
2275238
2286890
2287400
2288723
2292701
2295716
2302031
2304298
2312732
2313951
2318363
2320402
2322572
2322970
2323403
2327573
2328048
2328808
2331482
2339029
2339374
2343596
2344637
2348683
2348697
2349391
2351625
2351644
2357272
2357309
2361460
2364575
2370053
2372926
2374652
2374804
2387101
2389429
2390426
2400872
2407956
2413316
2413809
2414416
2415673
2416024
2430060
2433813
2439607
2439639
2441920
2444923
2445802
2449430
2458497
2458974
2464260
2466674
2468397
2469152
2474843
2479568
2480272
2481737
2482406
2486848
2489077
2494820
2494906
2495130
2495286
2502793
2505668
2507680
2511931
2512087
2524990
2526486
2532986
2537626
2539040
2540419
2548459
2554309
2555618
2556383
2557083
2557347
2559114
2560283
2562784
2563890
2570182
2571282
2573330
2574637
2579211
2592068
2592128
2592445
2596426
2600447
2600877
2602221
2603575
2605689
2607152
2608283
2615378
2622079
2629564
2637426
2638791
2641693
2644240
2645006
2645081
2652782
2652952
2656519
2657300
2664974
2673215
2681094
2685224
2685376
2692333
2694134
2695192
2695869
2700072
2700216
2700443
2701604
2702155
2708502
2709902
2711792
2711925
2716307
2716832
2722518
2726820
2731341
2732006
2732627
2753792
2756892
2757845
2762556
2763396
2763848
2766160
2767347
2767954
2771371
2779085
2799309
2816390
2819620
2820309
2825069
2826542
2826707
2828744
2829590
2830537
2831171
2832151
2832595
2836426
2843649
2844215
2846937
2847832
2849735
2856398
2857707
2858141
2862391
2865640
2866694
2873113
2876117
2889451
2891832
2896236
2899248
2901119
2901160
2903002
2905337
2906128
2909280
2914720
2915625
2916224
2917065
2920961
2927740
2928735
2930898
2931402
2933955
2935004
2935260
2938569
2948646
2953451
2955072
2958989
2968230
2970073
2974352
2976913
2979918
2982079
2983951
2987307
2988721
2989891
2990166
2997225
2997671
