Количество элементов - 5000, алгоритм сортировки - QuickSort, случай - Ordinary, время работы - 5
529
771
1051
1373
1757
3850
4357
4639
4772
5089
5244
5727
6456
6944
7810
8024
8093
9178
9309
10032
10905
11138
11732
12103
12644
12934
13873
14778
14983
15645
15682
16209
17516
18575
19166
19576
19912
19976
20055
20243
20344
20552
20665
20942
21198
21981
22240
22403
22814
23728
24581
26228
27926
28249
28661
29747
31954
32605
33082
33286
34176
35113
35305
36744
37045
37131
38344
40905
41001
41015
41582
41946
42797
42997
43047
43721
43884
43982
44166
44966
45308
45868
46362
46371
46410
46430
47855
48404
48750
49821
51301
51378
51841
52017
52176
53026
53061
53608
55487
56446
58271
58884
60322
60762
60790
62268
62337
62637
62668
63124
64500
65302
65334
65546
65557
65976
66230
66510
68196
68677
69052
69395
70129
70486
70542
71285
71814
72415
72686
72795
73309
73832
74677
75284
75728
75942
76289
78230
78660
78807
78936
79708
79811
79814
80184
80461
81549
81560
81685
81706
81916
82397
82942
83304
83404
84034
84670
85807
86160
86529
86532
86836
87085
88405
88750
89189
89759
90399
90518
90631
90947
91446
91722
93408
93857
94900
96068
96242
99014
100649
101209
102290
103569
103937
105317
105922
105975
107343
107534
108547
108658
109656
110889
111320
111338
112080
112317
112552
113106
113891
114159
114510
114599
115379
115397
117074
117367
118284
118603
119320
119906
120221
121429
121603
121966
122010
123406
123631
123654
125533
126160
126824
126868
126998
127644
128701
129229
129432
130050
130230
130667
130727
131056
131479
133202
133311
133323
133843
133993
134042
134898
135154
135496
135827
136381
136944
137498
137503
140430
141175
141350
141445
141870
143628
144394
145555
145935
145997
146267
146749
146986
147348
147461
148698
148797
149236
149423
149624
149629
149805
154716
155358
155992
156725
156950
157100
157388
157664
157843
158965
159115
159379
160362
160744
162050
164575
166781
167730
168014
168163
168482
168575
169571
169988
170110
170881
171437
171937
173000
173801
174065
174272
174653
176161
176235
176261
176382
177475
178183
178564
178684
179191
180638
181023
182478
182912
183354
183551
183944
184865
185937
186317
188273
188508
188954
189049
190610
191004
192547
194450
194488
195216
195472
197715
198172
198973
199344
200210
200759
201447
202048
202117
203198
203379
204338
204969
205945
206217
206662
206729
206765
206875
207801
211401
213483
214989
216085
216212
216785
217109
217110
218649
219419
220788
221601
223356
223496
224146
224401
224889
225727
226233
226576
227361
228325
228702
230210
230967
230987
231707
231864
233165
233201
233237
233460
233652
233674
233724
234058
235143
236552
237215
238087
238411
239335
240692
241275
241759
242255
243338
243819
244321
245492
246151
246415
246594
246986
247261
248837
249884
249975
250869
251188
252774
252948
254255
254829
255525
256263
256947
257613
258323
258411
258570
258746
258770
258915
259374
259630
260412
260598
260739
261407
261944
261945
262312
263032
264199
264626
264843
265011
265172
266296
267607
267775
268382
269805
270534
270909
271117
271611
272270
273109
273358
273531
274775
274810
275111
276040
278592
278810
279447
280111
280458
280985
283293
283365
284358
285941
287337
288287
289864
291291
291399
291423
291662
292453
292455
293483
293804
296287
296559
296576
297839
298896
299327
299559
300505
300587
300605
300996
301420
301460
301728
302016
302397
302503
303692
303937
304743
306209
306253
306789
306969
307809
307934
308064
308527
308532
308593
308631
309328
309922
310135
310563
310681
311454
311950
312590
313137
313239
313599
313951
314262
314533
314889
316103
316628
317520
317592
317821
318227
318329
318898
319132
319658
319844
319919
320116
321679
321834
322868
322887
323885
324163
324286
325186
326226
326263
326271
326319
326335
326484
326969
327420
328421
331310
331392
332285
332312
334354
334706
335165
335377
336071
336119
336939
339042
339106
339515
339609
339638
341626
343129
343585
344269
344462
345592
346922
348810
349075
349950
350890
351042
351234
351948
353057
353144
354101
354702
358135
359253
360183
360403
360912
362177
362404
363481
366288
366422
368816
368965
369584
369744
369852
370779
371637
371871
373138
373504
374263
374980
375787
376110
376219
376426
376749
377965
378340
378689
378709
379286
380530
380616
382073
382461
382902
383441
383869
384231
384665
386195
386492
386797
387457
387653
388589
388662
388696
388984
389530
389569
390749
390949
391451
392149
392187
394301
394495
394523
395158
397240
398085
398240
398547
398673
400269
401812
403439
403679
404020
404758
404924
405286
405781
406061
406626
406984
407511
407512
407731
407800
407912
407967
408460
408874
409422
413609
413730
413917
415024
415216
415371
415819
415952
416125
417760
418960
419096
419636
420560
420717
421685
422168
423299
423809
424115
424279
424659
425557
425648
425708
426519
427546
427650
427866
428455
428936
429077
429098
430284
430986
431293
431454
432220
433428
433734
434100
434598
435619
436150
436202
436435
437042
438684
438716
439589
439864
440338
440754
440876
441675
441845
442540
443197
443292
443309
443911
444092
445758
446051
446755
447301
447359
447883
448683
448975
450537
451232
451366
451400
451614
451900
452478
453083
453160
453736
453811
454029
454956
455352
457556
457627
457669
458446
458664
459242
459406
460199
460555
460671
460982
462879
462966
463682
464443
464595
466167
468023
468273
468407
469036
469113
470260
471133
471647
471660
471895
472204
472367
472537
473908
474063
474450
475591
476384
477355
477513
477781
481176
481504
481527
482224
483205
483362
483386
483849
484084
485538
485627
486242
486328
488342
488692
488882
489260
491567
492903
493022
493472
495603
495877
496615
496722
498554
498619
498818
499899
500069
500507
500838
500943
501284
502010
503422
504425
505013
505164
505373
505779
506209
507203
508448
508470
509281
509459
509576
510019
510051
511194
511986
512015
512567
512933
514379
516670
520564
520710
521785
521786
522427
522836
522940
523044
523653
525068
525178
525213
525941
526060
526382
527401
527945
528374
528999
529368
530537
530778
530961
531416
532536
532700
533669
533718
534155
535340
537269
537751
537890
538942
538988
539034
539056
539683
540663
540975
541057
541398
541669
541984
543588
543681
545491
546980
547255
547437
547836
549182
549873
550653
551173
551627
552126
552741
552781
553453
554199
554238
554322
554699
555661
555851
556013
556247
556679
558557
558724
559532
560151
560547
560658
560807
561376
561456
562617
562829
562909
563006
563672
564052
564307
564696
564709
564731
565455
566304
568434
568448
568675
569394
569853
570934
572133
572303
572845
573658
574056
575308
575543
576181
576594
577077
578252
579041
579293
580079
580134
581548
581806
582313
582793
583112
583153
583352
583772
584109
584410
584473
584790
584901
585020
585310
586161
586372
587057
587547
588815
589895
590052
590593
591024
593038
593902
593958
596167
597033
597931
598518
599245
600528
601407
601521
602166
602351
602592
603242
603493
603725
603760
603848
604796
604943
605009
605278
606483
607369
607938
608050
609675
609848
609902
610410
611165
611545
611867
612193
613474
616696
616754
617960
618230
619062
619234
619378
619835
620259
625918
626580
626717
627537
628167
628841
628947
629152
629951
630704
630784
631024
631090
631484
632041
632303
632459
632706
632770
633358
634349
634357
635620
635951
636602
637182
637355
638334
638526
639168
642011
642062
642288
642429
643389
644228
644319
644336
644446
645496
645665
646737
647327
647917
648939
649347
649724
649778
650193
650793
650972
651129
651130
651660
652102
653389
654619
654828
654953
655313
656414
656727
656982
657201
658715
658809
659375
659524
660039
660542
663087
665303
665547
665753
665925
666317
666498
666970
668337
668616
669081
670155
670318
670364
670637
670763
670958
671842
672016
672098
672484
672805
674370
674793
674993
675127
675839
676986
677417
677945
678891
679015
679887
679985
680425
681149
681401
683334
683562
684367
684506
684963
685689
686038
686321
686667
687406
688405
688964
692111
694587
695524
696708
697227
698053
698320
698579
698654
698864
698873
700267
701007
701020
701099
701227
701860
702491
702589
703210
703586
703828
705145
705880
707185
708418
709160
709436
710484
712130
712331
712696
715192
715895
716207
717752
717824
718447
718577
719297
719664
721882
723942
726941
728210
728397
729269
729435
729808
729860
729897
731310
732497
733260
734050
734295
735244
735312
736968
738735
739938
740743
741330
741547
742409
742709
743190
743891
745134
745180
746706
746815
747270
748094
748545
750386
750438
750509
750877
751330
751645
751756
751802
754194
754494
754685
754807
755110
755268
756493
756673
756962
757623
758776
760283
760873
761481
761821
762403
762458
763879
763962
764190
764690
765127
766376
766821
768203
768924
769000
769884
770089
770170
770304
771258
771442
771850
772838
772845
773019
774610
775822
775935
776655
776928
776938
777660
777685
778120
778553
778692
778965
779301
779708
779723
781260
781827
782991
783302
783531
784290
784965
785418
785476
785738
786450
786480
786698
786938
787998
788884
789405
789698
789778
790600
791424
792245
793488
793535
794933
795802
796446
797783
798376
798757
799061
799159
799644
799847
800113
801047
801158
802756
803053
805174
806762
807079
807648
807869
808458
808651
808776
808972
809720
810131
810219
811077
811259
811361
811690
812248
812896
813303
813991
814670
814872
815100
815119
815856
815981
816008
816539
816543
817725
818140
818163
818672
818775
819602
820178
821473
822070
822492
823963
824177
824590
825030
825032
826240
826986
827190
827392
829195
829740
829902
830233
830955
831048
831088
831817
832167
832771
833865
835175
835763
836255
836939
838089
838275
838364
838611
838673
840878
841231
842478
843474
845342
846525
847822
847886
851858
852379
853538
853993
857190
857626
857642
857837
857987
858133
858934
860228
861026
862104
862702
862974
863764
863908
864076
864758
865070
865240
866406
866946
867473
868180
869589
870555
870634
870759
871312
872052
872354
872740
873137
873368
873778
873964
874414
874821
875189
875303
876365
876451
877510
877844
878985
879017
879230
880756
881530
882746
884403
884795
885030
885231
885700
886137
886563
886752
888017
889277
889856
890482
890514
890770
891677
892124
892143
892264
892503
892513
892753
893073
893386
893560
893960
894969
895360
895705
895819
900968
901507
901969
902225
902438
902474
902513
903482
903700
904632
904735
904925
905822
906645
907090
907169
907741
908061
908433
909435
909596
909875
910640
911066
911591
911798
911845
913781
914109
916723
917770
917782
918115
918276
918454
919722
920227
920356
920465
921423
922213
922305
922563
922942
923436
923956
924050
924673
924782
925258
925361
926289
927890
928290
928961
929367
929430
929629
930105
930374
930686
931817
932192
932375
932775
933098
933352
933487
933789
934160
935020
935070
935601
936630
936698
937367
937989
939874
941151
941346
941445
941512
941833
942178
942328
942634
942831
943050
943133
943513
944736
944891
945305
947965
949114
950006
950367
950481
950507
950764
950849
952075
953382
954003
954043
954638
954703
956312
957131
958175
959693
960696
961082
961861
962787
963392
963484
966133
966134
967279
968346
968956
969168
969300
969609
969877
970123
970167
971014
971090
971301
971812
972131
972378
972586
973010
973271
975480
975776
975788
975853
975871
976227
976725
978021
978151
980321
981778
982938
983005
983246
984024
984081
984084
984638
985574
985777
986218
987448
988585
988892
989015
989608
989773
989895
989978
990259
990426
990689
991851
992100
992755
993074
993094
993549
994361
994482
995887
995888
997167
997394
997572
997602
997952
998257
998370
998695
999134
999142
1000246
1000556
1000847
1002841
1003079
1003111
1003836
1004549
1004789
1004890
1005178
1005470
1005785
1005995
1006173
1006302
1006369
1007974
1008107
1008994
1009478
1010121
1010429
1010720
1011614
1011621
1011722
1012596
1013018
1014502
1014826
1014949
1015611
1015681
1016369
1016635
1017865
1017891
1018189
1018422
1018676
1018886
1021007
1021146
1022019
1022096
1022952
1022962
1023748
1023774
1024232
1024738
1024766
1025458
1025468
1025509
1026070
1026126
1026816
1027352
1028323
1029069
1029129
1029190
1029940
1030206
1031154
1031684
1032488
1032556
1032839
1032966
1033806
1034127
1034234
1035774
1035898
1036915
1037276
1038121
1038503
1038836
1039466
1039895
1039953
1040782
1041323
1041376
1042357
1044380
1044581
1045775
1045815
1046610
1047344
1047410
1047837
1049301
1049550
1050079
1051300
1052109
1052282
1052686
1053986
1054091
1055031
1055115
1055567
1055594
1056176
1057105
1057212
1057306
1057625
1057704
1057969
1058459
1058585
1059308
1059680
1061334
1061878
1064652
1065926
1066044
1066313
1067254
1068064
1068893
1069395
1069590
1069765
1070158
1070970
1071074
1071188
1071460
1071522
1073165
1073244
1073756
1074843
1075562
1075662
1076143
1076165
1077036
1077422
1078362
1079101
1080235
1080687
1080876
1081660
1081849
1082311
1082617
1082817
1083181
1083858
1085156
1086047
1087169
1088014
1088597
1088645
1089139
1089154
1091087
1091978
1092222
1092585
1092801
1094211
1094234
1094652
1095776
1096148
1097636
1097705
1098016
1099234
1099312
1099667
1100969
1101389
1102088
1102610
1106484
1107374
1107686
1110089
1111353
1111661
1112654
1113390
1113593
1114213
1114548
1114757
1115338
1115694
1115961
1116240
1116345
1117377
1117689
1117999
1118433
1118519
1120143
1121588
1121941
1122239
1122609
1123010
1123705
1124169
1124187
1126624
1126725
1130610
1130787
1131212
1132048
1133600
1133791
1133918
1134348
1135184
1135629
1136322
1136748
1136901
1137260
1137877
1138642
1138680
1138770
1140022
1140068
1140789
1143238
1143397
1143453
1143641
1143708
1144746
1144804
1145165
1145364
1145416
1145470
1146046
1146478
1146853
1147896
1148472
1149267
1151292
1151458
1152156
1152990
1153087
1153381
1154437
1154687
1158095
1159399
1159669
1160375
1161510
1161771
1163348
1163488
1163527
1163819
1164810
1165130
1165396
1166131
1167863
1167882
1168468
1168692
1170090
1170698
1171418
1171514
1171790
1172133
1173106
1173480
1175376
1176099
1176426
1177239
1178243
1178565
1179288
1180240
1180299
1181333
1182846
1183128
1183361
1183507
1183603
1184381
1185750
1186918
1187567
1187669
1188882
1188923
1188945
1189286
1190795
1190853
1190935
1190961
1191036
1193204
1195867
1195891
1197083
1197376
1197665
1198018
1198113
1199204
1199273
1200512
1201244
1202022
1202078
1204585
1204875
1205263
1205285
1205300
1206499
1207199
1208163
1208219
1208877
1210077
1211350
1212332
1213446
1213476
1213982
1214210
1214359
1214381
1214419
1215228
1215503
1215524
1215740
1216090
1216204
1216935
1217397
1217615
1218121
1218872
1219742
1219899
1220129
1220628
1220834
1221484
1221583
1222060
1222927
1223422
1224940
1225250
1225562
1226356
1226615
1227091
1227213
1227233
1227937
1227938
1228450
1229287
1229967
1230257
1231223
1231655
1231949
1232553
1232807
1232972
1234709
1237283
1237617
1238202
1239313
1239329
1239338
1239552
1239589
1239609
1240471
1241392
1242108
1242279
1242468
1242575
1243089
1243570
1244165
1244679
1245048
1245052
1245246
1246549
1246848
1247805
1248475
1248808
1248939
1251203
1251477
1251786
1253152
1253314
1254680
1255723
1256197
1256514
1257195
1258824
1258873
1259462
1259866
1260569
1262197
1262240
1262689
1263939
1264649
1265396
1268293
1268380
1269597
1269792
1269809
1272002
1272326
1272954
1273074
1273169
1274044
1274153
1274639
1274905
1274905
1275473
1275707
1276582
1276704
1276763
1276791
1277117
1277774
1278302
1279215
1279669
1279678
1280085
1280174
1280304
1280567
1280994
1281674
1282458
1282507
1283405
1284227
1284961
1285094
1285747
1285904
1286927
1286961
1287087
1287278
1287846
1289569
1291486
1292775
1293134
1294522
1294534
1295165
1295287
1295514
1295683
1295778
1295956
1296037
1296793
1296938
1297402
1297598
1298327
1298644
1298750
1299253
1299745
1299770
1299830
1300292
1301798
1302066
1302283
1302524
1303001
1303029
1304281
1304752
1305761
1306179
1306503
1306986
1309275
1310664
1311080
1311204
1311745
1312240
1312778
1313004
1313035
1313500
1313632
1314676
1314730
1314746
1315390
1315529
1315735
1315748
1315858
1316034
1316367
1316924
1319184
1319247
1320385
1320590
1321415
1321425
1322969
1323214
1323464
1323888
1324351
1324469
1324595
1327886
1328234
1328911
1329931
1330035
1330384
1331323
1331573
1331599
1332542
1333412
1333495
1333499
1333629
1334066
1334119
1335570
1335913
1336632
1337081
1337813
1337880
1338655
1338998
1339569
1340506
1340878
1341004
1341161
1341572
1342100
1342677
1342767
1343369
1344551
1344564
1344717
1344828
1345282
1345506
1346030
1346967
1348038
1348334
1349083
1349241
1350206
1351502
1351579
1352085
1352123
1352931
1353245
1354508
1354714
1355626
1355924
1356828
1357233
1357316
1358029
1359657
1359683
1359853
1361890
1361936
1362809
1363478
1363843
1363898
1364054
1364192
1364745
1366583
1366672
1367907
1368070
1369262
1371554
1371621
1372768
1373781
1374804
1376599
1376943
1377734
1379505
1380181
1381078
1381509
1382440
1383373
1383816
1384719
1384967
1385137
1385451
1386730
1387622
1387773
1387914
1388042
1388051
1388453
1388598
1390253
1391042
1391323
1391431
1392606
1392845
1393837
1393924
1394975
1395909
1396564
1396971
1397372
1397836
1398130
1398327
1398572
1399405
1399562
1400095
1400137
1400530
1400658
1404698
1404903
1405914
1406126
1406252
1407226
1407375
1407754
1408133
1409970
1410133
1410582
1410658
1411698
1411857
1412151
1412238
1413184
1413341
1413477
1414047
1414176
1414237
1414460
1415219
1415622
1416010
1417797
1418354
1418453
1419727
1419755
1420350
1420414
1420473
1420728
1421066
1421618
1423548
1424082
1424464
1424763
1424987
1425100
1425344
1425609
1426338
1426405
1427213
1427841
1427986
1428107
1428146
1428906
1429842
1429961
1430263
1430384
1430442
1430760
1431892
1431990
1432505
1432548
1432873
1433888
1434286
1434318
1436186
1436391
1436541
1436901
1437088
1438121
1438300
1439556
1439725
1440444
1440506
1441715
1441931
1442492
1443448
1444286
1444656
1444851
1444867
1445399
1445775
1446305
1447596
1447663
1447692
1447761
1448004
1448139
1449014
1449755
1450491
1450770
1450918
1451227
1452865
1453441
1453451
1454294
1454828
1456199
1456612
1456937
1458029
1458185
1458366
1459674
1459948
1460018
1460728
1461270
1461276
1463394
1463889
1464942
1465903
1466315
1467727
1468029
1468167
1469629
1470725
1471086
1471676
1471810
1472607
1472793
1475029
1475241
1475685
1475732
1475823
1476142
1477210
1477470
1477541
1478588
1478848
1479564
1479854
1480531
1480532
1481431
1481513
1481551
1482006
1483065
1484033
1485134
1485364
1487240
1487365
1487634
1488786
1489052
1489797
1489876
1489933
1491146
1491550
1493791
1493991
1494360
1494537
1495254
1495492
1496397
1496509
1496713
1496935
1497640
1497757
1498013
1498799
1499258
1499420
1501827
1502443
1502509
1502578
1503832
1504153
1504161
1505557
1505876
1506799
1506853
1507341
1507397
1508256
1508272
1511368
1511418
1513558
1514007
1515019
1516577
1516614
1516645
1516778
1516920
1518014
1518423
1519346
1519434
1519709
1520849
1522017
1522118
1522347
1522586
1522937
1523001
1524454
1524581
1524627
1526106
1526792
1527138
1527156
1527711
1527919
1531041
1531298
1533273
1534705
1534829
1535475
1535649
1535816
1535830
1537210
1537303
1537455
1537627
1538479
1540416
1540660
1540859
1540965
1541629
1541919
1542257
1542625
1543336
1544244
1544960
1545359
1546829
1546833
1546996
1548001
1548475
1548670
1550157
1550553
1550736
1550932
1551123
1551304
1551360
1551743
1552233
1552605
1552728
1552975
1553631
1553872
1554398
1554807
1556262
1556958
1557200
1558454
1558546
1559222
1559902
1561201
1563101
1563219
1563291
1563368
1563489
1563530
1563956
1564748
1567414
1568817
1569408
1570159
1571050
1571918
1572227
1572380
1572804
1572820
1573520
1573994
1574960
1574996
1575035
1575231
1575939
1575963
1577133
1577713
1577754
1577808
1577913
1578306
1578386
1578548
1578660
1580005
1580183
1580321
1580448
1580731
1581458
1581659
1583441
1583902
1584074
1584537
1584632
1584755
1584817
1585104
1586565
1587439
1588123
1588310
1589143
1589639
1589870
1590161
1590266
1590545
1591472
1591544
1592172
1592362
1593732
1593874
1594738
1594772
1595519
1596024
1596316
1598584
1598904
1599500
1600366
1601455
1601665
1602202
1602683
1603944
1604387
1604459
1605447
1605593
1605640
1606437
1607534
1607681
1607942
1608930
1609489
1609494
1609985
1610197
1610658
1610939
1611492
1611681
1612059
1612528
1613857
1614248
1614658
1615757
1616782
1617416
1623008
1624061
1626680
1626854
1628629
1628974
1629109
1630082
1630924
1632287
1632428
1632484
1632736
1633041
1634586
1636044
1636119
1637493
1638889
1639439
1639462
1639824
1641294
1641674
1642488
1643319
1643944
1643991
1644056
1644183
1648115
1648762
1649314
1649900
1650244
1650453
1652675
1652724
1653384
1653851
1654298
1654820
1655052
1655127
1655416
1657655
1657693
1658179
1659348
1659391
1659754
1661672
1661782
1662852
1663306
1665150
1665533
1666255
1666367
1666495
1669164
1669213
1669830
1670323
1670432
1670749
1671656
1672313
1672676
1673184
1675520
1675532
1676062
1676232
1676842
1678491
1680103
1680887
1681235
1682309
1682352
1682642
1682900
1683033
1683998
1684052
1684297
1684780
1685110
1685788
1686726
1688077
1688382
1688433
1688602
1689871
1690332
1690638
1691653
1692451
1693050
1693278
1693659
1693834
1694469
1694673
1695024
1695065
1695381
1696987
1697302
1697473
1697706
1698072
1699602
1699661
1699896
1699999
1700324
1701006
1701883
1701971
1702344
1702666
1703258
1705761
1706552
1707519
1708254
1709239
1709322
1710389
1710658
1712145
1713267
1713523
1715146
1716948
1718811
1719678
1719930
1720879
1721019
1723652
1723810
1724063
1724324
1724771
1725720
1726057
1726279
1728193
1728629
1728731
1729908
1730014
1731008
1732938
1732943
1733764
1734311
1734981
1735036
1735152
1735382
1735535
1736361
1736516
1737377
1737991
1738432
1738917
1739111
1739178
1739453
1739460
1739805
1741470
1741763
1742260
1742839
1742967
1743034
1743558
1746661
1746958
1748121
1748715
1749236
1749923
1751550
1752736
1752885
1754314
1755055
1755279
1756491
1756624
1756717
1757365
1757464
1757936
1758470
1758738
1759037
1759666
1759892
1760068
1761791
1762300
1762459
1762736
1763093
1763630
1763808
1764137
1764351
1765163
1766280
1766324
1766408
1766677
1766839
1767714
1767820
1767906
1768205
1768455
1769120
1769479
1769701
1769744
1769758
1769802
1771303
1771676
1771838
1772947
1773020
1774483
1775563
1775583
1776307
1776350
1778095
1778096
1779041
1780564
1780716
1781204
1781494
1783244
1783391
1783651
1784023
1784186
1784588
1784965
1785254
1786221
1786881
1787128
1788965
1789260
1789736
1790378
1790456
1790817
1790860
1791143
1791299
1791538
1791566
1791626
1792132
1792704
1794306
1794414
1794743
1795054
1795437
1795586
1797225
1797531
1797535
1797554
1798241
1798773
1800588
1803131
1803470
1803674
1803865
1803941
1804334
1805428
1806348
1809709
1809713
1810758
1810804
1810874
1810982
1811897
1812139
1812236
1812298
1812465
1812562
1812937
1813024
1813253
1814040
1814294
1815029
1815928
1816580
1817447
1818417
1818691
1818845
1819994
1820465
1820679
1822050
1822129
1822440
1822569
1823056
1823346
1823946
1824275
1824659
1825423
1826588
1826604
1826982
1827717
1828240
1828415
1828928
1828986
1829194
1830753
1831238
1831297
1832060
1832312
1833765
1834109
1834950
1836266
1836904
1838043
1838423
1840045
1840332
1840830
1840871
1841066
1841220
1841725
1841889
1842121
1842148
1842364
1842540
1842774
1842872
1845378
1846237
1846946
1847324
1847898
1848638
1848780
1849123
1849351
1849986
1850109
1852877
1853216
1853923
1854046
1854054
1855015
1855268
1855307
1855742
1855816
1856075
1856367
1856471
1858667
1859751
1860048
1861463
1861734
1865720
1867225
1867593
1868109
1868812
1869356
1869642
1869862
1870581
1871499
1871535
1872244
1872411
1873300
1873497
1873600
1876097
1876299
1876416
1876766
1876967
1878547
1878804
1879064
1879167
1879598
1880737
1880857
1881058
1881087
1881110
1881150
1883436
1883503
1883671
1883705
1883942
1885222
1886986
1887979
1888228
1888390
1888631
1889130
1889181
1889301
1890143
1890666
1891186
1891468
1891969
1892997
1894421
1894500
1895132
1895277
1896312
1896689
1897522
1899851
1900768
1901272
1901276
1902523
1905270
1907285
1908042
1908125
1910750
1911722
1911946
1912214
1913107
1913373
1913946
1915231
1915266
1916302
1917129
1917997
1918040
1919402
1920717
1921212
1921213
1921501
1922156
1923149
1923325
1923678
1924058
1925237
1925586
1925836
1926574
1926856
1928218
1928331
1928468
1928963
1931003
1931103
1931877
1932310
1932907
1935188
1935796
1936509
1937146
1937555
1938142
1938361
1938365
1938554
1938607
1938711
1938925
1938958
1939418
1939646
1940002
1941199
1941300
1941629
1942066
1942385
1942552
1943471
1945161
1946023
1946058
1946171
1946254
1946427
1946870
1947205
1947471
1947542
1948380
1948947
1949540
1950083
1950158
1951018
1951866
1952351
1953070
1953382
1953741
1954884
1955102
1955397
1956158
1956636
1957642
1958985
1959068
1959719
1959880
1959934
1960110
1960418
1962616
1963349
1964830
1968219
1968796
1970159
1970388
1970470
1971504
1971875
1972868
1973133
1973475
1973770
1973945
1974982
1975438
1975501
1975517
1975669
1975963
1976901
1977395
1977463
1978051
1978777
1978827
1979027
1979551
1980152
1980344
1982374
1983101
1983612
1985500
1986145
1986273
1987753
1988357
1988824
1990759
1990816
1991455
1992945
1993820
1995031
1995210
1995463
1995493
1996174
1997676
1998734
1999005
1999583
2000002
2000321
2002384
2002392
2002527
2003166
2003545
2004895
2005288
2005300
2005482
2006954
2006981
2007541
2007689
2007934
2008513
2008787
2010736
2011051
2011970
2012395
2012464
2013118
2013138
2013289
2013623
2014456
2014514
2014948
2015833
2015949
2016641
2017764
2018107
2019238
2019780
2020300
2020317
2020679
2021095
2022321
2022854
2023381
2023522
2023908
2024022
2024249
2024421
2024546
2024633
2025340
2026900
2027662
2029171
2030149
2030470
2031184
2032127
2032182
2033007
2033781
2034978
2035165
2035589
2035869
2036692
2036844
2036846
2037074
2037227
2037352
2041131
2041336
2042303
2042769
2042776
2042876
2042955
2043131
2043183
2043273
2044393
2045124
2045357
2045574
2045678
2045919
2047348
2047588
2048514
2050480
2051699
2052072
2052383
2052525
2053772
2054519
2056505
2057296
2058690
2058701
2059206
2059860
2059944
2060037
2060058
2060187
2062020
2062936
2063872
2064141
2065635
2067538
2069376
2069510
2069528
2070098
2070317
2070537
2071150
2072347
2073040
2073623
2073684
2075198
2075824
2076589
2076866
2078056
2078352
2078468
2078879
2079807
2080957
2081331
2081348
2082406
2082687
2083197
2083862
2084188
2084885
2085174
2086909
2086916
2088098
2088148
2088225
2088743
2089123
2089287
2089463
2089853
2092136
2092860
2093118
2093448
2093474
2094144
2095698
2096619
2096631
2097357
2098074
2098093
2099481
2099837
2099970
2100125
2100651
2100778
2101370
2101766
2102846
2102938
2103133
2103470
2103519
2103869
2104280
2105294
2106033
2106435
2106549
2106782
2107236
2109407
2109581
2109604
2110172
2110325
2111263
2111854
2116595
2117460
2117548
2117784
2117808
2118677
2118814
2119639
2121589
2123165
2123177
2123669
2123905
2124004
2124906
2124970
2126410
2126782
2126825
2127321
2127986
2128054
2129844
2131725
2133332
2133338
2133973
2134462
2134711
2135830
2135944
2136173
2136605
2136902
2138155
2138929
2142405
2142748
2143684
2144155
2144452
2144852
2146460
2146794
2147715
2147884
2147933
2147938
2148145
2148341
2148433
2148886
2149256
2149798
2151320
2151501
2151971
2152674
2154195
2154470
2156632
2156706
2157641
2158740
2159170
2160339
2161886
2162290
2163925
2164813
2164843
2165601
2166488
2166853
2167555
2167678
2168659
2168963
2168997
2170298
2170760
2171814
2171937
2171967
2172705
2173028
2173046
2174641
2174741
2174867
2175798
2176109
2176154
2176188
2176209
2176269
2178511
2178528
2179206
2180565
2180595
2181208
2181738
2182405
2183002
2183286
2183882
2184188
2187034
2187563
2188192
2189485
2189738
2190581
2191395
2192423
2192430
2192718
2192940
2193073
2193219
2193698
2193719
2193967
2194996
2195082
2196059
2196240
2197312
2197729
2198545
2199479
2200716
2201028
2201376
2201678
2201697
2203561
2203921
2204005
2204244
2204684
2205125
2205364
2205448
2205622
2205680
2205803
2205894
2207229
2207351
2208385
2208885
2209351
2210626
2210895
2210904
2211258
2211348
2212134
2213103
2213697
2213807
2214753
2215469
2215942
2215994
2216024
2216050
2216760
2217345
2217509
2218088
2219219
2220507
2220797
2221052
2221111
2221570
2221913
2222569
2222676
2224971
2225493
2226288
2226525
2226641
2227130
2227778
2228762
2229202
2229632
2229999
2230470
2231057
2231492
2232539
2232693
2233386
2233455
2233548
2233634
2235388
2235661
2236534
2236648
2238224
2238410
2238442
2239396
2239536
2240055
2240488
2241209
2241413
2241697
2242634
2244893
2244939
2245171
2245298
2245622
2246291
2248866
2248906
2249092
2249510
2249716
2250027
2250075
2252113
2252240
2253275
2255917
2256526
2256871
2257149
2257218
2257844
2257924
2258614
2259816
2259929
2260632
2260698
2262171
2262893
2263352
2263450
2263631
2264670
2265709
2266053
2266241
2266339
2266755
2267012
2267110
2268012
2269101
2269450
2270053
2270921
2271221
2271753
2272209
2272827
2273189
2273215
2273571
2273750
2273968
2274394
2274902
2276520
2277423
2278210
2278818
2279676
2280083
2280174
2281105
2281262
2281526
2282043
2284710
2286076
2286137
2286540
2287115
2290524
2290681
2290843
2291039
2293835
2295471
2295644
2296223
2298511
2299795
2300387
2301349
2301839
2301867
2302885
2304368
2304837
2305762
2305910
2306096
2306258
2307646
2307952
2309208
2310338
2310721
2313213
2314724
2315821
2316237
2317095
2317295
2319374
2319509
2319588
2319683
2320622
2321350
2321778
2323132
2324065
2324778
2324789
2325107
2325179
2325416
2325852
2328182
2328501
2328590
2329070
2329088
2329980
2331699
2332300
2332422
2333003
2335139
2336476
2336621
2337187
2337900
2338194
2338623
2340336
2340338
2342553
2342619
2342646
2343494
2344159
2344660
2345948
2346484
2347621
2347644
2347861
2348010
2348122
2348306
2349142
2349894
2351687
2354487
2354515
2356717
2357273
2357324
2357699
2357776
2359185
2359372
2360396
2361718
2364676
2365877
2366032
2366621
2368450
2368916
2369833
2369890
2370256
2370397
2370543
2371273
2371783
2371798
2371959
2372916
2373146
2373194
2375401
2375460
2375667
2376206
2376994
2377003
2377382
2377490
2378560
2378980
2379181
2379460
2379875
2380326
2380578
2380707
2380747
2381068
2381190
2381219
2381276
2381854
2382422
2383432
2383465
2383530
2384169
2384193
2385030
2385652
2385875
2385893
2386060
2386750
2387081
2387205
2387614
2387669
2387919
2388610
2388960
2389099
2389893
2390257
2390860
2391166
2392283
2392288
2392368
2392611
2393476
2394119
2394338
2394758
2394933
2395182
2396357
2396573
2399289
2400960
2402462
2404185
2404345
2404984
2406368
2407993
2408072
2408985
2409709
2412740
2412939
2412940
2413283
2413462
2413929
2414366
2414973
2415847
2417067
2417202
2417208
2418258
2418278
2418660
2419120
2419320
2420052
2420529
2421238
2421742
2422068
2422111
2422513
2422745
2422781
2423582
2424005
2425487
2426480
2426580
2427111
2427842
2428112
2428771
2429171
2429225
2429785
2430565
2432208
2432569
2432645
2432810
2432906
2433838
2434308
2435254
2435592
2435705
2436164
2436476
2437144
2437530
2438020
2438148
2438368
2438398
2438711
2440352
2441015
2442039
2442163
2442769
2443357
2443453
2443566
2443868
2444075
2444362
2446798
2447032
2447614
2447635
2450108
2450135
2450673
2453834
2454149
2454553
2455058
2456318
2458658
2459065
2459083
2459714
2463318
2463721
2463983
2464497
2465276
2465899
2467734
2467991
2468706
2468797
2468850
2469024
2469296
2469826
2470009
2470077
2470515
2471649
2472174
2472291
2472762
2473430
2473495
2473715
2473867
2474168
2474340
2476146
2478075
2479176
2479182
2479234
2479434
2480808
2480950
2481441
2481684
2482426
2482468
2482733
2482816
2482967
2483078
2483452
2484265
2484275
2484629
2485086
2486270
2486545
2487788
2488030
2490991
2491898
2491986
2492186
2492683
2493065
2493624
2493901
2494111
2494711
2494715
2495184
2495874
2496431
2497213
2497326
2497477
2498187
2499541
2499764
2501216
2501388
2502706
2503027
2503235
2503924
2505877
2506142
2506433
2506853
2507331
2507929
2507991
2508023
2509661
2510898
2511356
2511984
2513308
2514402
2515202
2515355
2516225
2516616
2516838
2516845
2517102
2517225
2518291
2519387
2520031
2520284
2520335
2520574
2521256
2523955
2526337
2527171
2527402
2527487
2527748
2528286
2528729
2529056
2529451
2530232
2531083
2531894
2533787
2534165
2534713
2535030
2536259
2538704
2538801
2540075
2540290
2540801
2541179
2541200
2541881
2541938
2542509
2543754
2544333
2545519
2545692
2545832
2546890
2547055
2547659
2549046
2550589
2551355
2551480
2553697
2553731
2555179
2555525
2555595
2556059
2556297
2556767
2558734
2560991
2561750
2561868
2561977
2562279
2563600
2564251
2564863
2565731
2566561
2567180
2567468
2567631
2568962
2568975
2569079
2569447
2569541
2571193
2573066
2573089
2574355
2575522
2575860
2576263
2576654
2577735
2578182
2579439
2580008
2582245
2583796
2584121
2584160
2584628
2585340
2585761
2586066
2587547
2587784
2589110
2589544
2589609
2589795
2592761
2594425
2595724
2595770
2596507
2597055
2597574
2598983
2599550
2600126
2600454
2600530
2600699
2600927
2601827
2601997
2602266
2602453
2602947
2603169
2603432
2603649
2603712
2604103
2605173
2606197
2606603
2607103
2607331
2607443
2608134
2608983
2609608
2610084
2610982
2611270
2611326
2611803
2612525
2613159
2613868
2614470
2614554
2614661
2615222
2616276
2616507
2617480
2617746
2617917
2618115
2621277
2621657
2621759
2622669
2623087
2623471
2624494
2624544
2624602
2624767
2625476
2626642
2627421
2628020
2628071
2628385
2628892
2629275
2629411
2629744
2630819
2632282
2633323
2633845
2634481
2634512
2634770
2634512
2634647
2634833
2635104
2635786
2635868
2636117
2637518
2638021
2638166
2638402
2638976
2639149
2640432
2640480
2640669
2641682
2641856
2643018
2643625
2643646
2644529
2645530
2646338
2646517
2646551
2647003
2648937
2651719
2652863
2653285
2654213
2654600
2654907
2655081
2657037
2657169
2657248
2657645
2657759
2657799
2657833
2658022
2658035
2659370
2660142
2660316
2660471
2660837
2661212
2662181
2662744
2663146
2663900
2664130
2664570
2664675
2666266
2666299
2666419
2667618
2668233
2669129
2669368
2670552
2670795
2672403
2672609
2672661
2672684
2673084
2673212
2673354
2674754
2675347
2676868
2676931
2676969
2676984
2677013
2677106
2677313
2677341
2677874
2678952
2679126
2679379
2679730
2680311
2680464
2680554
2680832
2681840
2682313
2683001
2683893
2683994
2684446
2684531
2685235
2685532
2685547
2685940
2686815
2686919
2687381
2688246
2688331
2688745
2688863
2689536
2690079
2690619
2690646
2690867
2690871
2690887
2691253
2692258
2692933
2694633
2696263
2696670
2697472
2697562
2698245
2698422
2698625
2698778
2698942
2699304
2699798
2700327
2702001
2702084
2702771
2703087
2703845
2703846
2703957
2705211
2705242
2706399
2706507
2706747
2709423
2709577
2710144
2710302
2710312
2710356
2710583
2711810
2712637
2712984
2713031
2713625
2716313
2716495
2716808
2717257
2717996
2718014
2719293
2720404
2720898
2720914
2721531
2721686
2721887
2722183
2724364
2724695
2725464
2727024
2727163
2727394
2727624
2728050
2728323
2729429
2734741
2735279
2737303
2738525
2738527
2739071
2739398
2739539
2740181
2740371
2740923
2741467
2741586
2741643
2742561
2743384
2743492
2744887
2745756
2745822
2746103
2746634
2747606
2747668
2747893
2748054
2748059
2748936
2749723
2750766
2752770
2754010
2754164
2754522
2755355
2755803
2755993
2757229
2758161
2758306
2758527
2758886
2759876
2760777
2761005
2762217
2762334
2763574
2764385
2765046
2765065
2765618
2766126
2766270
2767122
2768001
2768606
2768718
2769805
2770155
2770301
2771528
2771893
2773997
2775582
2775903
2776027
2776052
2776714
2777087
2777588
2777844
2778599
2779628
2780181
2781126
2781814
2781968
2782264
2782524
2782798
2784017
2784786
2785756
2786645
2787242
2788441
2788510
2788999
2789559
2791125
2791382
2791597
2793183
2793437
2793611
2793957
2794018
2794316
2794420
2794921
2795023
2797536
2797672
2797804
2797964
2798350
2798495
2798694
2799253
2801108
2801643
2801890
2805645
2806735
2807148
2809488
2809620
2809902
2811086
2812486
2812700
2813371
2813634
2813946
2815614
2815793
2817483
2817711
2817822
2817846
2818163
2819333
2819864
2820046
2820138
2820348
2820763
2820862
2821071
2821807
2822300
2822500
2822711
2822894
2823683
2823774
2824248
2824733
2824742
2824799
2826056
2826531
2827104
2827854
2828102
2828337
2828748
2829751
2830531
2831692
2831926
2832109
2832520
2832838
2833017
2833503
2834018
2834367
2834479
2835367
2835427
2837260
2837392
2837758
2838662
2839104
2839244
2839481
2839500
2841175
2841638
2842346
2843180
2843318
2845612
2845731
2847033
2847141
2847188
2848373
2848435
2848685
2848781
2849120
2850258
2850625
2851254
2852010
2854616
2854923
2855294
2855321
2855374
2855473
2855786
2856033
2856235
2860323
2860494
2861447
2861859
2863395
2863703
2864063
2864068
2866739
2866999
2867805
2869910
2870838
2870873
2872359
2872644
2873775
2874181
2875358
2875400
2875428
2876615
2876931
2877082
2877150
2878273
2879089
2881861
2882104
2882352
2882874
2883659
2884436
2884562
2885643
2886752
2887061
2887534
2887755
2889412
2890883
2891354
2891727
2891828
2891892
2892049
2892227
2892519
2895148
2895644
2895818
2895944
2896644
2897660
2897910
2897960
2898823
2899184
2899335
2900370
2900451
2901886
2903246
2903267
2903784
2904483
2905008
2905644
2906754
2907367
2909527
2909938
2910277
2910428
2910555
2910710
2910945
2912630
2912735
2913451
2913621
2914279
2914744
2915005
2915647
2916437
2917462
2917868
2920661
2921660
2921743
2921843
2923392
2925014
2925584
2925914
2925919
2926767
2926793
2927309
2927904
2929098
2929243
2929311
2929430
2930252
2931806
2932086
2932924
2933801
2933902
2934249
2934473
2934626
2934790
2934814
2934942
2936178
2936272
2937482
2939556
2942019
2942423
2944514
2945161
2946502
2946764
2947928
2949373
2949409
2950425
2950695
2951191
2951251
2951962
2952255
2952378
2952582
2952657
2952728
2952820
2952846
2953174
2953490
2953841
2954042
2954594
2954904
2955866
2955911
2957088
2958276
2958691
2960127
2962107
2963093
2965627
2966256
2967198
2967350
2967891
2969071
2969106
2969564
2969936
2970592
2970748
2972128
2972240
2972616
2973871
2974226
2976706
2977386
2977449
2978242
2978550
2979465
2979972
2980139
2981380
2981972
2984057
2984654
2984659
2985003
2985586
2985717
2986420
2987890
2989569
2989706
2989999
2990295
2990547
2990571
2991104
2991516
2991629
2992669
2993179
2995011
2995043
2996230
2996909
2997805
2997916
2998361
2998941
