Количество элементов - 500, алгоритм сортировки - QuickSort, случай - Ordinary, время работы - 0
22578
23141
35250
38392
41359
46542
49179
53300
54851
55874
57591
71509
82181
83368
92536
97126
98488
103368
103896
116005
119559
130203
144647
148471
150633
152680
153297
157610
159647
159770
161271
162752
165561
168636
171222
183638
196725
197245
206695
221696
224962
226057
243007
243168
245715
255220
266209
276534
281069
287290
301581
306204
307262
312591
314587
318396
322367
329910
351078
351558
353870
356646
359356
371956
382158
383184
385480
385797
392714
396939
398230
411304
412251
420118
428608
430892
431845
451850
455496
463612
476917
482490
490678
491494
499767
500149
506965
509909
510380
512744
517896
519320
519542
520228
530107
531127
548117
557251
560717
562195
567153
584175
585054
589211
590904
609914
613016
632332
632345
634909
637496
640113
641815
667867
673201
673925
677609
678855
679076
680450
680591
683967
685143
688574
691153
695769
708122
709679
718833
720916
730184
741052
743259
743916
744009
748148
749182
756786
757388
768577
768672
778691
790793
797506
798500
799447
803343
807113
807700
809091
816617
824408
833569
847823
865799
866676
888197
892335
892732
892849
894165
894940
896209
901927
903780
916945
930625
936827
942529
951656
955958
969448
978308
981114
984872
990652
991702
995008
998988
1000395
1006753
1010125
1012938
1014357
1031414
1031582
1034435
1039969
1048427
1049344
1063705
1066283
1068992
1084250
1100891
1102551
1110524
1114878
1116182
1118733
1120354
1121086
1122129
1131340
1132014
1132184
1132293
1138921
1139158
1154422
1160367
1170457
1175691
1182216
1182538
1184802
1195536
1195751
1196716
1197641
1198529
1199481
1202637
1204494
1205593
1207532
1209843
1211683
1213366
1217897
1226400
1229646
1230542
1233636
1238916
1241168
1246856
1250615
1257640
1265961
1268376
1283249
1289795
1305514
1306972
1307216
1312633
1312783
1312958
1325617
1326297
1326394
1330535
1334751
1341169
1385133
1389232
1389398
1391413
1393182
1394822
1398760
1407408
1410154
1414181
1433595
1439431
1440903
1443973
1445272
1451273
1463814
1465818
1469569
1469649
1480856
1483186
1488146
1490095
1491049
1494496
1500667
1504789
1506567
1509406
1509604
1515735
1516885
1519937
1531967
1535662
1547797
1547904
1554712
1561963
1568123
1569186
1581602
1582666
1600356
1605043
1636413
1639193
1670182
1670662
1678556
1686034
1689133
1696664
1701824
1707636
1711569
1713108
1724741
1739095
1740209
1742870
1746416
1760525
1768670
1783398
1785050
1802614
1810630
1821562
1827718
1842003
1871154
1875375
1876501
1879087
1884456
1885838
1886147
1886604
1888492
1894426
1898409
1899051
1901052
1903886
1908416
1908712
1910955
1917509
1917645
1923000
1926669
1930893
1931460
1946627
1947761
1950232
1952351
1990657
2001099
2007947
2010842
2016585
2021741
2024301
2024482
2030521
2038729
2048329
2076104
2076408
2083684
2086632
2090654
2095099
2098041
2113407
2114076
2119094
2123123
2134208
2144278
2154309
2160272
2174245
2178847
2186350
2190377
2197645
2198382
2214592
2220432
2242779
2252911
2255683
2263353
2273412
2273689
2273950
2282734
2289843
2295405
2297908
2312929
2314485
2314552
2315309
2317984
2319386
2321407
2324585
2329896
2330897
2336279
2351757
2362146
2368933
2388232
2394440
2400638
2401683
2408108
2417497
2429034
2434869
2439857
2441841
2447307
2448913
2460365
2460976
2465793
2480108
2491361
2497449
2499747
2505502
2508632
2508823
2510009
2517318
2531070
2533275
2536905
2553951
2559813
2561931
2563013
2568963
2569811
2586816
2587550
2603160
2604779
2625879
2635699
2643174
2648919
2656068
2659144
2672002
2683520
2689122
2694694
2717578
2724013
2726264
2727336
2734572
2764580
2769117
2777941
2792259
2797566
2797577
2802333
2803413
2807401
2821450
2825058
2831264
2832424
2836046
2837304
2852564
2872830
2892099
2894778
2902787
2909031
2909435
2917051
2924209
2924227
2941570
2942225
2952996
2963594
2968837
2972327
2973692
2982037
2992453
2994165
