Количество элементов - 10000, алгоритм сортировки - RadixSort, случай - Ordinary, время работы - 0
616
623
1126
1562
1871
2052
2381
2720
3027
3569
3902
3917
4193
4420
4470
5428
5584
6123
6304
6429
6806
6927
7110
7381
7474
9605
10211
10252
10341
11333
11445
11877
12018
12539
12753
12775
13681
13866
13941
13984
14035
14088
14283
14528
14986
15132
15604
15802
16043
16331
16746
17013
17131
17372
17497
17831
18171
18398
18691
18995
19071
19765
19981
20032
20303
20537
20627
20946
21198
21725
21788
21791
22712
22794
22808
23265
23391
23763
24023
24071
24182
24497
24692
24800
25311
26470
26774
26819
26838
26868
26910
26994
27306
27558
27921
28002
28006
28280
28543
28868
29060
29206
29592
29821
29880
31121
31355
31700
32143
32895
32942
33411
33636
33988
34035
34582
34681
34778
34793
34823
35009
35155
35233
35308
35561
35745
35916
35976
36465
36599
36601
37091
37239
37431
37592
38346
38465
38483
38495
39295
39779
40371
40683
41129
41988
42098
42204
42343
42705
42970
42980
43012
43359
43531
43543
43683
43712
43800
44315
44341
44600
44621
44710
44868
45859
45924
45965
46017
46686
47102
47489
47577
48157
48648
48847
48964
49054
49541
49748
50074
50157
50161
50313
50330
50372
50932
51214
51298
51450
51640
52018
52610
52675
53025
53310
53342
53413
53472
53554
53568
53743
54013
54550
55242
55419
55557
55579
55782
55799
56011
56245
56280
56853
56923
57260
57335
57658
58187
58624
58703
58746
59048
59239
59461
60598
60903
62008
62039
62146
63228
63428
63645
63830
63939
64438
64807
65079
65770
65846
65950
65973
65979
66088
66133
66672
67314
67709
68160
69210
69796
70037
71075
72382
72516
72580
73015
73065
73260
74420
74761
74768
75165
75171
75269
75538
75551
75582
75896
76036
76437
76448
76821
77209
77971
78099
78202
78370
78684
79342
79446
80071
80130
80553
80767
80784
80863
80953
80973
81615
81780
82174
82457
82928
82936
83109
83257
83743
83935
84164
84766
84824
85081
85103
85544
85556
85650
85789
86024
86318
86743
86953
87161
87850
88898
88931
89529
89547
89841
89903
90072
90343
90549
90669
91113
91517
91560
91661
91889
92248
92263
92322
92369
92442
92514
93165
93679
94013
94091
94266
94703
95301
95362
95841
95860
95945
97057
97222
97562
97648
97691
97766
97956
98332
98447
98466
98470
98606
99035
99747
99806
100870
101091
101243
101299
101448
102162
103465
103772
104165
104310
104746
105513
105770
105814
105960
106187
106383
106469
106689
106867
106915
107130
107350
108187
108401
108486
108487
108796
108985
109475
109897
109908
110409
110852
111448
111739
112223
112728
113041
113100
113484
113751
114040
114275
114301
114366
115391
115507
115582
115998
116379
116818
117053
117109
117440
117959
118178
118259
118353
118942
119254
119524
119681
119956
120276
120358
120733
121105
121404
122220
122297
122566
123376
124233
124667
124790
125563
125899
126048
126474
126495
126677
126863
127256
127543
128291
128418
129213
129630
129801
129895
129904
130066
130684
131104
131158
131262
131523
132390
132659
132750
133006
133103
133374
133757
134001
134327
134755
134826
134965
134979
135308
135559
135627
135889
135990
136566
137006
137261
137391
137515
137893
138069
138106
138520
138799
138920
139058
140652
140952
141006
141553
141567
142119
142144
142424
142475
143413
143469
144974
145001
145024
146091
146238
146338
146378
146874
147153
147673
148095
148100
148535
149372
149584
149656
149813
150501
150544
151645
151683
151793
152116
152247
153540
153747
154551
154754
154892
155076
155300
155328
155402
155966
156075
156975
157422
158301
158622
158980
158988
159376
159742
159819
160885
161476
161775
162430
163602
163955
164174
164185
164477
164545
164661
165057
165191
165321
165432
165828
167097
168711
168901
169280
169528
169833
169901
169955
170298
170520
170776
170845
171295
171645
171853
171933
172299
173133
173618
173676
174218
174633
174642
174886
175913
175982
176522
176555
176774
177019
177298
177645
177779
178059
178383
178623
179172
179656
180282
181090
181438
181609
181717
182050
182063
182871
183641
183799
183817
183964
183967
184198
184466
184883
186141
186248
186266
186269
186541
186978
187175
187520
187653
187905
187914
188164
188251
188266
188479
188810
189809
190362
190428
190621
190799
190981
191365
191507
191909
193609
193742
193855
194677
194735
195091
195228
195829
195904
196091
196331
196389
196805
196927
197579
198352
198376
198489
198568
198592
198984
198986
199220
199829
199838
200283
200432
200614
201111
202126
203306
203668
204255
204648
204880
205566
206379
206937
207399
207719
207794
207837
207841
207918
208922
209299
209533
210231
210305
210738
210746
210946
211414
211426
211450
212054
212361
212763
212796
212916
213027
213062
213259
213416
213588
214440
214760
215289
215656
215892
216086
216295
216977
217153
217283
217285
217560
217865
218075
218388
218471
218522
218923
219037
219114
219137
219633
219932
220199
220581
221321
221366
221575
221646
221654
221751
222319
223262
223686
223694
224162
224491
224617
224863
225097
225299
225720
225764
226170
226170
226816
227073
227165
227304
227662
227711
228013
228241
228504
228570
228917
228918
228950
230268
230580
230700
230723
230755
231407
231648
231926
232472
232717
232717
233225
233352
233379
233488
233541
233667
233744
234104
234455
234519
234630
235477
235877
236617
236786
237006
237023
237199
238533
238539
238676
238769
238804
239100
239547
239732
239769
240080
240464
241163
241187
241201
241426
241669
241776
241906
242468
242476
243784
244438
244511
244734
244864
245051
245972
246050
246073
246234
246287
246455
246941
247340
247667
247778
247878
247942
248309
248475
248500
249516
249550
249847
250427
251219
251223
251305
251527
251738
251813
252344
252350
252387
252511
253897
253990
254066
254385
254966
256967
257382
258105
258181
258480
258668
258825
259128
259442
259996
260085
260917
261389
261583
261817
262893
263467
263566
263775
263796
263800
264312
264517
264785
265153
265170
265783
266271
266281
266464
266814
266860
267427
267710
268470
268712
268955
268994
269146
269303
269684
270428
270737
270765
271221
271376
271661
272228
272413
272585
272650
272929
273105
273149
273610
273615
273764
273889
274082
274169
274230
274505
275433
275450
275578
275694
275883
275940
276041
276137
276160
276367
276615
277003
277202
277220
277289
277323
277435
277589
277977
278129
278413
278415
279052
279640
279759
279866
280541
280725
281302
281469
281470
281522
281580
281835
281859
282047
282148
282581
282619
283269
284088
284103
284111
284265
284408
284653
284734
285043
285707
285718
285826
285886
285955
286108
286191
286954
287513
287623
287740
287814
287887
287949
287990
288238
288370
288414
288726
288756
288765
288776
289547
290433
291204
291687
292014
292263
292309
292320
292594
292758
293115
293246
293824
294403
294602
296116
296117
297196
297381
297823
297925
298117
298148
298687
298692
298901
299395
299597
299782
300019
300112
300123
300222
300872
301011
301108
301309
301358
302173
302207
302438
302454
302470
302520
302639
302688
302694
303435
303485
303661
304033
304172
304404
304494
304750
304956
305407
305524
306816
307086
307693
307786
308560
308576
308697
308822
308940
309175
309658
309663
310243
311405
311937
312208
312420
312575
313014
313108
313392
313911
314348
314543
314966
314995
315026
315050
315056
315144
316187
316200
316394
316404
316447
316459
317385
317816
318096
318426
318525
318534
318922
319180
319249
319845
320139
320183
320938
321327
321532
322269
323072
323122
323738
324369
325307
325690
325780
325841
325940
326067
326128
326388
326878
327399
327785
328664
328680
328686
328766
328952
329280
329493
329821
329991
330351
330620
330758
330949
331058
331449
331724
331835
332140
332193
332374
332599
332779
332819
332955
333531
333874
334354
334472
334654
334963
335001
335007
335044
335243
335271
335317
335456
335754
335906
336253
336400
336581
336712
337407
337424
337841
338179
338397
339041
339263
339583
339602
339890
340059
340182
340598
340824
340826
341319
341512
341643
341824
342321
342627
342728
342830
342959
343357
343424
343710
343717
343775
344495
344865
344886
345327
345407
345595
346022
347316
347444
347716
348838
349008
349268
349343
349503
349786
349814
350144
350146
350463
350600
351365
351736
352243
352541
352986
353348
354031
354078
354078
354492
355466
356130
356255
356342
356399
356438
356986
357024
357977
358115
358115
358385
358387
358611
358780
359236
359370
359489
359507
360001
360648
361322
362389
362390
362875
363613
363654
363708
363837
364094
364343
364958
365053
365341
365546
366741
366774
366859
367182
367275
367507
367651
368490
368580
368947
369104
369708
370337
371414
371592
371731
371945
372272
372456
372507
372918
373656
373805
374165
374227
374422
374918
375176
375308
375554
375649
375699
375757
376314
377341
377612
377648
378319
378554
379140
379242
379584
379828
379942
379986
380233
380451
380823
380884
381603
381686
381893
381928
381992
382378
382655
382761
382888
383030
383592
383625
383682
384209
384304
385199
385342
385452
385735
385875
385954
385971
386443
387133
387258
387393
387509
387673
387918
388137
388191
388237
388444
388611
388677
388852
388854
389183
389434
389886
389939
390118
390353
390443
390510
390785
391440
391782
392650
392765
392831
392938
392993
393085
393602
393709
394009
394220
394255
394324
394412
394648
394790
395614
396691
396785
397047
397577
397579
398282
398380
398665
399076
399287
399444
399587
399733
400486
401081
401081
401449
401632
402179
402352
402702
402932
402967
403053
403117
403241
403489
403584
404589
404824
405088
405558
406723
407086
407212
407310
407353
408228
408376
408635
408682
409051
409072
409502
409880
410169
411088
411311
411546
412833
413097
413223
413297
413394
413429
413449
413567
414125
414485
414560
414655
415039
415091
415238
415611
415740
416158
416175
416404
416463
417048
417052
417056
417057
417110
417577
417692
417837
418024
418226
418254
418390
418633
419040
419297
419466
419758
420213
420329
420500
420536
420571
420693
421143
421259
421306
421651
421924
422645
422702
423023
423048
423329
423691
423924
424219
424240
424507
424683
424801
424902
425894
426404
426656
426667
426991
427105
427394
427448
427506
428162
428481
428864
428918
429059
429595
429671
429867
430202
430271
430384
430634
430652
431999
432085
432810
432818
433044
433100
433527
433911
434323
434372
434406
434500
434698
434822
435502
437039
437689
437868
438687
438774
438989
439431
440065
440452
440638
440639
441086
441316
441431
441802
442048
442346
442433
442562
443883
443988
444029
444089
444366
444650
445192
446040
446146
446318
446528
446997
447189
447883
448190
448739
448813
448928
449063
449652
449656
450139
450436
450607
450788
451560
451637
452164
452467
452633
452642
452925
453188
453243
453758
453910
453952
454846
455452
455792
455856
456276
456343
456609
457750
457953
458105
458838
458890
459863
460274
461409
461594
462429
462469
463033
464163
464283
464556
465173
465260
466380
466528
467062
467312
467800
467857
468024
468042
468100
468570
469238
469637
469879
469888
469984
470230
470234
470566
470780
470947
471098
471362
471383
471822
471926
472155
472445
472527
472800
472887
473189
473236
473511
473925
474097
474113
474650
474889
474967
475272
475483
475545
476760
477107
477209
477225
477663
477679
478728
478874
479806
480530
480645
480825
480875
481770
481955
481993
482564
482962
483018
483619
483639
483673
483693
483722
483958
484125
484168
484229
484661
484752
484776
485063
485261
485304
485318
485470
485884
486004
486114
486640
486747
487700
487773
488540
489032
489438
489555
489614
490007
491101
491142
491158
491224
491239
491594
491907
492351
492488
492766
492846
493039
493066
493504
493518
493585
493851
494321
494460
494691
494717
495254
496343
496928
497255
497572
497973
498138
498210
498493
498766
498843
498971
498980
498999
499684
500349
501079
501700
501981
502087
502213
502283
502357
503229
503356
503693
503931
504326
504446
504551
504571
504674
505028
505160
505400
505513
505817
505904
506134
506148
506596
507749
507762
507912
508694
508694
508758
509097
509497
509840
509943
509972
509982
510514
510692
511081
511181
511306
511698
512900
513197
513318
513480
513904
514013
514091
514282
514443
514649
514803
515072
515196
515210
515724
515726
516118
517158
517296
517377
517545
518034
518665
519417
519676
520017
520201
520904
521025
521206
521328
521551
521605
522391
522577
523239
523735
524266
524483
524615
524811
525310
525963
526198
526405
526507
527741
527823
528050
528452
529019
529068
529219
529766
531245
531259
531620
532120
532250
533335
533415
533544
533600
533662
534826
535338
535602
535677
535750
536176
536227
536459
536975
537037
537193
537601
537840
537965
538026
538231
538468
538856
539048
539108
539261
541280
541285
541321
541393
541682
541742
541818
542128
542837
543171
543344
543872
544137
544494
544776
544794
544819
545515
545774
546075
546533
547088
547251
547634
547949
548040
548077
549176
549320
549515
549754
550810
551188
551210
551409
551513
551582
551898
551907
552049
552205
552543
552796
552906
553076
553189
553471
553952
554219
554252
554259
554378
554684
555107
555384
555991
556179
556493
556682
557597
557660
557847
559672
559918
559950
560091
560302
560483
561088
561136
561418
561757
562217
562263
562293
562363
562762
562951
563376
563465
564114
564797
565614
565726
566190
566718
566817
567076
567109
567233
567505
567873
568389
568618
569799
570016
570161
570321
571020
571251
571543
571869
572281
572733
573452
573522
573836
573907
574297
574332
574635
574968
575255
575345
575536
575943
576375
576488
576776
576863
577095
577168
577261
577623
577786
578329
578408
578504
578840
579055
579098
579177
579630
579794
579795
579886
580028
580087
580254
581490
581517
581757
582233
582429
583063
583255
583461
583473
583757
584016
584292
584501
584843
584969
585219
585726
585738
586076
586224
586247
586404
586668
586742
586749
587039
587081
587127
587647
587658
587683
587971
588448
588824
589552
589621
589870
589978
590140
590280
590870
590896
590977
591044
591397
591792
592033
592525
592833
593229
593263
593318
594014
594688
595415
595415
595714
596306
596588
596735
596936
596983
597167
597292
597507
598225
598444
599039
599068
599101
599505
599894
600155
600195
601058
601307
601480
601880
602916
604231
604288
604732
605009
605321
605336
606206
606723
606988
607572
607698
607938
608460
608814
609570
609696
610112
610155
610175
610323
610630
610709
610863
610865
610934
611404
611519
611848
612370
612706
612912
613864
613998
615036
615656
615687
616421
616772
617121
617731
618091
618256
618329
618462
619424
619469
619773
619987
620240
620957
621405
621455
622966
623083
623418
623900
624213
624283
624313
624347
624660
624820
625493
625539
625589
625715
625836
626051
626126
626173
626440
626494
626618
626926
627073
628188
628655
628842
629095
629168
629363
629438
629638
629681
629995
630114
630199
630293
630397
630633
630699
630803
630995
631358
631410
631434
631688
632105
632188
632337
632653
633209
633390
633906
633944
635072
635185
635277
635445
635935
636101
636461
636482
636666
636716
636853
636870
637376
637480
637915
637976
638209
638216
638305
638556
639505
639701
640003
640422
640719
640801
640814
641263
641444
641605
641854
641899
642009
642072
642077
642095
642352
642377
642436
642662
642701
642715
642856
643435
644942
644992
645001
645008
645116
645149
645451
645887
645953
646045
646282
646571
646679
646824
646932
647022
647251
647558
647942
647985
648377
648727
649502
649639
650045
650208
651279
651467
652214
652296
652879
653381
653708
654518
654526
654771
655014
655074
655554
655695
655701
656092
656959
656971
657459
657548
657851
658574
658646
658725
658826
659527
659724
660574
660637
660720
661078
661134
661248
662754
662773
663101
663184
663235
663388
663764
664016
664139
664146
664179
664480
664686
664835
665170
665286
665818
665873
666430
666575
666601
667068
667448
667979
668084
668556
668706
668766
668978
669342
669749
670836
671402
671447
671620
671716
671915
672019
672137
672783
672828
673190
673593
673728
674498
674637
674949
675260
675289
675374
675482
675876
676354
676419
677048
677288
677409
677464
677472
677543
677700
677797
677942
679117
679509
679679
680088
680527
680727
681116
681312
681595
682663
682954
683383
683515
683531
683563
683862
684263
684282
684326
684677
684933
685062
685236
685571
685615
685691
687249
687385
687401
687660
688007
688259
689490
689517
690826
691141
691480
691695
691768
691955
693674
693746
693860
694195
694904
695295
695841
696006
696042
696289
696606
696708
696964
697123
697247
697642
699936
699943
700221
700557
701120
701659
701776
702462
702779
703403
704631
704876
705184
705259
706007
706197
706393
706485
707266
707756
708090
708387
709436
709814
709906
710071
710926
712409
712835
712917
713428
713450
713483
713519
713988
714641
714670
715152
715184
715423
715760
716395
716460
717390
717626
717877
718173
718475
718955
719183
719336
719616
719776
719882
720096
720295
720438
720843
720923
721282
721558
721768
721985
722419
722522
723037
723685
723945
724057
724247
724578
724816
725781
725997
726711
726975
727567
727832
727953
728714
728942
729101
729172
729273
729691
730069
730301
730690
730758
731261
731290
731361
731560
731824
732049
732061
732136
732478
733499
734310
735440
735472
735895
736202
736381
736452
736849
737339
737384
737599
737888
738182
738903
739188
739236
739268
739631
739787
740003
740175
740620
740638
740878
741414
741700
741871
742129
742566
743490
743718
743745
743782
744592
744796
745375
745415
746053
746373
746482
746997
747141
747475
747757
748074
748121
748176
748177
748542
749150
749193
749769
750076
750320
750397
750529
750708
750785
750795
750827
751564
751902
752445
752885
752938
753326
754287
754331
754344
754392
754588
754894
755742
756025
756287
756385
756400
756801
756962
757335
757620
757764
758171
758621
758742
758871
759121
759297
759868
759877
759903
760888
761146
761401
761420
761579
761635
761723
761903
762372
763023
763108
763365
763526
763574
763833
764260
764339
764964
765074
765390
765447
765528
765701
766042
766702
767051
767302
767683
767879
767887
768181
768480
768895
769011
769131
770105
770181
770604
770773
770892
772610
773039
773589
773686
773979
774119
774612
774737
774985
775166
775242
775937
775991
775998
776010
776110
776242
776634
776816
776948
777099
778154
778481
778919
779276
780248
780459
780628
780787
781618
781859
782212
782339
782901
782919
783140
783190
783225
783384
783405
783475
783610
783680
784144
784279
784360
784561
784637
784791
785489
785896
785905
786081
786212
787052
787071
787156
787620
788199
789731
789885
791023
791125
791613
791921
792015
792760
793289
793508
793623
793655
794338
794599
794844
795106
795197
795226
795737
796019
796963
797440
798294
798389
798461
798515
798999
799183
799917
800314
800356
802460
802588
802747
802768
803162
803229
803277
803325
803506
803525
804048
804138
804201
804638
804730
805381
805743
805872
806003
806477
806658
806812
806986
807115
807191
808287
808393
808765
808879
809278
809488
809836
809878
809907
809914
810159
810213
811385
811450
811697
812056
812417
812450
812578
812795
813336
813974
814049
814151
814331
814682
814900
815697
815953
816022
816118
816180
816380
816382
816706
816742
816777
816796
817139
818559
818641
818966
819507
820019
820308
820594
820877
821296
821508
821790
822158
822248
822253
822851
822963
823099
823597
823710
824252
824577
824666
824685
825060
825554
826693
826702
826757
826878
827423
827628
827768
828334
828343
828353
828493
828642
828774
828826
829760
830179
830413
830445
830710
830746
831010
831023
831532
831847
832763
832796
832878
833169
833279
833798
833826
833968
834346
834687
834716
835737
835789
836306
836393
836625
837032
838153
838201
838210
838347
838412
838540
838567
838568
838722
838785
838925
838933
839098
839304
839315
839409
839609
840904
841412
841574
841790
842173
842203
842824
842944
843448
843550
843865
843895
844397
844927
846049
846421
846689
846732
846757
847069
847287
847384
847470
847508
848244
848270
848529
848799
848893
848985
849194
849298
849350
849656
851157
851319
851766
851828
851968
852383
853165
853389
853421
853535
853647
853887
855586
856143
856972
857182
857252
857362
857657
858233
858348
858718
858723
858831
858871
859139
859792
859849
860077
860086
860136
860840
860883
860920
860954
861265
861766
861972
862123
862491
862493
862513
862893
863819
864008
864523
864528
864869
864924
864985
865161
866354
866851
866864
867808
867997
868086
868107
868281
868352
868390
869104
869223
869322
869375
869517
869929
870252
870586
871155
871326
871837
872000
872662
872718
872855
873117
873142
873367
873456
873475
873692
873736
874337
874415
874484
875082
875271
875393
875779
875891
875977
876191
876428
876819
878022
878131
878256
878471
878577
878674
880390
880790
881045
881707
882314
882385
882951
883089
883253
884345
884360
884513
884772
884816
885110
885349
885557
885966
886090
886097
886214
886749
887123
887556
887621
887855
887860
887869
888058
888879
889691
889790
890770
891042
891239
891421
891899
892253
892648
892768
894312
894371
894517
895242
895329
895346
895702
895953
896854
897013
897261
897267
897434
897483
897836
898088
898379
898420
898424
898482
898848
898855
898948
899226
899447
899765
900042
900166
900170
900261
900358
900525
901326
902410
902696
902800
903164
903468
903551
904208
904216
904423
904928
905383
905804
905949
906064
906114
906346
907697
907706
907734
908486
909341
909689
909788
909981
910329
910531
910589
910729
910843
911160
911420
911592
911619
911625
911940
912169
912346
912453
912458
912489
912545
912586
912706
912910
913349
913514
913915
914447
914712
914998
915586
915770
916104
916337
916687
916781
916920
916981
917874
917907
917944
918021
918377
918460
918552
918582
918591
919178
919626
920038
920551
920809
921211
921404
921489
921521
921597
922024
922299
922366
923773
924016
924385
925009
925117
925266
925420
925431
925732
925762
925863
926807
927251
928640
928679
928992
929223
929270
929573
929592
929993
930025
930197
930233
930365
931032
931076
931142
931478
931566
932013
932175
932178
932615
933653
934693
934719
934811
934907
935405
935668
935718
936694
937401
937545
938627
938829
938870
939135
939218
939330
939451
941154
941303
941346
941825
941869
942305
943061
944049
945205
945226
945234
945483
945887
946125
946561
946604
946677
946997
947054
947567
947590
948443
948744
948786
949072
949415
949642
950248
950520
951167
951502
951561
952125
953041
953485
953525
953693
953748
954161
954639
954823
954957
954960
955451
955775
956745
956938
958176
958228
959894
960883
960947
961015
961058
961161
961475
961787
961995
962304
962375
962393
962431
962947
963045
963280
963299
963395
963401
963584
963585
963648
963746
963814
963949
964165
964977
965168
965476
965614
965792
966154
967503
967833
967873
967890
968066
968085
968224
968903
969224
969447
970058
970063
970380
970951
970954
971025
971214
971440
971462
971682
972256
973242
973261
973520
973729
973823
973850
974004
974047
975156
975419
975680
976021
976095
976263
976438
976854
976955
977006
977322
977590
977884
977966
978352
978735
979485
979579
979787
979959
980085
980349
980396
980402
980553
981092
981258
981404
981482
981901
982136
982137
982223
982562
982657
982908
982913
982923
983786
984083
984133
984588
984852
984903
984937
985309
985377
985591
985968
987016
987020
987075
987318
987446
988230
988515
988614
988704
989550
990491
990687
990961
991134
991155
991296
991390
991593
991601
992121
992490
992665
992676
992699
992705
993133
993199
993573
993633
993703
993859
993886
994250
994288
994582
994627
994925
995237
995570
995642
995872
996345
996350
996616
996670
996725
996855
997141
997165
997205
997284
997400
998191
998262
998542
998596
998848
999384
999791
999905
1000032
1000408
1000566
1000705
1000904
1001600
1001678
1001779
1001843
1002090
1002200
1002563
1002931
1003086
1004730
1005847
1006068
1006185
1006309
1006415
1006810
1006862
1007324
1007481
1007560
1007701
1007838
1008524
1008849
1009139
1009410
1010294
1010356
1010588
1010829
1010879
1011029
1011125
1011226
1011427
1011887
1011961
1011973
1012089
1012439
1012492
1012492
1014049
1014240
1014524
1014664
1014763
1015161
1015243
1015415
1015468
1015484
1015673
1015928
1016928
1018027
1018399
1018672
1019028
1019076
1019151
1019299
1019428
1019627
1020191
1020365
1021651
1022015
1022297
1022307
1022990
1023557
1023803
1024102
1024569
1024785
1025435
1025840
1025960
1026052
1026092
1026209
1026534
1026886
1026887
1027112
1027298
1027497
1027602
1027917
1028389
1028701
1028727
1028779
1029161
1029621
1029726
1029942
1030533
1030850
1030880
1031430
1031484
1031557
1031583
1031640
1031754
1032154
1032175
1032602
1033001
1033823
1033829
1034158
1034505
1034888
1035054
1035356
1035634
1035878
1036216
1036471
1036499
1036655
1036725
1036923
1037001
1037341
1037373
1037458
1038029
1038091
1038207
1038388
1038509
1038677
1038690
1038901
1039482
1039580
1039608
1039632
1039730
1039902
1040773
1041146
1041333
1041589
1041750
1041982
1042383
1042445
1043164
1043421
1043780
1044140
1045157
1046117
1046198
1046226
1046466
1046578
1047247
1047352
1047819
1048328
1048688
1048729
1048885
1049498
1049932
1050019
1050163
1050645
1051101
1051224
1051524
1052159
1052610
1053243
1053244
1053418
1053510
1053546
1053851
1054013
1054086
1054265
1054658
1054710
1054737
1054839
1055016
1055301
1056284
1056408
1056560
1057434
1057646
1057799
1058267
1058519
1058944
1059044
1059190
1059421
1059442
1059747
1059918
1060204
1060589
1060992
1061340
1061880
1062049
1062397
1062445
1062483
1062671
1062691
1062816
1062971
1062995
1063379
1063818
1064053
1064364
1065038
1065214
1065322
1065594
1065751
1065878
1066390
1067505
1067738
1068153
1068198
1068437
1068483
1068921
1068958
1069507
1069532
1069677
1069928
1069929
1070027
1070173
1070199
1070245
1070483
1070670
1071023
1071519
1071778
1071789
1071964
1072807
1072848
1073319
1073514
1073941
1074570
1074944
1075215
1075521
1075536
1075922
1076341
1076473
1076564
1076659
1076825
1076889
1077295
1077405
1077609
1077647
1077761
1077935
1078326
1079843
1079937
1079975
1079995
1080908
1081161
1081717
1082280
1082310
1082635
1083123
1083298
1084158
1084316
1084526
1084561
1084585
1084603
1085049
1085502
1085540
1085916
1087165
1087564
1088001
1088128
1088162
1088191
1088195
1088300
1088487
1088493
1089441
1089606
1089645
1089862
1090354
1090977
1091067
1091114
1091502
1091691
1091758
1091942
1092052
1092093
1093199
1093317
1093347
1093364
1093447
1093638
1094096
1094125
1094173
1094179
1095493
1095945
1096247
1096350
1096909
1096925
1097048
1097384
1098329
1099020
1099178
1099382
1099743
1100437
1100743
1101034
1101203
1101585
1101608
1101948
1102743
1102903
1103145
1103418
1103599
1103693
1103824
1104174
1104820
1104855
1105674
1105871
1106695
1106741
1107188
1107207
1107270
1107776
1107777
1108352
1108441
1108737
1108796
1108862
1109073
1109134
1109459
1109544
1110381
1110582
1111356
1111507
1111773
1111836
1111917
1111969
1112797
1113262
1113356
1113648
1113884
1114602
1115433
1115897
1116970
1117148
1117299
1117773
1118353
1119072
1119109
1119353
1119540
1119685
1119729
1119791
1119883
1120017
1120095
1120460
1120571
1120810
1120922
1121571
1121962
1122153
1122576
1122632
1123558
1124162
1124449
1124648
1124862
1125053
1125483
1125537
1125596
1125648
1126060
1126299
1126488
1126525
1126607
1126678
1126791
1126811
1127721
1128121
1128500
1128802
1129392
1129721
1129807
1129884
1129906
1130469
1130518
1130523
1130611
1131848
1132169
1132175
1132305
1132505
1132700
1132834
1133040
1133051
1133760
1134479
1134559
1134736
1134746
1134899
1135253
1135333
1135421
1135444
1135804
1135977
1136015
1136043
1136098
1136240
1137151
1137339
1137496
1137593
1138149
1138479
1138483
1138740
1139207
1139338
1139411
1139525
1139538
1139665
1139927
1140117
1140392
1140813
1141161
1141517
1141544
1141789
1141815
1142204
1142348
1142957
1143086
1143222
1143292
1143729
1143842
1143913
1144231
1144730
1144740
1145185
1145594
1145859
1146287
1149342
1149388
1150163
1150526
1150712
1150911
1151104
1151186
1151411
1151432
1151540
1151631
1151775
1151857
1152033
1153402
1153696
1153897
1154278
1154368
1154509
1155011
1155099
1156814
1157337
1157772
1157927
1158422
1158569
1159586
1159723
1159974
1160656
1160684
1160786
1160933
1161048
1162591
1162737
1162743
1163032
1163034
1163113
1163168
1163385
1164267
1164490
1164499
1164804
1165199
1165316
1165421
1165522
1165723
1166017
1166063
1167751
1168552
1168709
1168719
1169056
1169354
1169484
1170591
1170787
1170802
1171279
1171945
1172033
1172061
1172229
1173174
1173532
1173641
1173941
1174004
1174931
1175111
1175173
1175653
1176016
1176135
1176140
1176222
1176333
1176531
1176876
1176890
1176916
1176924
1176978
1177429
1177487
1178127
1178676
1178839
1179830
1180090
1180926
1181296
1181314
1181508
1181580
1181932
1182214
1182242
1182479
1183075
1183276
1183343
1183350
1183354
1184181
1184551
1184895
1185119
1185485
1185498
1185884
1186065
1186478
1186690
1186724
1186991
1187229
1187249
1187293
1187348
1188375
1188525
1188689
1188784
1189020
1189072
1189146
1189158
1189850
1190105
1190170
1190173
1190583
1190611
1190623
1190629
1191018
1191081
1191148
1191184
1191261
1191837
1192031
1192113
1192228
1193206
1193541
1193988
1194112
1194659
1194745
1194764
1194938
1195036
1195351
1196345
1196389
1197024
1197105
1197633
1198111
1198486
1198520
1198640
1198829
1198871
1199258
1199345
1200072
1200666
1200984
1201087
1201162
1201210
1201290
1201340
1201364
1201491
1201548
1201637
1201880
1202097
1202528
1202899
1203256
1203263
1203369
1203818
1204040
1205540
1205826
1205951
1206446
1206547
1206959
1207395
1207480
1207516
1207578
1207720
1208033
1208248
1208654
1208824
1209754
1209851
1209932
1210330
1210379
1211245
1211347
1212395
1212757
1214072
1214738
1214829
1215195
1215227
1215775
1215849
1216826
1217305
1217431
1218012
1219381
1219588
1220181
1220364
1220682
1220741
1220802
1221597
1221816
1221967
1222038
1222094
1222628
1222646
1222885
1223072
1223130
1223281
1223540
1223734
1224064
1224409
1225370
1226346
1226524
1226743
1226831
1227000
1227984
1228189
1228396
1228535
1228935
1228937
1229044
1229161
1229299
1229556
1229650
1229660
1229773
1230021
1230094
1230217
1230665
1230672
1230756
1231209
1232022
1232344
1232395
1232506
1232528
1232540
1232710
1232859
1233049
1233106
1233188
1234081
1234640
1234907
1235372
1235912
1235962
1236440
1236516
1236564
1236665
1236806
1237442
1237562
1237903
1238021
1238329
1238369
1238399
1239323
1239583
1240020
1240023
1240288
1240836
1240999
1241540
1241708
1241753
1241999
1242032
1242580
1243128
1243365
1244551
1244729
1244782
1246494
1246615
1246805
1247399
1247474
1247604
1247779
1248088
1248723
1249081
1249220
1249506
1249642
1249862
1250148
1250491
1250772
1250920
1251543
1252096
1252239
1252332
1252377
1252460
1252474
1252570
1253144
1254155
1254165
1254180
1254233
1254597
1254902
1255173
1255197
1255433
1255580
1255813
1255984
1256310
1256550
1256620
1256646
1257903
1258587
1258800
1259072
1259253
1259708
1259854
1259924
1260068
1260070
1260085
1260364
1260462
1260529
1260535
1260927
1260994
1261191
1261311
1262899
1262986
1263234
1263366
1263398
1263889
1264480
1264542
1264694
1265544
1265743
1265812
1266110
1266307
1266340
1266877
1267079
1267297
1267492
1267583
1267626
1267699
1267903
1267961
1268284
1268387
1268985
1269019
1269207
1269674
1269751
1271064
1271109
1271491
1271839
1272223
1272312
1272622
1274958
1275678
1275829
1276429
1276779
1276855
1276975
1277308
1277586
1277947
1278192
1278259
1278411
1278558
1278906
1279038
1279064
1279744
1279951
1280805
1280832
1280964
1280972
1281197
1281472
1281808
1281955
1281976
1282546
1282941
1282959
1283041
1283205
1283575
1283840
1284031
1284070
1284175
1284485
1284545
1284590
1284602
1284963
1284996
1285125
1285640
1286452
1286569
1286884
1287096
1287807
1288068
1288135
1288244
1288592
1288706
1289250
1289253
1289807
1290069
1290353
1290707
1290941
1290954
1291283
1291347
1291711
1291774
1291909
1292305
1292410
1292451
1292919
1293183
1293540
1293818
1294075
1294107
1294630
1294766
1295077
1295748
1296126
1296135
1296618
1296671
1296745
1297025
1297492
1300136
1300471
1302525
1302734
1302856
1303275
1303892
1303945
1304026
1304099
1304427
1304455
1304605
1305525
1305582
1305592
1305748
1305758
1305928
1306357
1306840
1306898
1306974
1307528
1307557
1307786
1307981
1308531
1308606
1308660
1308723
1308849
1309104
1309138
1310079
1310311
1310551
1310803
1311229
1311276
1311734
1311910
1312093
1312556
1313121
1313581
1313747
1314283
1314387
1314797
1315429
1315441
1315854
1316145
1316434
1316481
1317031
1317291
1317305
1317342
1317895
1318035
1318301
1318473
1318741
1318814
1318855
1319220
1319959
1320239
1320579
1320900
1320914
1320994
1321481
1321482
1321485
1321649
1322075
1322507
1322878
1323055
1324044
1324114
1324682
1325116
1325147
1325331
1326005
1326110
1326252
1326843
1327815
1329271
1329434
1329472
1329870
1329886
1330107
1330218
1330244
1330430
1330604
1330743
1330807
1332707
1333012
1333090
1333106
1333266
1333490
1334127
1334259
1334313
1334635
1334820
1334898
1335410
1336073
1336144
1336152
1336438
1336545
1336724
1337423
1337426
1337531
1338074
1338091
1338286
1338581
1338591
1338633
1338907
1339018
1339055
1339403
1339537
1340293
1340368
1340662
1340818
1341757
1341880
1341947
1341950
1342017
1342255
1342697
1344045
1344098
1344485
1344550
1345532
1345694
1345998
1346261
1346894
1347171
1347308
1347530
1347741
1347989
1348295
1349611
1349901
1349908
1351041
1351198
1351338
1351460
1351707
1352034
1352061
1352551
1353061
1353107
1353625
1354156
1354264
1354913
1354959
1355203
1355220
1356349
1356840
1357416
1357701
1358715
1359087
1359725
1359736
1360191
1360208
1360546
1360648
1361007
1362631
1362824
1362979
1363041
1363334
1363461
1363500
1363672
1363915
1364439
1364580
1365001
1365194
1365337
1365370
1365477
1365742
1365976
1366272
1366572
1366588
1366790
1366808
1366844
1366935
1367132
1367224
1367669
1367823
1367854
1368215
1368426
1368603
1368703
1368876
1369433
1369941
1370568
1370640
1370820
1370987
1372031
1372835
1372896
1372946
1373047
1373312
1373425
1373485
1374997
1375429
1376924
1376952
1377137
1377294
1377344
1377381
1377397
1377941
1378674
1378947
1379290
1380722
1380780
1380953
1381214
1381445
1381500
1381622
1382802
1383027
1383355
1384185
1384360
1385159
1385305
1385420
1386351
1386599
1386690
1386938
1387050
1387169
1387287
1387460
1388083
1388206
1388301
1388309
1388401
1388752
1389093
1389260
1389331
1389765
1390477
1390504
1390884
1390987
1391458
1392060
1392206
1392597
1392824
1392947
1393634
1394030
1394423
1395598
1395901
1396091
1396187
1396195
1396373
1396431
1396435
1396502
1397439
1398243
1398950
1398990
1399374
1399707
1399787
1399828
1400296
1401103
1401130
1401168
1401310
1401478
1402166
1402666
1402892
1403272
1403714
1404312
1404392
1404415
1404987
1405297
1405378
1406014
1406182
1406323
1406502
1407584
1407608
1408640
1408925
1409017
1409561
1409570
1409943
1410045
1410090
1411067
1411417
1412324
1412761
1413124
1413324
1413454
1413692
1413765
1413918
1414050
1415747
1416188
1416280
1416289
1416464
1417465
1417664
1418302
1418374
1419188
1419259
1419322
1419350
1419734
1419901
1420170
1421022
1421064
1421612
1422256
1423005
1423690
1423726
1423897
1424021
1424584
1424720
1424739
1424840
1424986
1425723
1426257
1426556
1427160
1427188
1427291
1427344
1427673
1427966
1428429
1428804
1428808
1429210
1429380
1429830
1429874
1430099
1430304
1430387
1430747
1430759
1431746
1431863
1432426
1432977
1433155
1433295
1433394
1433461
1433779
1434486
1434733
1435024
1435085
1435152
1435179
1435236
1435793
1437802
1437989
1438090
1438177
1438363
1438944
1439048
1439560
1440435
1440675
1441066
1442616
1442845
1443311
1443325
1444406
1444548
1445278
1446154
1446315
1446600
1446615
1447083
1447652
1448060
1449250
1449684
1449994
1450432
1450791
1450861
1451128
1451174
1451218
1451843
1452299
1452565
1452745
1452939
1453182
1453224
1453366
1453561
1453987
1454162
1454185
1454472
1454763
1454970
1455136
1455335
1455981
1456425
1456592
1456628
1456907
1456921
1456976
1457037
1457335
1457838
1458776
1458915
1459414
1459845
1460390
1460596
1461141
1461210
1462282
1462775
1462862
1463670
1464396
1464751
1465191
1465420
1465516
1465824
1465901
1465959
1467261
1467496
1467533
1467608
1467930
1468234
1469023
1469038
1469220
1469466
1471344
1471921
1472152
1472227
1473071
1473849
1474228
1474900
1475304
1475488
1475653
1475685
1475770
1477725
1477809
1477832
1478046
1478283
1478317
1478329
1478424
1478816
1479041
1479371
1479540
1479855
1479964
1479969
1480174
1480183
1480595
1480793
1481435
1481468
1481852
1482060
1482341
1483251
1483433
1483601
1485288
1485300
1485333
1486378
1486681
1487223
1487472
1487860
1488526
1488612
1488690
1488984
1489194
1489384
1489442
1490123
1491007
1491410
1491939
1492141
1492195
1492338
1492637
1492841
1493235
1493784
1494172
1494281
1494788
1495047
1495122
1495267
1495381
1496135
1496684
1496869
1497357
1497778
1497965
1497995
1498329
1498460
1498529
1499089
1499559
1499709
1499929
1500507
1501774
1502957
1503218
1503844
1503936
1504122
1504558
1505122
1505304
1505351
1505403
1505873
1506375
1507754
1507940
1507976
1508046
1508110
1508168
1508229
1508310
1508523
1508960
1509888
1509889
1509961
1510193
1510461
1510606
1511595
1511718
1512246
1513131
1513282
1513905
1514114
1514299
1514438
1514897
1515784
1515848
1516165
1516436
1517401
1517403
1518285
1518300
1518407
1519030
1519902
1519940
1520001
1520088
1520122
1520557
1521524
1521846
1522116
1522252
1522661
1523162
1524206
1524283
1524558
1524897
1525333
1526063
1526253
1526389
1526795
1529295
1529685
1529919
1530632
1530952
1532063
1532477
1532495
1532532
1532638
1532912
1533435
1533640
1534062
1534193
1534346
1534381
1535173
1536497
1536502
1536771
1536782
1536817
1536857
1537016
1537118
1537931
1538045
1538458
1538569
1538800
1538831
1538986
1539255
1540440
1540895
1541043
1541137
1541279
1541532
1541850
1542147
1542673
1542752
1542758
1542932
1543179
1544167
1544515
1544564
1544766
1544867
1545216
1545362
1545747
1545794
1545951
1545954
1546059
1546212
1546262
1546281
1546444
1547209
1547436
1547732
1547833
1547838
1548210
1548407
1548677
1548749
1548766
1548841
1549360
1549795
1550632
1551073
1551877
1552144
1552216
1552554
1553040
1553075
1553294
1553313
1553455
1554477
1554837
1555141
1555848
1556540
1556995
1557446
1557670
1557726
1558366
1558566
1559196
1559495
1559679
1559788
1560022
1560063
1560166
1560280
1560528
1560994
1561496
1561835
1562318
1562424
1562610
1562736
1563183
1563930
1564162
1564164
1564180
1564755
1564760
1564815
1564926
1565400
1565662
1565774
1565843
1566128
1566202
1566634
1566752
1567083
1567171
1567185
1567970
1568175
1568190
1568457
1569188
1570203
1570271
1571257
1571343
1571483
1571601
1571785
1571861
1572054
1572406
1572710
1572855
1573761
1574717
1574929
1575721
1575857
1575891
1576006
1576254
1576860
1577192
1577202
1577299
1577662
1577728
1578335
1578466
1578654
1578757
1579033
1579622
1579665
1579672
1580538
1580639
1580967
1581237
1581370
1581447
1581450
1581721
1582101
1582261
1582377
1582561
1582626
1582766
1582768
1582869
1582891
1582903
1583760
1584011
1584633
1585290
1585441
1586135
1586186
1586833
1587174
1587257
1587612
1587658
1588137
1589292
1589383
1589438
1589962
1590105
1590287
1592145
1592262
1592695
1593264
1593468
1593542
1593829
1594009
1594210
1594328
1594333
1594394
1594557
1595083
1595406
1596224
1596229
1597576
1597715
1598451
1599557
1599639
1600046
1600190
1600621
1600943
1601298
1601421
1601597
1602323
1602732
1602839
1602873
1603579
1604016
1604214
1604442
1604528
1604542
1604793
1605067
1605135
1605447
1605885
1606098
1606215
1606538
1606967
1607594
1607600
1607673
1607771
1607800
1607808
1607871
1608238
1608500
1608924
1609005
1609353
1609597
1609699
1610299
1610694
1611384
1612221
1612262
1612387
1612400
1612467
1612560
1612622
1612756
1612758
1613577
1613923
1614062
1614752
1614802
1614958
1615327
1616140
1616212
1617030
1617856
1618216
1619592
1620058
1620444
1620574
1620835
1620919
1621101
1621184
1621244
1621280
1621504
1622143
1622201
1623576
1623671
1623825
1623960
1623967
1624490
1625187
1625253
1625310
1625641
1626393
1626919
1627065
1627210
1627465
1627507
1628605
1630250
1630564
1630566
1630614
1630749
1630841
1631031
1631064
1631546
1631604
1631838
1632567
1633308
1633610
1633777
1633945
1634238
1634699
1634868
1634898
1636660
1636769
1638267
1638317
1638341
1638355
1638444
1638897
1639025
1639515
1639523
1639633
1639732
1639748
1639788
1640749
1640922
1641119
1641226
1641389
1642156
1642615
1642869
1643212
1643602
1643617
1644400
1644719
1644750
1645387
1646420
1647147
1647168
1647399
1647717
1648267
1648327
1648403
1648984
1649068
1649243
1649283
1649522
1650179
1650199
1650609
1651637
1651770
1651990
1652334
1652429
1652849
1652867
1653238
1653505
1653760
1654468
1654546
1654938
1655119
1655442
1655943
1655977
1656067
1656167
1656433
1656883
1656908
1657278
1657957
1658192
1658251
1658652
1658976
1659181
1659858
1660052
1660295
1661045
1661305
1661746
1662596
1662754
1663426
1663748
1663920
1663975
1664049
1664217
1664743
1664874
1665101
1665387
1665630
1665803
1665997
1667114
1667532
1667981
1668154
1668166
1668627
1668733
1668804
1669603
1669776
1669782
1669917
1669945
1670177
1670392
1672281
1673028
1673033
1673074
1673268
1673639
1673709
1673787
1673912
1674312
1674926
1674946
1675040
1675497
1675644
1676166
1676337
1676393
1676923
1677397
1677447
1677729
1677847
1678121
1678448
1678615
1678878
1679255
1679313
1679562
1679708
1679738
1679904
1679999
1680144
1680552
1680671
1680805
1680970
1681063
1681355
1681364
1681942
1681948
1682584
1682585
1682755
1682926
1683474
1683546
1683704
1683877
1684313
1685267
1685385
1685819
1686083
1686317
1686411
1686682
1686725
1687011
1687189
1687728
1687796
1687847
1688022
1688278
1688388
1688406
1688482
1688548
1688668
1689842
1690208
1690281
1690531
1691337
1691367
1691762
1692204
1692422
1692456
1692772
1693335
1693472
1694081
1694635
1694748
1694757
1694799
1694872
1694937
1695004
1695102
1695178
1695292
1695743
1696627
1696665
1696766
1696875
1697047
1697680
1698031
1698637
1698662
1699297
1699330
1699526
1700046
1700412
1700443
1700467
1700617
1700661
1701186
1701270
1701343
1701520
1701893
1702000
1702116
1702483
1702597
1702917
1703234
1703576
1703697
1703798
1704162
1704502
1704548
1704849
1704870
1704873
1705410
1705651
1706070
1706652
1706730
1707286
1708139
1708180
1708310
1708568
1708721
1709118
1709294
1709604
1709618
1709642
1709896
1710214
1710291
1710600
1710770
1711277
1711756
1712246
1712295
1712316
1712816
1712924
1713128
1713167
1713202
1714162
1714929
1715536
1715563
1715962
1716108
1716137
1716933
1716940
1717296
1717322
1717553
1717773
1717859
1718021
1718247
1718338
1718366
1718496
1718702
1718778
1719043
1719112
1719738
1719873
1719895
1720112
1720200
1721497
1721904
1722042
1722265
1722275
1722283
1722427
1722484
1722611
1722760
1722788
1722816
1722997
1723134
1723694
1723763
1723850
1723898
1724144
1724514
1724665
1725349
1725918
1725937
1725987
1726034
1726060
1726462
1726520
1726703
1727995
1729049
1729103
1729336
1729351
1729419
1729613
1729728
1729868
1730042
1730886
1730897
1730939
1731235
1731845
1732026
1733031
1733041
1733344
1733717
1733796
1734020
1734071
1734130
1734357
1734426
1734507
1734664
1734697
1734713
1734742
1735134
1735790
1736501
1737096
1737113
1737181
1737334
1737805
1737951
1738417
1738550
1740225
1740305
1740651
1741144
1741481
1741486
1741522
1742245
1742451
1742873
1743850
1744348
1744595
1744787
1744959
1745353
1745382
1746306
1746426
1746477
1746745
1747210
1747286
1748236
1748420
1748911
1749114
1749336
1749427
1749506
1749739
1749918
1750508
1751974
1752078
1752223
1752278
1752397
1752836
1752874
1753288
1753330
1753492
1753715
1754042
1754274
1754990
1755120
1755803
1756950
1757310
1757587
1757830
1758154
1758290
1758521
1758641
1758759
1759164
1759436
1759479
1759872
1759982
1760034
1760205
1760639
1760682
1760924
1761033
1761431
1761687
1761904
1762099
1762148
1762605
1762768
1763570
1763812
1763909
1764144
1764167
1764316
1764346
1764807
1764865
1765252
1765636
1765642
1766130
1766255
1766343
1766750
1767032
1767716
1767788
1768255
1768285
1768295
1768413
1769190
1769311
1769673
1770166
1770180
1770208
1770505
1771343
1771518
1771674
1771818
1772082
1772907
1773170
1773314
1774056
1774570
1775137
1775538
1775817
1776033
1776177
1776385
1776427
1776844
1776980
1777955
1778095
1778280
1778520
1778601
1778960
1779039
1779196
1779775
1779777
1779818
1779820
1780313
1780989
1781319
1781322
1781656
1782210
1782256
1782630
1783238
1783318
1783769
1783919
1784105
1784440
1784619
1784692
1784946
1785495
1785783
1786391
1786943
1787238
1787239
1787514
1787594
1788006
1788129
1788323
1788326
1788513
1788533
1789171
1789223
1789463
1789903
1790967
1790978
1791034
1791154
1791331
1791455
1791461
1791741
1792138
1792201
1792692
1793196
1793375
1793464
1793647
1793700
1794329
1794961
1795021
1795069
1795251
1795905
1796170
1796996
1797354
1797524
1797661
1797691
1798101
1798132
1798294
1798558
1798566
1798773
1798828
1798880
1798882
1799033
1799342
1799440
1799690
1799715
1800905
1801228
1801539
1801803
1802150
1802598
1802941
1803105
1803466
1803594
1804638
1805278
1805383
1805551
1805598
1805629
1806135
1806154
1806441
1806872
1806934
1807187
1807468
1807500
1807748
1807840
1807905
1807935
1808162
1808615
1810322
1810371
1810538
1810678
1811533
1812179
1812249
1812629
1812944
1813354
1813493
1813519
1813784
1814798
1815051
1815297
1815388
1815700
1816570
1817089
1817385
1817408
1817652
1817763
1817773
1817938
1818330
1818981
1819115
1819161
1819530
1819583
1819592
1819693
1819812
1820587
1820811
1821159
1821529
1821867
1822036
1822139
1822516
1822520
1822826
1822991
1823323
1823513
1824166
1824457
1824772
1824877
1825147
1825533
1825626
1825968
1826211
1826221
1826396
1826716
1826867
1827029
1827304
1827567
1828432
1828973
1829249
1829388
1829761
1830241
1830834
1830879
1831143
1831152
1831188
1831198
1831233
1831386
1831392
1831431
1831883
1832310
1832817
1832978
1833013
1833584
1833697
1833727
1834651
1835118
1835143
1835260
1835464
1835545
1835564
1835985
1836740
1836835
1838310
1838972
1839552
1840157
1840961
1841065
1841363
1841477
1841571
1841572
1842792
1843039
1843959
1844717
1844751
1844846
1844885
1845307
1845569
1845594
1845954
1846037
1846502
1846505
1846635
1846658
1846808
1846818
1846999
1847175
1847273
1847470
1847578
1847758
1847979
1848013
1848036
1848068
1848518
1848930
1848930
1849702
1850099
1850279
1850282
1850445
1850587
1850608
1850712
1850722
1850864
1851172
1851266
1852166
1852395
1852874
1853076
1853164
1853412
1853453
1854214
1854637
1854684
1854802
1854988
1856506
1857332
1857510
1857623
1857656
1857974
1858076
1858632
1858699
1858737
1858760
1858995
1859163
1859409
1859573
1859658
1859822
1859978
1860066
1860570
1861451
1861516
1861621
1861692
1861699
1861759
1862054
1862272
1862322
1862345
1862436
1862677
1863097
1863290
1864143
1864237
1865226
1866300
1867048
1867422
1867492
1867635
1868009
1868216
1868256
1868490
1868506
1868791
1868820
1869351
1869355
1869442
1869649
1869874
1869959
1870030
1870137
1870293
1870478
1870546
1870653
1870726
1870762
1870782
1871481
1871484
1871554
1872080
1872134
1872833
1873070
1873857
1874360
1874837
1875363
1875565
1875892
1875908
1876468
1876534
1877525
1877603
1878228
1878787
1878893
1879158
1879381
1879494
1879535
1879565
1880046
1880617
1880749
1881068
1881315
1881422
1881445
1881549
1881924
1882102
1882354
1882648
1882736
1882968
1883091
1883291
1883326
1883454
1883978
1884721
1884933
1885019
1885309
1885388
1885650
1885680
1885919
1886140
1886387
1886865
1886988
1887255
1888091
1888468
1888661
1889497
1889748
1889769
1890050
1890241
1890355
1890457
1890611
1890989
1891002
1891005
1891494
1891531
1891861
1892432
1892942
1892980
1892990
1893291
1893503
1893641
1893882
1894655
1894789
1894790
1895574
1897480
1898209
1898333
1898564
1898565
1898586
1898787
1898891
1898996
1899312
1899804
1900161
1900833
1901170
1901253
1901962
1902078
1902113
1902654
1904028
1904257
1904670
1905057
1905072
1905352
1905459
1906473
1907230
1907785
1908012
1908116
1908144
1908745
1909979
1910069
1910128
1910196
1910262
1910276
1910364
1910709
1912388
1912981
1913123
1913482
1913660
1913827
1914139
1914259
1914736
1915051
1915107
1915136
1915157
1915237
1915685
1915708
1916137
1916204
1916790
1916986
1917316
1917627
1917781
1917871
1917981
1918496
1918552
1919243
1919510
1919623
1919875
1920693
1920751
1920845
1921321
1921562
1922111
1922213
1922232
1922411
1922592
1922717
1923389
1923459
1923471
1923502
1923518
1923710
1923719
1924733
1924933
1925274
1925353
1925476
1925534
1925644
1925915
1926052
1926444
1926819
1926946
1927355
1927422
1927746
1927939
1928929
1929057
1929156
1929295
1929465
1929499
1929909
1930219
1930398
1930689
1930711
1931178
1931389
1932000
1933603
1934342
1934746
1934959
1935231
1935366
1935685
1935922
1936042
1936864
1936928
1937060
1937692
1937715
1938287
1938616
1938945
1938981
1939355
1939627
1939673
1939871
1940093
1940567
1940731
1940941
1942098
1942268
1943035
1943509
1943985
1944212
1944820
1945175
1945526
1945857
1946165
1946355
1946490
1946790
1946792
1946914
1947372
1947452
1947508
1947537
1947604
1948081
1948303
1948634
1949770
1950230
1951034
1951437
1952522
1953141
1953257
1954148
1955143
1955426
1955718
1956057
1956297
1956335
1956806
1956947
1957113
1957780
1957961
1958612
1958944
1959375
1959524
1959901
1960060
1961904
1962010
1962054
1962725
1962800
1963756
1964132
1964857
1965613
1965832
1966259
1966755
1966769
1966894
1967159
1967285
1967443
1967821
1967847
1967853
1968338
1968690
1969022
1969110
1969285
1969429
1969860
1969877
1970082
1971045
1971822
1972027
1972157
1972339
1973030
1973261
1973574
1973896
1974250
1974360
1974462
1974464
1975060
1975107
1975137
1975606
1976170
1977047
1977075
1977087
1977525
1977678
1978585
1978900
1979000
1979043
1979194
1979639
1979744
1980436
1980575
1980850
1981751
1981762
1981947
1982121
1982382
1982662
1982982
1982982
1983131
1983619
1983944
1984577
1984598
1984835
1985660
1986029
1986120
1986195
1986333
1986461
1986692
1986851
1987052
1987620
1987724
1987871
1987935
1988691
1988983
1989244
1989572
1990141
1990587
1990967
1991856
1992399
1992658
1992832
1992917
1993058
1993666
1993669
1993803
1994000
1994078
1994178
1994646
1994668
1994783
1995301
1995391
1995671
1995890
1996163
1996324
1996489
1997089
1997552
1998835
1998841
1999649
1999994
2000055
2001179
2001327
2001627
2001988
2002530
2003137
2003999
2004218
2004242
2004871
2005053
2005241
2006640
2006658
2007186
2007199
2007321
2007419
2007598
2008020
2008170
2008681
2009064
2009304
2009491
2009722
2010043
2010461
2010697
2011090
2011480
2011555
2011765
2011779
2011874
2012420
2012469
2012516
2013480
2013597
2013617
2014209
2014931
2015388
2016330
2016639
2016902
2017124
2017241
2017276
2017493
2017595
2017896
2018407
2018423
2018720
2018828
2018873
2018991
2019187
2019588
2019780
2019862
2019924
2020000
2020014
2020059
2020356
2020388
2020398
2020468
2020668
2021132
2021273
2021500
2021724
2021864
2021865
2022164
2022687
2023319
2023537
2023871
2024563
2024784
2024840
2025123
2025582
2025598
2025990
2026125
2026157
2026494
2026552
2026927
2027199
2027402
2027484
2027923
2028352
2028551
2028854
2028960
2029033
2029189
2029233
2029271
2030763
2030780
2030809
2030852
2031137
2031285
2031436
2031727
2031962
2032074
2032329
2033306
2033903
2034024
2034063
2034313
2034566
2034642
2035846
2037042
2037199
2037578
2037603
2037917
2037945
2038098
2038572
2038860
2039013
2039285
2039394
2039403
2039652
2039864
2039916
2040668
2041192
2041677
2041850
2042449
2042563
2042639
2043238
2043274
2043448
2043460
2044303
2044668
2045760
2046583
2047360
2047996
2048011
2048651
2048911
2049004
2049872
2049881
2050081
2050130
2050424
2050514
2051849
2052076
2052426
2052781
2052915
2052938
2053023
2053542
2053547
2053884
2054243
2054360
2054757
2055229
2056616
2056675
2057018
2057363
2057529
2057556
2057586
2058058
2058681
2058786
2059045
2059239
2059331
2059489
2059600
2059946
2060015
2060621
2060683
2061147
2061154
2061410
2061636
2062202
2062205
2062909
2063068
2063139
2063462
2063696
2063807
2064552
2064560
2064921
2066215
2066499
2066835
2067017
2067418
2068117
2068251
2068519
2068710
2068780
2068782
2069625
2069715
2070123
2070381
2070396
2070772
2070888
2070939
2071090
2071411
2071510
2071825
2072138
2072183
2072227
2072250
2073282
2073511
2073674
2074085
2074267
2074303
2074348
2075209
2075281
2075574
2075662
2076002
2077095
2077179
2077278
2078478
2079017
2079824
2079990
2080203
2080251
2080369
2080405
2080561
2080688
2080742
2081271
2081557
2081586
2081829
2082257
2082268
2083169
2083344
2083373
2084010
2084444
2084461
2085039
2085810
2086075
2086588
2086862
2087021
2087275
2087467
2087498
2087820
2087929
2087936
2088397
2088421
2088462
2088506
2088515
2088620
2089490
2090332
2090387
2090588
2090628
2091009
2091397
2091540
2091944
2091945
2092129
2092269
2092619
2093028
2093519
2094114
2094684
2094868
2095011
2095183
2095456
2096312
2096329
2096404
2097051
2097697
2097858
2098073
2098173
2098465
2098632
2098651
2098714
2099080
2100005
2100113
2100159
2100625
2101363
2101483
2101668
2101715
2101874
2101902
2102385
2102398
2102416
2102650
2103579
2104098
2104274
2104554
2104555
2104886
2105877
2106297
2107182
2107724
2107971
2108022
2108064
2108443
2108777
2108851
2109194
2109705
2110173
2110218
2111067
2111328
2111451
2111942
2112169
2112385
2113103
2113381
2113385
2113678
2113805
2113955
2114392
2114578
2114938
2115655
2115923
2115984
2116127
2116186
2116250
2116410
2116600
2116761
2117109
2117441
2117960
2117993
2118271
2118485
2118642
2118787
2118986
2119299
2119398
2119507
2119735
2119751
2120551
2120584
2120683
2122125
2122144
2122927
2123704
2123781
2124227
2124673
2124725
2125112
2125239
2125336
2125429
2125777
2125838
2125861
2126190
2126293
2126372
2126933
2127120
2127150
2127383
2127467
2127888
2128113
2128127
2128258
2129084
2129342
2129381
2129979
2130038
2130193
2130964
2131022
2131453
2131813
2132449
2132556
2133234
2133283
2133430
2134111
2134405
2135162
2135304
2135454
2135556
2135666
2135959
2137070
2137120
2137431
2137605
2137671
2138194
2138487
2138712
2139901
2140161
2140175
2140493
2140721
2141632
2142543
2142586
2143679
2144068
2144259
2144501
2144527
2144557
2145001
2145077
2145915
2146080
2147460
2147811
2148114
2148294
2148947
2149045
2149052
2149553
2149773
2150424
2150503
2151008
2151930
2152738
2153520
2153753
2153791
2154161
2155083
2155174
2155203
2155274
2155316
2155348
2155713
2155816
2156062
2156472
2156701
2157255
2157319
2157366
2157986
2158783
2158926
2160122
2161461
2161874
2162532
2163128
2163234
2163449
2163652
2163731
2164010
2164198
2164847
2164884
2164910
2164921
2164944
2164946
2165555
2166349
2166878
2167440
2167512
2167537
2167543
2167754
2168157
2168458
2168764
2168930
2169040
2169098
2169133
2169308
2170292
2170361
2170509
2170727
2171369
2171573
2171650
2172060
2172121
2172210
2172577
2173882
2174046
2174950
2175023
2175138
2175586
2175727
2175904
2176135
2176281
2176328
2176670
2177243
2177298
2177561
2177601
2177995
2178082
2178626
2178836
2178891
2180314
2180459
2180478
2180670
2181240
2181452
2181517
2181606
2181706
2182263
2182512
2182543
2182680
2183039
2183423
2183647
2183796
2183956
2184374
2184387
2184481
2184860
2184871
2185774
2186082
2187057
2187875
2188080
2188296
2188321
2188491
2188901
2188943
2190325
2190359
2190698
2190740
2191000
2191004
2191286
2191316
2191751
2191805
2191826
2191977
2192014
2192517
2192957
2193213
2193511
2193657
2193833
2194246
2194611
2195045
2195173
2195290
2196391
2196562
2196592
2196652
2197034
2197162
2197654
2197677
2198505
2200205
2200842
2201056
2201064
2201074
2201199
2201889
2201944
2201988
2202062
2202152
2202292
2202357
2202478
2202628
2202939
2203431
2203690
2203900
2204322
2204423
2204479
2204729
2204796
2204807
2205045
2205062
2205264
2205515
2206402
2206517
2206583
2206836
2207107
2207310
2207599
2207879
2208372
2208786
2208787
2208903
2209138
2209208
2210865
2210990
2211067
2211429
2211901
2212200
2212751
2213133
2214165
2214247
2214296
2214364
2214970
2215435
2215620
2215713
2215978
2216054
2216255
2216458
2216468
2216970
2217245
2217410
2217612
2217907
2218010
2218040
2218176
2218216
2218239
2218449
2218590
2219019
2219217
2219565
2220092
2220754
2220789
2221185
2221266
2221361
2221458
2221722
2222475
2222649
2222685
2223786
2225143
2225282
2225507
2225999
2226169
2226379
2226394
2226780
2227147
2227501
2227556
2228217
2228889
2229226
2229563
2229670
2230290
2230524
2230930
2231156
2231168
2231415
2231663
2232523
2232866
2233138
2233389
2233644
2233833
2233979
2233992
2234064
2234302
2234904
2235524
2235772
2235790
2236234
2236406
2236849
2236868
2237383
2237390
2238692
2239024
2239563
2239664
2239868
2239998
2240548
2240560
2240608
2240982
2241299
2241472
2241491
2241588
2241964
2242096
2242168
2242802
2243238
2243473
2243496
2244304
2244593
2244896
2244986
2245061
2246156
2246250
2246580
2246636
2246724
2246877
2246995
2247591
2247701
2248282
2248406
2248581
2249266
2249615
2250472
2251169
2251181
2251204
2251739
2251965
2252247
2252601
2253278
2253415
2253687
2254490
2254841
2255002
2255033
2255098
2255608
2255689
2255876
2256403
2256825
2257003
2257090
2257212
2257422
2257533
2257688
2258720
2258996
2259447
2259693
2260312
2260395
2261137
2261443
2261554
2261746
2262061
2262082
2262217
2262301
2262355
2262387
2262414
2262440
2262940
2263015
2263190
2263280
2263539
2263563
2263646
2264550
2264752
2265385
2265389
2265610
2265611
2265816
2265969
2266004
2266238
2266400
2266742
2266792
2267082
2267149
2267180
2267371
2267679
2267936
2268355
2268410
2268498
2269090
2269431
2269525
2269573
2269580
2270543
2270728
2270762
2270785
2271034
2271085
2271099
2271188
2271594
2271806
2272633
2273246
2273265
2273315
2273683
2274127
2274228
2274838
2275626
2276038
2276591
2276756
2277145
2277634
2277637
2277934
2278027
2278129
2278743
2278967
2279223
2279854
2280036
2280282
2280331
2281072
2281393
2282151
2282487
2282630
2282678
2282754
2282809
2283694
2285506
2285829
2286219
2286511
2286702
2287028
2287162
2287394
2287409
2287559
2287687
2287993
2288119
2288222
2288240
2289274
2289333
2289916
2290334
2290512
2290655
2290834
2290983
2292098
2292698
2292713
2293076
2293076
2293570
2293607
2293953
2293984
2294039
2294166
2294201
2294287
2294665
2294984
2295443
2296945
2296962
2297019
2297329
2297361
2297365
2297873
2298542
2298780
2299157
2299387
2299676
2299813
2299827
2300417
2300562
2301211
2301295
2301555
2301742
2301845
2302237
2302516
2302910
2303123
2303363
2303412
2304468
2304549
2304747
2305237
2305399
2306137
2306309
2306372
2306748
2307197
2307485
2307575
2307764
2307801
2307927
2308188
2308383
2308982
2309107
2309461
2310155
2310302
2310616
2310648
2310913
2311844
2311885
2311934
2312059
2312110
2312318
2312399
2312761
2312791
2312886
2313104
2313670
2313778
2314273
2314442
2315348
2316126
2316173
2317256
2317428
2317741
2317859
2317979
2318228
2318244
2318253
2318265
2318311
2318594
2318831
2319093
2319745
2319931
2320358
2321250
2321457
2321491
2321518
2321693
2321833
2322096
2322213
2322302
2322702
2322767
2322920
2323551
2323920
2324321
2324371
2324475
2324551
2324575
2324712
2324765
2325061
2325294
2325404
2325470
2325677
2325677
2325786
2325793
2326637
2326822
2327028
2327082
2327356
2327432
2327608
2327886
2328354
2328841
2329207
2329534
2329626
2329938
2330975
2331465
2331531
2331711
2331978
2332835
2333042
2333140
2334009
2334307
2335439
2335972
2336115
2336247
2336580
2336856
2337136
2337600
2337607
2338211
2338331
2338464
2338581
2338725
2338917
2338973
2340434
2340534
2340746
2340833
2340855
2341023
2341097
2341382
2342007
2342177
2342326
2342753
2343897
2343960
2344910
2344992
2345042
2345291
2345309
2345483
2345901
2345924
2346129
2346646
2346696
2347438
2347666
2347699
2348028
2348209
2348642
2349028
2349078
2349646
2350549
2350792
2350811
2351720
2351815
2352591
2352591
2352633
2352742
2352812
2353199
2353455
2353560
2353681
2353736
2353825
2354063
2354324
2354643
2354759
2354950
2355614
2356436
2356796
2357417
2357943
2358258
2358917
2359243
2359636
2360082
2360600
2360732
2361032
2361193
2361404
2362211
2362281
2362412
2362425
2362615
2363593
2363884
2363985
2364221
2364360
2364429
2364491
2365180
2365234
2365457
2365773
2366086
2366318
2366965
2367078
2367279
2367791
2367856
2367885
2367957
2368237
2368917
2369245
2369423
2369597
2369931
2370033
2370739
2370917
2371038
2371556
2372468
2372890
2372960
2373167
2373506
2373581
2373786
2373893
2373921
2374211
2374710
2375096
2375585
2375737
2375966
2376200
2376616
2376874
2377080
2377098
2377386
2377806
2378964
2379040
2379182
2379304
2379840
2379916
2379935
2380111
2380296
2380416
2380575
2380642
2380809
2381285
2381441
2381933
2381947
2382418
2383068
2383141
2383264
2383652
2383886
2383918
2384049
2384206
2384438
2385030
2385302
2385395
2386009
2386548
2386655
2386972
2387061
2387221
2387266
2387402
2387552
2388028
2388071
2388795
2389393
2389822
2390038
2390153
2390254
2390324
2391219
2391726
2391830
2391932
2392004
2392190
2392485
2392790
2392916
2393124
2393319
2393914
2393952
2394282
2394582
2394852
2395584
2396118
2396428
2396462
2396792
2396954
2397177
2397301
2397310
2397437
2397542
2398078
2398164
2398220
2398543
2399013
2399451
2399859
2399962
2400189
2401648
2401722
2402412
2403101
2403301
2403439
2403497
2403640
2403738
2404358
2404866
2405479
2405511
2406274
2406344
2406755
2407024
2407156
2407163
2407523
2407766
2407948
2408052
2408385
2409174
2409236
2409745
2409764
2410375
2410513
2411936
2412786
2412803
2412833
2413053
2413244
2413719
2413751
2413838
2414004
2414583
2414742
2415041
2415116
2415232
2415607
2415819
2415909
2415996
2416077
2416103
2416150
2416360
2416371
2417250
2417955
2418174
2418359
2418410
2418500
2418708
2418875
2419283
2419290
2419401
2419687
2420363
2420540
2420768
2420848
2421254
2421540
2422212
2422225
2422244
2422863
2422871
2423705
2423707
2423707
2423875
2424477
2424680
2424729
2425241
2425393
2425681
2426010
2426011
2426565
2426763
2426848
2427100
2427180
2427215
2428151
2428197
2428455
2428631
2429739
2429906
2429928
2430442
2430474
2430675
2431011
2431277
2431390
2431568
2431571
2431802
2431813
2432329
2432668
2432689
2433201
2433545
2433566
2433566
2434055
2434158
2434161
2434298
2434388
2434870
2435079
2435091
2435789
2435971
2436510
2436548
2437148
2437165
2437450
2437821
2437862
2438010
2438159
2438922
2439393
2439825
2440007
2440507
2440584
2441003
2441569
2443078
2443258
2444417
2444783
2445936
2446110
2446131
2446188
2446214
2446386
2446788
2447221
2447263
2447416
2447702
2447863
2448292
2448452
2448873
2449161
2449218
2450543
2450683
2451285
2451307
2451638
2452188
2452764
2452778
2452924
2453661
2453860
2454072
2454339
2454722
2455893
2456328
2456457
2456592
2456757
2457063
2457321
2457462
2457716
2457885
2457935
2458745
2459110
2459307
2459812
2459865
2459939
2460752
2460877
2461240
2461671
2461921
2462101
2462296
2462364
2462374
2462417
2462664
2462711
2462907
2463434
2463496
2463675
2463776
2464552
2465378
2465825
2466032
2466351
2467046
2467114
2467638
2467915
2468014
2468048
2468614
2468732
2468907
2469155
2469482
2469527
2469685
2469704
2470203
2470217
2470510
2470952
2471318
2471611
2471741
2471869
2471973
2473253
2473332
2473518
2473604
2473647
2473796
2475030
2475166
2475799
2475967
2476142
2476238
2476447
2476505
2476628
2476714
2477214
2477420
2477608
2477917
2478245
2478569
2478835
2478877
2479053
2479351
2479540
2479569
2480452
2480668
2480844
2481263
2481307
2481644
2481886
2481901
2481945
2481976
2482267
2482502
2482552
2483104
2483178
2483227
2483395
2483606
2484234
2484418
2484585
2484897
2485060
2485433
2485754
2485901
2486197
2486575
2486595
2486974
2486977
2487097
2488325
2488416
2488747
2489240
2489655
2489862
2490092
2490231
2490998
2491478
2492064
2492240
2492490
2493249
2493590
2494277
2494407
2494461
2494552
2494786
2494960
2495046
2495386
2495874
2496375
2496398
2496742
2496816
2497048
2497257
2497570
2497813
2497955
2498571
2498711
2498746
2498785
2498885
2498960
2499573
2499973
2500235
2500713
2500736
2500841
2500954
2501037
2501039
2501072
2501213
2501302
2502043
2502156
2502320
2502453
2502708
2502882
2503085
2503454
2504296
2504601
2504847
2504855
2505067
2505233
2505536
2505914
2506072
2506454
2506496
2506540
2506781
2506954
2507023
2507165
2507185
2507400
2507624
2507808
2507998
2508308
2508365
2508472
2509137
2510785
2510823
2510968
2511182
2511524
2511562
2511748
2511984
2512209
2512329
2513397
2513589
2513931
2514217
2514603
2514766
2515131
2515236
2515415
2516280
2516501
2516657
2516744
2517229
2517907
2517929
2518061
2518549
2518605
2518784
2519030
2519072
2519368
2519726
2519882
2519989
2520051
2520312
2521012
2521731
2522202
2522601
2522748
2522833
2523204
2523230
2523406
2523430
2523711
2524047
2524225
2524493
2524521
2525363
2525372
2525770
2526189
2526386
2526561
2526883
2527330
2527770
2528120
2528628
2528893
2528957
2530091
2531062
2531231
2531261
2531644
2532309
2532433
2532805
2532888
2533972
2534133
2534140
2534188
2534245
2534351
2534367
2534445
2534521
2534842
2535245
2535263
2535714
2535907
2535988
2536218
2537016
2537058
2537139
2537319
2537879
2538037
2538066
2539801
2539822
2540372
2540514
2540851
2541069
2541468
2541491
2541720
2542098
2542335
2542489
2542734
2543387
2543510
2543833
2544255
2545039
2545748
2546360
2546445
2546668
2547472
2547492
2547563
2548218
2548427
2548814
2549487
2550138
2550395
2550668
2550986
2551029
2551374
2551381
2552181
2552305
2552689
2552703
2552838
2552839
2553156
2553514
2553929
2554030
2554138
2554291
2555107
2555211
2555351
2555553
2555741
2556258
2556432
2556861
2556920
2557427
2558504
2558522
2558843
2559159
2559174
2559317
2559632
2560577
2560740
2561007
2561140
2561284
2561657
2562233
2562352
2562400
2562448
2562498
2563405
2563623
2565431
2566006
2567307
2567362
2567437
2567628
2567787
2568236
2568392
2568501
2568914
2569002
2569637
2569731
2569896
2570268
2570913
2571313
2571390
2571699
2571755
2571763
2572071
2572225
2572323
2572572
2572666
2572705
2572719
2572874
2572897
2572975
2573878
2574534
2574847
2575101
2575249
2575988
2576276
2576335
2576635
2576958
2577518
2577685
2577767
2578320
2578857
2579573
2579927
2580068
2580149
2580169
2580759
2581211
2581458
2582160
2583195
2583291
2583756
2584690
2585464
2585490
2585502
2585932
2586307
2587711
2587730
2587847
2588586
2588658
2588697
2589186
2589734
2590014
2590230
2590480
2590777
2590898
2591256
2591312
2591553
2592031
2592064
2592967
2592976
2593178
2593761
2594219
2594287
2596086
2596274
2596988
2597000
2597033
2597339
2597904
2597948
2598817
2598940
2599116
2599195
2599822
2599980
2600224
2601143
2601420
2601636
2601732
2602427
2602564
2602613
2602712
2602717
2603170
2603209
2603366
2603584
2603667
2604104
2604550
2604714
2605004
2605491
2606261
2606748
2607045
2607689
2608122
2608587
2608784
2608933
2609293
2609664
2610700
2610733
2610952
2612220
2612329
2612587
2613389
2614300
2614641
2614967
2615530
2615831
2616529
2616663
2616690
2617211
2618227
2618509
2618660
2619256
2619372
2620701
2620732
2620805
2620940
2621227
2621268
2621722
2622142
2622163
2622484
2622630
2622955
2623007
2623085
2623142
2623200
2623655
2623668
2623740
2623757
2623934
2623987
2624315
2624529
2624568
2624759
2624955
2625315
2625361
2625752
2625761
2626088
2626866
2627354
2627404
2628963
2628976
2629171
2629759
2629787
2630225
2631121
2631337
2631508
2632140
2632594
2632734
2632906
2633104
2633197
2633276
2633523
2634455
2635090
2635887
2636402
2636947
2636975
2637413
2637694
2638428
2638438
2638602
2638789
2639055
2639382
2639797
2640531
2641038
2641153
2641925
2642196
2642484
2642609
2642799
2642883
2642955
2643579
2643648
2643739
2644262
2644574
2645248
2645586
2645714
2645755
2645798
2646298
2646867
2647335
2647516
2648110
2648171
2648534
2648768
2648790
2648820
2648993
2649027
2649268
2649739
2649782
2649838
2649953
2649987
2650241
2650457
2650629
2650634
2651858
2652044
2652351
2652472
2653091
2653410
2653692
2654460
2655187
2656203
2656422
2656761
2657501
2657509
2657515
2657516
2657552
2658624
2658705
2659227
2659461
2659944
2660342
2660391
2660781
2660879
2661129
2661451
2661574
2661751
2661913
2661950
2662572
2662649
2662864
2662870
2663482
2664004
2664491
2664703
2664894
2665222
2665234
2665737
2666181
2666444
2666903
2667226
2667228
2667581
2667905
2668456
2668969
2669154
2669347
2669468
2669515
2669750
2670021
2670046
2671035
2671102
2671210
2671384
2671487
2671843
2672025
2672310
2673222
2673330
2673444
2674135
2674612
2675118
2676031
2676205
2676300
2676474
2676903
2676907
2676987
2677008
2677498
2677528
2677558
2677595
2677604
2677720
2678205
2678342
2678454
2679912
2680190
2680406
2680691
2680898
2681466
2682300
2683014
2683191
2683217
2683825
2684069
2684184
2684368
2684638
2684687
2684875
2685101
2686167
2686348
2686350
2687158
2687610
2687655
2687906
2688346
2688956
2689146
2689216
2689230
2689443
2689471
2690546
2691916
2692021
2692044
2692665
2693173
2693412
2694260
2694620
2694783
2694891
2695495
2695504
2695604
2695958
2696007
2696518
2696578
2696956
2697151
2697249
2697530
2697588
2697633
2697666
2697678
2697835
2699143
2699203
2699779
2699859
2699978
2700880
2701168
2701220
2701440
2701459
2702156
2703307
2703397
2703447
2703936
2704236
2704394
2704568
2704778
2705298
2705518
2705820
2706137
2706709
2706945
2707727
2707775
2708132
2708540
2708728
2709019
2709421
2710336
2710454
2710536
2710792
2711340
2712098
2712396
2712591
2712600
2713087
2713102
2713146
2713258
2713602
2713688
2714652
2715588
2715591
2716420
2716867
2716889
2717149
2717480
2717583
2717960
2718024
2718058
2718131
2718256
2718318
2718351
2718396
2718636
2718697
2718770
2719553
2719595
2719807
2719966
2720540
2721671
2721756
2721782
2721967
2722014
2722038
2722284
2722437
2722794
2723463
2723947
2724013
2724181
2724642
2725103
2725360
2725477
2725589
2725745
2725821
2726235
2727070
2727200
2727322
2727340
2727440
2727516
2727983
2728021
2728340
2728613
2728641
2729082
2729189
2729915
2730126
2730187
2730191
2730499
2730534
2731174
2731387
2731563
2731643
2732467
2732750
2733010
2733153
2733161
2733391
2733886
2734665
2734862
2735227
2735312
2736248
2736329
2737562
2737649
2738248
2738413
2738511
2739096
2739231
2739289
2739763
2739797
2740033
2740160
2740239
2740371
2741088
2741575
2741693
2742113
2742160
2743194
2743713
2744108
2744157
2744290
2744292
2744552
2744764
2744887
2745038
2745065
2745344
2745959
2746306
2746356
2746487
2746626
2746684
2746756
2747202
2747391
2747405
2747438
2747471
2748358
2748459
2748629
2749030
2749434
2749820
2749876
2750495
2751191
2751391
2752234
2752291
2752374
2752376
2752839
2753035
2753372
2753545
2753882
2753890
2754263
2754286
2754583
2755132
2755491
2755503
2755508
2756004
2756197
2756404
2758754
2759434
2759902
2759982
2760600
2760778
2760808
2761030
2761279
2761671
2762504
2763186
2763275
2763786
2763911
2764170
2764193
2764624
2764796
2765020
2765608
2766702
2766887
2767603
2768152
2768753
2769170
2769600
2770041
2770090
2770230
2770470
2770650
2770854
2770973
2771849
2772555
2772813
2773558
2774366
2774393
2775607
2776898
2776963
2777506
2777628
2778183
2778204
2778450
2778491
2778820
2779047
2779418
2779478
2779741
2780260
2780556
2780647
2781478
2781908
2782096
2782123
2782494
2782549
2782886
2783314
2783402
2783850
2784866
2785494
2785701
2785797
2785962
2787143
2787474
2787540
2787580
2788158
2788551
2788597
2788670
2789625
2790008
2790057
2790130
2790340
2790364
2790407
2791602
2792055
2792359
2792933
2793768
2793787
2794164
2794179
2794424
2794638
2795283
2795300
2795677
2796675
2796830
2797684
2797781
2798353
2799306
2799757
2799871
2800238
2800355
2800881
2801150
2801621
2801667
2801808
2801900
2802440
2802491
2802547
2802580
2802802
2803978
2805148
2805166
2805563
2805717
2805844
2805950
2806176
2806338
2806416
2806661
2807079
2807441
2807551
2807567
2807647
2807801
2808023
2808088
2808588
2809478
2809592
2809749
2810712
2810947
2811062
2811644
2811837
2811990
2812036
2812334
2812462
2812852
2813184
2813433
2814464
2814878
2814940
2815301
2815826
2816100
2816659
2816978
2817357
2817659
2818611
2819242
2819619
2820408
2820728
2821178
2821389
2822629
2823722
2823987
2824060
2824090
2824778
2825128
2825636
2826345
2826415
2827253
2827386
2827742
2827808
2828356
2828511
2828576
2828913
2829377
2829551
2829703
2829789
2829862
2830096
2830149
2830193
2830203
2830282
2830742
2830847
2830974
2830994
2831721
2831741
2832268
2832451
2832463
2832547
2832913
2833761
2834098
2834298
2834345
2834560
2834711
2834743
2835126
2836088
2836327
2836432
2836486
2836540
2837092
2837158
2837261
2837415
2837530
2838043
2838182
2838281
2838306
2838650
2839000
2839603
2839759
2839976
2840155
2840304
2840489
2840865
2840905
2842082
2842680
2842806
2843172
2843251
2843572
2843637
2843834
2844285
2844290
2844297
2844513
2845123
2845741
2846068
2846353
2846396
2846465
2846946
2847344
2847687
2848325
2848886
2849017
2849144
2849490
2849596
2849938
2850078
2850245
2850480
2850782
2851182
2851896
2851966
2852313
2852986
2853084
2853178
2853482
2853510
2853522
2853588
2853986
2854809
2855175
2856016
2856341
2856668
2856707
2856901
2857199
2857226
2858072
2858080
2858324
2858346
2858387
2859092
2859287
2859680
2860454
2860746
2860876
2860996
2861022
2861287
2861600
2861644
2862188
2862539
2863676
2863762
2863951
2864179
2864648
2864859
2864883
2865051
2865514
2865685
2865760
2865848
2866004
2867208
2867484
2867881
2868563
2868955
2869150
2869618
2869734
2870447
2871568
2873835
2873929
2874504
2874683
2874767
2875084
2875127
2875243
2875768
2875883
2875989
2876241
2876398
2877269
2878068
2878589
2878641
2878802
2878904
2879133
2879352
2879388
2879708
2880094
2881432
2881651
2882136
2882452
2882538
2882978
2883037
2883112
2883447
2883644
2883979
2884237
2884830
2885169
2885746
2886035
2886640
2886983
2887171
2887540
2888110
2888429
2889627
2890224
2890288
2890386
2891268
2891476
2891504
2891966
2892013
2892602
2893246
2893964
2894468
2894923
2895243
2895353
2895693
2895882
2895932
2895964
2896189
2896363
2896466
2896659
2896691
2897457
2898152
2898855
2899877
2900069
2900209
2900233
2900331
2900427
2900572
2900970
2901863
2902313
2902400
2902779
2902925
2903710
2904360
2904483
2904607
2905123
2905279
2905424
2905589
2905973
2906935
2907066
2907777
2907783
2907865
2908151
2908199
2908400
2908838
2909348
2909406
2909677
2910061
2911054
2911655
2911743
2911773
2911977
2912474
2912584
2913185
2913268
2913466
2913809
2914115
2914133
2914277
2914761
2914996
2915047
2915938
2916907
2917955
2918174
2919080
2919245
2919431
2919983
2920062
2920335
2920428
2920431
2920571
2921250
2921320
2921404
2922268
2922386
2922531
2923019
2923392
2923874
2924382
2924579
2924839
2924861
2925056
2925068
2925484
2925841
2926009
2926472
2926478
2926485
2926487
2926718
2926852
2927634
2927799
2927854
2928378
2929057
2929434
2929470
2929758
2929814
2929868
2930280
2930394
2930898
2931024
2931096
2931165
2931366
2932914
2933078
2933111
2933303
2933581
2933927
2934218
2934753
2934757
2935133
2935198
2935550
2935899
2935909
2936173
2936222
2936451
2938104
2938237
2938306
2938498
2938820
2939411
2939650
2940093
2940163
2940698
2941619
2942214
2942360
2942745
2942937
2943137
2943798
2943849
2944022
2944517
2944662
2944675
2945049
2945214
2945443
2945457
2945595
2945911
2946431
2946898
2947024
2947044
2947236
2947346
2947547
2947859
2947932
2948307
2948402
2948975
2948997
2949313
2949513
2949873
2950153
2950425
2950439
2950932
2952246
2952694
2952767
2953001
2953218
2953626
2954232
2954591
2955053
2956056
2956198
2956715
2956783
2957223
2957256
2957843
2957968
2957972
2958284
2958308
2958400
2958424
2958922
2959120
2959398
2959678
2959741
2959921
2960046
2960826
2961291
2961524
2961692
2961835
2962299
2962513
2962829
2962985
2963137
2963277
2963712
2964686
2965299
2965471
2966155
2966837
2967321
2967689
2968153
2968441
2968799
2968888
2968973
2969261
2969538
2969813
2970562
2970939
2971686
2971960
2972154
2973588
2974404
2974604
2974685
2974760
2975308
2975445
2975539
2975548
2975976
2976230
2976496
2976874
2977025
2977083
2977175
2978078
2978260
2978721
2979407
2979658
2979894
2980082
2980409
2980667
2980810
2980824
2980979
2981314
2981512
2982212
2982411
2982682
2982938
2984038
2984439
2984480
2984743
2984910
2985402
2985697
2985824
2986224
2986264
2986504
2987065
2987487
2987697
2987886
2988116
2988173
2988226
2988279
2988936
2988965
2989010
2989640
2989950
2990978
2991302
2991464
2991654
2991938
2992088
2992337
2992836
2993028
2994035
2994524
2994638
2994684
2994812
2995393
2996349
2996884
2996941
2997527
2997738
2997830
2997843
2998466
2998530
2998534
2998765
2999568
