Количество элементов - 5000, алгоритм сортировки - RadixSort, случай - Worst, время работы - 0
4294962296
4294962297
4294962298
4294962299
4294962300
4294962301
4294962302
4294962303
4294962304
4294962305
4294962306
4294962307
4294962308
4294962309
4294962310
4294962311
4294962312
4294962313
4294962314
4294962315
4294962316
4294962317
4294962318
4294962319
4294962320
4294962321
4294962322
4294962323
4294962324
4294962325
4294962326
4294962327
4294962328
4294962329
4294962330
4294962331
4294962332
4294962333
4294962334
4294962335
4294962336
4294962337
4294962338
4294962339
4294962340
4294962341
4294962342
4294962343
4294962344
4294962345
4294962346
4294962347
4294962348
4294962349
4294962350
4294962351
4294962352
4294962353
4294962354
4294962355
4294962356
4294962357
4294962358
4294962359
4294962360
4294962361
4294962362
4294962363
4294962364
4294962365
4294962366
4294962367
4294962368
4294962369
4294962370
4294962371
4294962372
4294962373
4294962374
4294962375
4294962376
4294962377
4294962378
4294962379
4294962380
4294962381
4294962382
4294962383
4294962384
4294962385
4294962386
4294962387
4294962388
4294962389
4294962390
4294962391
4294962392
4294962393
4294962394
4294962395
4294962396
4294962397
4294962398
4294962399
4294962400
4294962401
4294962402
4294962403
4294962404
4294962405
4294962406
4294962407
4294962408
4294962409
4294962410
4294962411
4294962412
4294962413
4294962414
4294962415
4294962416
4294962417
4294962418
4294962419
4294962420
4294962421
4294962422
4294962423
4294962424
4294962425
4294962426
4294962427
4294962428
4294962429
4294962430
4294962431
4294962432
4294962433
4294962434
4294962435
4294962436
4294962437
4294962438
4294962439
4294962440
4294962441
4294962442
4294962443
4294962444
4294962445
4294962446
4294962447
4294962448
4294962449
4294962450
4294962451
4294962452
4294962453
4294962454
4294962455
4294962456
4294962457
4294962458
4294962459
4294962460
4294962461
4294962462
4294962463
4294962464
4294962465
4294962466
4294962467
4294962468
4294962469
4294962470
4294962471
4294962472
4294962473
4294962474
4294962475
4294962476
4294962477
4294962478
4294962479
4294962480
4294962481
4294962482
4294962483
4294962484
4294962485
4294962486
4294962487
4294962488
4294962489
4294962490
4294962491
4294962492
4294962493
4294962494
4294962495
4294962496
4294962497
4294962498
4294962499
4294962500
4294962501
4294962502
4294962503
4294962504
4294962505
4294962506
4294962507
4294962508
4294962509
4294962510
4294962511
4294962512
4294962513
4294962514
4294962515
4294962516
4294962517
4294962518
4294962519
4294962520
4294962521
4294962522
4294962523
4294962524
4294962525
4294962526
4294962527
4294962528
4294962529
4294962530
4294962531
4294962532
4294962533
4294962534
4294962535
4294962536
4294962537
4294962538
4294962539
4294962540
4294962541
4294962542
4294962543
4294962544
4294962545
4294962546
4294962547
4294962548
4294962549
4294962550
4294962551
4294962552
4294962553
4294962554
4294962555
4294962556
4294962557
4294962558
4294962559
4294962560
4294962561
4294962562
4294962563
4294962564
4294962565
4294962566
4294962567
4294962568
4294962569
4294962570
4294962571
4294962572
4294962573
4294962574
4294962575
4294962576
4294962577
4294962578
4294962579
4294962580
4294962581
4294962582
4294962583
4294962584
4294962585
4294962586
4294962587
4294962588
4294962589
4294962590
4294962591
4294962592
4294962593
4294962594
4294962595
4294962596
4294962597
4294962598
4294962599
4294962600
4294962601
4294962602
4294962603
4294962604
4294962605
4294962606
4294962607
4294962608
4294962609
4294962610
4294962611
4294962612
4294962613
4294962614
4294962615
4294962616
4294962617
4294962618
4294962619
4294962620
4294962621
4294962622
4294962623
4294962624
4294962625
4294962626
4294962627
4294962628
4294962629
4294962630
4294962631
4294962632
4294962633
4294962634
4294962635
4294962636
4294962637
4294962638
4294962639
4294962640
4294962641
4294962642
4294962643
4294962644
4294962645
4294962646
4294962647
4294962648
4294962649
4294962650
4294962651
4294962652
4294962653
4294962654
4294962655
4294962656
4294962657
4294962658
4294962659
4294962660
4294962661
4294962662
4294962663
4294962664
4294962665
4294962666
4294962667
4294962668
4294962669
4294962670
4294962671
4294962672
4294962673
4294962674
4294962675
4294962676
4294962677
4294962678
4294962679
4294962680
4294962681
4294962682
4294962683
4294962684
4294962685
4294962686
4294962687
4294962688
4294962689
4294962690
4294962691
4294962692
4294962693
4294962694
4294962695
4294962696
4294962697
4294962698
4294962699
4294962700
4294962701
4294962702
4294962703
4294962704
4294962705
4294962706
4294962707
4294962708
4294962709
4294962710
4294962711
4294962712
4294962713
4294962714
4294962715
4294962716
4294962717
4294962718
4294962719
4294962720
4294962721
4294962722
4294962723
4294962724
4294962725
4294962726
4294962727
4294962728
4294962729
4294962730
4294962731
4294962732
4294962733
4294962734
4294962735
4294962736
4294962737
4294962738
4294962739
4294962740
4294962741
4294962742
4294962743
4294962744
4294962745
4294962746
4294962747
4294962748
4294962749
4294962750
4294962751
4294962752
4294962753
4294962754
4294962755
4294962756
4294962757
4294962758
4294962759
4294962760
4294962761
4294962762
4294962763
4294962764
4294962765
4294962766
4294962767
4294962768
4294962769
4294962770
4294962771
4294962772
4294962773
4294962774
4294962775
4294962776
4294962777
4294962778
4294962779
4294962780
4294962781
4294962782
4294962783
4294962784
4294962785
4294962786
4294962787
4294962788
4294962789
4294962790
4294962791
4294962792
4294962793
4294962794
4294962795
4294962796
4294962797
4294962798
4294962799
4294962800
4294962801
4294962802
4294962803
4294962804
4294962805
4294962806
4294962807
4294962808
4294962809
4294962810
4294962811
4294962812
4294962813
4294962814
4294962815
4294962816
4294962817
4294962818
4294962819
4294962820
4294962821
4294962822
4294962823
4294962824
4294962825
4294962826
4294962827
4294962828
4294962829
4294962830
4294962831
4294962832
4294962833
4294962834
4294962835
4294962836
4294962837
4294962838
4294962839
4294962840
4294962841
4294962842
4294962843
4294962844
4294962845
4294962846
4294962847
4294962848
4294962849
4294962850
4294962851
4294962852
4294962853
4294962854
4294962855
4294962856
4294962857
4294962858
4294962859
4294962860
4294962861
4294962862
4294962863
4294962864
4294962865
4294962866
4294962867
4294962868
4294962869
4294962870
4294962871
4294962872
4294962873
4294962874
4294962875
4294962876
4294962877
4294962878
4294962879
4294962880
4294962881
4294962882
4294962883
4294962884
4294962885
4294962886
4294962887
4294962888
4294962889
4294962890
4294962891
4294962892
4294962893
4294962894
4294962895
4294962896
4294962897
4294962898
4294962899
4294962900
4294962901
4294962902
4294962903
4294962904
4294962905
4294962906
4294962907
4294962908
4294962909
4294962910
4294962911
4294962912
4294962913
4294962914
4294962915
4294962916
4294962917
4294962918
4294962919
4294962920
4294962921
4294962922
4294962923
4294962924
4294962925
4294962926
4294962927
4294962928
4294962929
4294962930
4294962931
4294962932
4294962933
4294962934
4294962935
4294962936
4294962937
4294962938
4294962939
4294962940
4294962941
4294962942
4294962943
4294962944
4294962945
4294962946
4294962947
4294962948
4294962949
4294962950
4294962951
4294962952
4294962953
4294962954
4294962955
4294962956
4294962957
4294962958
4294962959
4294962960
4294962961
4294962962
4294962963
4294962964
4294962965
4294962966
4294962967
4294962968
4294962969
4294962970
4294962971
4294962972
4294962973
4294962974
4294962975
4294962976
4294962977
4294962978
4294962979
4294962980
4294962981
4294962982
4294962983
4294962984
4294962985
4294962986
4294962987
4294962988
4294962989
4294962990
4294962991
4294962992
4294962993
4294962994
4294962995
4294962996
4294962997
4294962998
4294962999
4294963000
4294963001
4294963002
4294963003
4294963004
4294963005
4294963006
4294963007
4294963008
4294963009
4294963010
4294963011
4294963012
4294963013
4294963014
4294963015
4294963016
4294963017
4294963018
4294963019
4294963020
4294963021
4294963022
4294963023
4294963024
4294963025
4294963026
4294963027
4294963028
4294963029
4294963030
4294963031
4294963032
4294963033
4294963034
4294963035
4294963036
4294963037
4294963038
4294963039
4294963040
4294963041
4294963042
4294963043
4294963044
4294963045
4294963046
4294963047
4294963048
4294963049
4294963050
4294963051
4294963052
4294963053
4294963054
4294963055
4294963056
4294963057
4294963058
4294963059
4294963060
4294963061
4294963062
4294963063
4294963064
4294963065
4294963066
4294963067
4294963068
4294963069
4294963070
4294963071
4294963072
4294963073
4294963074
4294963075
4294963076
4294963077
4294963078
4294963079
4294963080
4294963081
4294963082
4294963083
4294963084
4294963085
4294963086
4294963087
4294963088
4294963089
4294963090
4294963091
4294963092
4294963093
4294963094
4294963095
4294963096
4294963097
4294963098
4294963099
4294963100
4294963101
4294963102
4294963103
4294963104
4294963105
4294963106
4294963107
4294963108
4294963109
4294963110
4294963111
4294963112
4294963113
4294963114
4294963115
4294963116
4294963117
4294963118
4294963119
4294963120
4294963121
4294963122
4294963123
4294963124
4294963125
4294963126
4294963127
4294963128
4294963129
4294963130
4294963131
4294963132
4294963133
4294963134
4294963135
4294963136
4294963137
4294963138
4294963139
4294963140
4294963141
4294963142
4294963143
4294963144
4294963145
4294963146
4294963147
4294963148
4294963149
4294963150
4294963151
4294963152
4294963153
4294963154
4294963155
4294963156
4294963157
4294963158
4294963159
4294963160
4294963161
4294963162
4294963163
4294963164
4294963165
4294963166
4294963167
4294963168
4294963169
4294963170
4294963171
4294963172
4294963173
4294963174
4294963175
4294963176
4294963177
4294963178
4294963179
4294963180
4294963181
4294963182
4294963183
4294963184
4294963185
4294963186
4294963187
4294963188
4294963189
4294963190
4294963191
4294963192
4294963193
4294963194
4294963195
4294963196
4294963197
4294963198
4294963199
4294963200
4294963201
4294963202
4294963203
4294963204
4294963205
4294963206
4294963207
4294963208
4294963209
4294963210
4294963211
4294963212
4294963213
4294963214
4294963215
4294963216
4294963217
4294963218
4294963219
4294963220
4294963221
4294963222
4294963223
4294963224
4294963225
4294963226
4294963227
4294963228
4294963229
4294963230
4294963231
4294963232
4294963233
4294963234
4294963235
4294963236
4294963237
4294963238
4294963239
4294963240
4294963241
4294963242
4294963243
4294963244
4294963245
4294963246
4294963247
4294963248
4294963249
4294963250
4294963251
4294963252
4294963253
4294963254
4294963255
4294963256
4294963257
4294963258
4294963259
4294963260
4294963261
4294963262
4294963263
4294963264
4294963265
4294963266
4294963267
4294963268
4294963269
4294963270
4294963271
4294963272
4294963273
4294963274
4294963275
4294963276
4294963277
4294963278
4294963279
4294963280
4294963281
4294963282
4294963283
4294963284
4294963285
4294963286
4294963287
4294963288
4294963289
4294963290
4294963291
4294963292
4294963293
4294963294
4294963295
4294963296
4294963297
4294963298
4294963299
4294963300
4294963301
4294963302
4294963303
4294963304
4294963305
4294963306
4294963307
4294963308
4294963309
4294963310
4294963311
4294963312
4294963313
4294963314
4294963315
4294963316
4294963317
4294963318
4294963319
4294963320
4294963321
4294963322
4294963323
4294963324
4294963325
4294963326
4294963327
4294963328
4294963329
4294963330
4294963331
4294963332
4294963333
4294963334
4294963335
4294963336
4294963337
4294963338
4294963339
4294963340
4294963341
4294963342
4294963343
4294963344
4294963345
4294963346
4294963347
4294963348
4294963349
4294963350
4294963351
4294963352
4294963353
4294963354
4294963355
4294963356
4294963357
4294963358
4294963359
4294963360
4294963361
4294963362
4294963363
4294963364
4294963365
4294963366
4294963367
4294963368
4294963369
4294963370
4294963371
4294963372
4294963373
4294963374
4294963375
4294963376
4294963377
4294963378
4294963379
4294963380
4294963381
4294963382
4294963383
4294963384
4294963385
4294963386
4294963387
4294963388
4294963389
4294963390
4294963391
4294963392
4294963393
4294963394
4294963395
4294963396
4294963397
4294963398
4294963399
4294963400
4294963401
4294963402
4294963403
4294963404
4294963405
4294963406
4294963407
4294963408
4294963409
4294963410
4294963411
4294963412
4294963413
4294963414
4294963415
4294963416
4294963417
4294963418
4294963419
4294963420
4294963421
4294963422
4294963423
4294963424
4294963425
4294963426
4294963427
4294963428
4294963429
4294963430
4294963431
4294963432
4294963433
4294963434
4294963435
4294963436
4294963437
4294963438
4294963439
4294963440
4294963441
4294963442
4294963443
4294963444
4294963445
4294963446
4294963447
4294963448
4294963449
4294963450
4294963451
4294963452
4294963453
4294963454
4294963455
4294963456
4294963457
4294963458
4294963459
4294963460
4294963461
4294963462
4294963463
4294963464
4294963465
4294963466
4294963467
4294963468
4294963469
4294963470
4294963471
4294963472
4294963473
4294963474
4294963475
4294963476
4294963477
4294963478
4294963479
4294963480
4294963481
4294963482
4294963483
4294963484
4294963485
4294963486
4294963487
4294963488
4294963489
4294963490
4294963491
4294963492
4294963493
4294963494
4294963495
4294963496
4294963497
4294963498
4294963499
4294963500
4294963501
4294963502
4294963503
4294963504
4294963505
4294963506
4294963507
4294963508
4294963509
4294963510
4294963511
4294963512
4294963513
4294963514
4294963515
4294963516
4294963517
4294963518
4294963519
4294963520
4294963521
4294963522
4294963523
4294963524
4294963525
4294963526
4294963527
4294963528
4294963529
4294963530
4294963531
4294963532
4294963533
4294963534
4294963535
4294963536
4294963537
4294963538
4294963539
4294963540
4294963541
4294963542
4294963543
4294963544
4294963545
4294963546
4294963547
4294963548
4294963549
4294963550
4294963551
4294963552
4294963553
4294963554
4294963555
4294963556
4294963557
4294963558
4294963559
4294963560
4294963561
4294963562
4294963563
4294963564
4294963565
4294963566
4294963567
4294963568
4294963569
4294963570
4294963571
4294963572
4294963573
4294963574
4294963575
4294963576
4294963577
4294963578
4294963579
4294963580
4294963581
4294963582
4294963583
4294963584
4294963585
4294963586
4294963587
4294963588
4294963589
4294963590
4294963591
4294963592
4294963593
4294963594
4294963595
4294963596
4294963597
4294963598
4294963599
4294963600
4294963601
4294963602
4294963603
4294963604
4294963605
4294963606
4294963607
4294963608
4294963609
4294963610
4294963611
4294963612
4294963613
4294963614
4294963615
4294963616
4294963617
4294963618
4294963619
4294963620
4294963621
4294963622
4294963623
4294963624
4294963625
4294963626
4294963627
4294963628
4294963629
4294963630
4294963631
4294963632
4294963633
4294963634
4294963635
4294963636
4294963637
4294963638
4294963639
4294963640
4294963641
4294963642
4294963643
4294963644
4294963645
4294963646
4294963647
4294963648
4294963649
4294963650
4294963651
4294963652
4294963653
4294963654
4294963655
4294963656
4294963657
4294963658
4294963659
4294963660
4294963661
4294963662
4294963663
4294963664
4294963665
4294963666
4294963667
4294963668
4294963669
4294963670
4294963671
4294963672
4294963673
4294963674
4294963675
4294963676
4294963677
4294963678
4294963679
4294963680
4294963681
4294963682
4294963683
4294963684
4294963685
4294963686
4294963687
4294963688
4294963689
4294963690
4294963691
4294963692
4294963693
4294963694
4294963695
4294963696
4294963697
4294963698
4294963699
4294963700
4294963701
4294963702
4294963703
4294963704
4294963705
4294963706
4294963707
4294963708
4294963709
4294963710
4294963711
4294963712
4294963713
4294963714
4294963715
4294963716
4294963717
4294963718
4294963719
4294963720
4294963721
4294963722
4294963723
4294963724
4294963725
4294963726
4294963727
4294963728
4294963729
4294963730
4294963731
4294963732
4294963733
4294963734
4294963735
4294963736
4294963737
4294963738
4294963739
4294963740
4294963741
4294963742
4294963743
4294963744
4294963745
4294963746
4294963747
4294963748
4294963749
4294963750
4294963751
4294963752
4294963753
4294963754
4294963755
4294963756
4294963757
4294963758
4294963759
4294963760
4294963761
4294963762
4294963763
4294963764
4294963765
4294963766
4294963767
4294963768
4294963769
4294963770
4294963771
4294963772
4294963773
4294963774
4294963775
4294963776
4294963777
4294963778
4294963779
4294963780
4294963781
4294963782
4294963783
4294963784
4294963785
4294963786
4294963787
4294963788
4294963789
4294963790
4294963791
4294963792
4294963793
4294963794
4294963795
4294963796
4294963797
4294963798
4294963799
4294963800
4294963801
4294963802
4294963803
4294963804
4294963805
4294963806
4294963807
4294963808
4294963809
4294963810
4294963811
4294963812
4294963813
4294963814
4294963815
4294963816
4294963817
4294963818
4294963819
4294963820
4294963821
4294963822
4294963823
4294963824
4294963825
4294963826
4294963827
4294963828
4294963829
4294963830
4294963831
4294963832
4294963833
4294963834
4294963835
4294963836
4294963837
4294963838
4294963839
4294963840
4294963841
4294963842
4294963843
4294963844
4294963845
4294963846
4294963847
4294963848
4294963849
4294963850
4294963851
4294963852
4294963853
4294963854
4294963855
4294963856
4294963857
4294963858
4294963859
4294963860
4294963861
4294963862
4294963863
4294963864
4294963865
4294963866
4294963867
4294963868
4294963869
4294963870
4294963871
4294963872
4294963873
4294963874
4294963875
4294963876
4294963877
4294963878
4294963879
4294963880
4294963881
4294963882
4294963883
4294963884
4294963885
4294963886
4294963887
4294963888
4294963889
4294963890
4294963891
4294963892
4294963893
4294963894
4294963895
4294963896
4294963897
4294963898
4294963899
4294963900
4294963901
4294963902
4294963903
4294963904
4294963905
4294963906
4294963907
4294963908
4294963909
4294963910
4294963911
4294963912
4294963913
4294963914
4294963915
4294963916
4294963917
4294963918
4294963919
4294963920
4294963921
4294963922
4294963923
4294963924
4294963925
4294963926
4294963927
4294963928
4294963929
4294963930
4294963931
4294963932
4294963933
4294963934
4294963935
4294963936
4294963937
4294963938
4294963939
4294963940
4294963941
4294963942
4294963943
4294963944
4294963945
4294963946
4294963947
4294963948
4294963949
4294963950
4294963951
4294963952
4294963953
4294963954
4294963955
4294963956
4294963957
4294963958
4294963959
4294963960
4294963961
4294963962
4294963963
4294963964
4294963965
4294963966
4294963967
4294963968
4294963969
4294963970
4294963971
4294963972
4294963973
4294963974
4294963975
4294963976
4294963977
4294963978
4294963979
4294963980
4294963981
4294963982
4294963983
4294963984
4294963985
4294963986
4294963987
4294963988
4294963989
4294963990
4294963991
4294963992
4294963993
4294963994
4294963995
4294963996
4294963997
4294963998
4294963999
4294964000
4294964001
4294964002
4294964003
4294964004
4294964005
4294964006
4294964007
4294964008
4294964009
4294964010
4294964011
4294964012
4294964013
4294964014
4294964015
4294964016
4294964017
4294964018
4294964019
4294964020
4294964021
4294964022
4294964023
4294964024
4294964025
4294964026
4294964027
4294964028
4294964029
4294964030
4294964031
4294964032
4294964033
4294964034
4294964035
4294964036
4294964037
4294964038
4294964039
4294964040
4294964041
4294964042
4294964043
4294964044
4294964045
4294964046
4294964047
4294964048
4294964049
4294964050
4294964051
4294964052
4294964053
4294964054
4294964055
4294964056
4294964057
4294964058
4294964059
4294964060
4294964061
4294964062
4294964063
4294964064
4294964065
4294964066
4294964067
4294964068
4294964069
4294964070
4294964071
4294964072
4294964073
4294964074
4294964075
4294964076
4294964077
4294964078
4294964079
4294964080
4294964081
4294964082
4294964083
4294964084
4294964085
4294964086
4294964087
4294964088
4294964089
4294964090
4294964091
4294964092
4294964093
4294964094
4294964095
4294964096
4294964097
4294964098
4294964099
4294964100
4294964101
4294964102
4294964103
4294964104
4294964105
4294964106
4294964107
4294964108
4294964109
4294964110
4294964111
4294964112
4294964113
4294964114
4294964115
4294964116
4294964117
4294964118
4294964119
4294964120
4294964121
4294964122
4294964123
4294964124
4294964125
4294964126
4294964127
4294964128
4294964129
4294964130
4294964131
4294964132
4294964133
4294964134
4294964135
4294964136
4294964137
4294964138
4294964139
4294964140
4294964141
4294964142
4294964143
4294964144
4294964145
4294964146
4294964147
4294964148
4294964149
4294964150
4294964151
4294964152
4294964153
4294964154
4294964155
4294964156
4294964157
4294964158
4294964159
4294964160
4294964161
4294964162
4294964163
4294964164
4294964165
4294964166
4294964167
4294964168
4294964169
4294964170
4294964171
4294964172
4294964173
4294964174
4294964175
4294964176
4294964177
4294964178
4294964179
4294964180
4294964181
4294964182
4294964183
4294964184
4294964185
4294964186
4294964187
4294964188
4294964189
4294964190
4294964191
4294964192
4294964193
4294964194
4294964195
4294964196
4294964197
4294964198
4294964199
4294964200
4294964201
4294964202
4294964203
4294964204
4294964205
4294964206
4294964207
4294964208
4294964209
4294964210
4294964211
4294964212
4294964213
4294964214
4294964215
4294964216
4294964217
4294964218
4294964219
4294964220
4294964221
4294964222
4294964223
4294964224
4294964225
4294964226
4294964227
4294964228
4294964229
4294964230
4294964231
4294964232
4294964233
4294964234
4294964235
4294964236
4294964237
4294964238
4294964239
4294964240
4294964241
4294964242
4294964243
4294964244
4294964245
4294964246
4294964247
4294964248
4294964249
4294964250
4294964251
4294964252
4294964253
4294964254
4294964255
4294964256
4294964257
4294964258
4294964259
4294964260
4294964261
4294964262
4294964263
4294964264
4294964265
4294964266
4294964267
4294964268
4294964269
4294964270
4294964271
4294964272
4294964273
4294964274
4294964275
4294964276
4294964277
4294964278
4294964279
4294964280
4294964281
4294964282
4294964283
4294964284
4294964285
4294964286
4294964287
4294964288
4294964289
4294964290
4294964291
4294964292
4294964293
4294964294
4294964295
4294964296
4294964297
4294964298
4294964299
4294964300
4294964301
4294964302
4294964303
4294964304
4294964305
4294964306
4294964307
4294964308
4294964309
4294964310
4294964311
4294964312
4294964313
4294964314
4294964315
4294964316
4294964317
4294964318
4294964319
4294964320
4294964321
4294964322
4294964323
4294964324
4294964325
4294964326
4294964327
4294964328
4294964329
4294964330
4294964331
4294964332
4294964333
4294964334
4294964335
4294964336
4294964337
4294964338
4294964339
4294964340
4294964341
4294964342
4294964343
4294964344
4294964345
4294964346
4294964347
4294964348
4294964349
4294964350
4294964351
4294964352
4294964353
4294964354
4294964355
4294964356
4294964357
4294964358
4294964359
4294964360
4294964361
4294964362
4294964363
4294964364
4294964365
4294964366
4294964367
4294964368
4294964369
4294964370
4294964371
4294964372
4294964373
4294964374
4294964375
4294964376
4294964377
4294964378
4294964379
4294964380
4294964381
4294964382
4294964383
4294964384
4294964385
4294964386
4294964387
4294964388
4294964389
4294964390
4294964391
4294964392
4294964393
4294964394
4294964395
4294964396
4294964397
4294964398
4294964399
4294964400
4294964401
4294964402
4294964403
4294964404
4294964405
4294964406
4294964407
4294964408
4294964409
4294964410
4294964411
4294964412
4294964413
4294964414
4294964415
4294964416
4294964417
4294964418
4294964419
4294964420
4294964421
4294964422
4294964423
4294964424
4294964425
4294964426
4294964427
4294964428
4294964429
4294964430
4294964431
4294964432
4294964433
4294964434
4294964435
4294964436
4294964437
4294964438
4294964439
4294964440
4294964441
4294964442
4294964443
4294964444
4294964445
4294964446
4294964447
4294964448
4294964449
4294964450
4294964451
4294964452
4294964453
4294964454
4294964455
4294964456
4294964457
4294964458
4294964459
4294964460
4294964461
4294964462
4294964463
4294964464
4294964465
4294964466
4294964467
4294964468
4294964469
4294964470
4294964471
4294964472
4294964473
4294964474
4294964475
4294964476
4294964477
4294964478
4294964479
4294964480
4294964481
4294964482
4294964483
4294964484
4294964485
4294964486
4294964487
4294964488
4294964489
4294964490
4294964491
4294964492
4294964493
4294964494
4294964495
4294964496
4294964497
4294964498
4294964499
4294964500
4294964501
4294964502
4294964503
4294964504
4294964505
4294964506
4294964507
4294964508
4294964509
4294964510
4294964511
4294964512
4294964513
4294964514
4294964515
4294964516
4294964517
4294964518
4294964519
4294964520
4294964521
4294964522
4294964523
4294964524
4294964525
4294964526
4294964527
4294964528
4294964529
4294964530
4294964531
4294964532
4294964533
4294964534
4294964535
4294964536
4294964537
4294964538
4294964539
4294964540
4294964541
4294964542
4294964543
4294964544
4294964545
4294964546
4294964547
4294964548
4294964549
4294964550
4294964551
4294964552
4294964553
4294964554
4294964555
4294964556
4294964557
4294964558
4294964559
4294964560
4294964561
4294964562
4294964563
4294964564
4294964565
4294964566
4294964567
4294964568
4294964569
4294964570
4294964571
4294964572
4294964573
4294964574
4294964575
4294964576
4294964577
4294964578
4294964579
4294964580
4294964581
4294964582
4294964583
4294964584
4294964585
4294964586
4294964587
4294964588
4294964589
4294964590
4294964591
4294964592
4294964593
4294964594
4294964595
4294964596
4294964597
4294964598
4294964599
4294964600
4294964601
4294964602
4294964603
4294964604
4294964605
4294964606
4294964607
4294964608
4294964609
4294964610
4294964611
4294964612
4294964613
4294964614
4294964615
4294964616
4294964617
4294964618
4294964619
4294964620
4294964621
4294964622
4294964623
4294964624
4294964625
4294964626
4294964627
4294964628
4294964629
4294964630
4294964631
4294964632
4294964633
4294964634
4294964635
4294964636
4294964637
4294964638
4294964639
4294964640
4294964641
4294964642
4294964643
4294964644
4294964645
4294964646
4294964647
4294964648
4294964649
4294964650
4294964651
4294964652
4294964653
4294964654
4294964655
4294964656
4294964657
4294964658
4294964659
4294964660
4294964661
4294964662
4294964663
4294964664
4294964665
4294964666
4294964667
4294964668
4294964669
4294964670
4294964671
4294964672
4294964673
4294964674
4294964675
4294964676
4294964677
4294964678
4294964679
4294964680
4294964681
4294964682
4294964683
4294964684
4294964685
4294964686
4294964687
4294964688
4294964689
4294964690
4294964691
4294964692
4294964693
4294964694
4294964695
4294964696
4294964697
4294964698
4294964699
4294964700
4294964701
4294964702
4294964703
4294964704
4294964705
4294964706
4294964707
4294964708
4294964709
4294964710
4294964711
4294964712
4294964713
4294964714
4294964715
4294964716
4294964717
4294964718
4294964719
4294964720
4294964721
4294964722
4294964723
4294964724
4294964725
4294964726
4294964727
4294964728
4294964729
4294964730
4294964731
4294964732
4294964733
4294964734
4294964735
4294964736
4294964737
4294964738
4294964739
4294964740
4294964741
4294964742
4294964743
4294964744
4294964745
4294964746
4294964747
4294964748
4294964749
4294964750
4294964751
4294964752
4294964753
4294964754
4294964755
4294964756
4294964757
4294964758
4294964759
4294964760
4294964761
4294964762
4294964763
4294964764
4294964765
4294964766
4294964767
4294964768
4294964769
4294964770
4294964771
4294964772
4294964773
4294964774
4294964775
4294964776
4294964777
4294964778
4294964779
4294964780
4294964781
4294964782
4294964783
4294964784
4294964785
4294964786
4294964787
4294964788
4294964789
4294964790
4294964791
4294964792
4294964793
4294964794
4294964795
4294964796
4294964797
4294964798
4294964799
4294964800
4294964801
4294964802
4294964803
4294964804
4294964805
4294964806
4294964807
4294964808
4294964809
4294964810
4294964811
4294964812
4294964813
4294964814
4294964815
4294964816
4294964817
4294964818
4294964819
4294964820
4294964821
4294964822
4294964823
4294964824
4294964825
4294964826
4294964827
4294964828
4294964829
4294964830
4294964831
4294964832
4294964833
4294964834
4294964835
4294964836
4294964837
4294964838
4294964839
4294964840
4294964841
4294964842
4294964843
4294964844
4294964845
4294964846
4294964847
4294964848
4294964849
4294964850
4294964851
4294964852
4294964853
4294964854
4294964855
4294964856
4294964857
4294964858
4294964859
4294964860
4294964861
4294964862
4294964863
4294964864
4294964865
4294964866
4294964867
4294964868
4294964869
4294964870
4294964871
4294964872
4294964873
4294964874
4294964875
4294964876
4294964877
4294964878
4294964879
4294964880
4294964881
4294964882
4294964883
4294964884
4294964885
4294964886
4294964887
4294964888
4294964889
4294964890
4294964891
4294964892
4294964893
4294964894
4294964895
4294964896
4294964897
4294964898
4294964899
4294964900
4294964901
4294964902
4294964903
4294964904
4294964905
4294964906
4294964907
4294964908
4294964909
4294964910
4294964911
4294964912
4294964913
4294964914
4294964915
4294964916
4294964917
4294964918
4294964919
4294964920
4294964921
4294964922
4294964923
4294964924
4294964925
4294964926
4294964927
4294964928
4294964929
4294964930
4294964931
4294964932
4294964933
4294964934
4294964935
4294964936
4294964937
4294964938
4294964939
4294964940
4294964941
4294964942
4294964943
4294964944
4294964945
4294964946
4294964947
4294964948
4294964949
4294964950
4294964951
4294964952
4294964953
4294964954
4294964955
4294964956
4294964957
4294964958
4294964959
4294964960
4294964961
4294964962
4294964963
4294964964
4294964965
4294964966
4294964967
4294964968
4294964969
4294964970
4294964971
4294964972
4294964973
4294964974
4294964975
4294964976
4294964977
4294964978
4294964979
4294964980
4294964981
4294964982
4294964983
4294964984
4294964985
4294964986
4294964987
4294964988
4294964989
4294964990
4294964991
4294964992
4294964993
4294964994
4294964995
4294964996
4294964997
4294964998
4294964999
4294965000
4294965001
4294965002
4294965003
4294965004
4294965005
4294965006
4294965007
4294965008
4294965009
4294965010
4294965011
4294965012
4294965013
4294965014
4294965015
4294965016
4294965017
4294965018
4294965019
4294965020
4294965021
4294965022
4294965023
4294965024
4294965025
4294965026
4294965027
4294965028
4294965029
4294965030
4294965031
4294965032
4294965033
4294965034
4294965035
4294965036
4294965037
4294965038
4294965039
4294965040
4294965041
4294965042
4294965043
4294965044
4294965045
4294965046
4294965047
4294965048
4294965049
4294965050
4294965051
4294965052
4294965053
4294965054
4294965055
4294965056
4294965057
4294965058
4294965059
4294965060
4294965061
4294965062
4294965063
4294965064
4294965065
4294965066
4294965067
4294965068
4294965069
4294965070
4294965071
4294965072
4294965073
4294965074
4294965075
4294965076
4294965077
4294965078
4294965079
4294965080
4294965081
4294965082
4294965083
4294965084
4294965085
4294965086
4294965087
4294965088
4294965089
4294965090
4294965091
4294965092
4294965093
4294965094
4294965095
4294965096
4294965097
4294965098
4294965099
4294965100
4294965101
4294965102
4294965103
4294965104
4294965105
4294965106
4294965107
4294965108
4294965109
4294965110
4294965111
4294965112
4294965113
4294965114
4294965115
4294965116
4294965117
4294965118
4294965119
4294965120
4294965121
4294965122
4294965123
4294965124
4294965125
4294965126
4294965127
4294965128
4294965129
4294965130
4294965131
4294965132
4294965133
4294965134
4294965135
4294965136
4294965137
4294965138
4294965139
4294965140
4294965141
4294965142
4294965143
4294965144
4294965145
4294965146
4294965147
4294965148
4294965149
4294965150
4294965151
4294965152
4294965153
4294965154
4294965155
4294965156
4294965157
4294965158
4294965159
4294965160
4294965161
4294965162
4294965163
4294965164
4294965165
4294965166
4294965167
4294965168
4294965169
4294965170
4294965171
4294965172
4294965173
4294965174
4294965175
4294965176
4294965177
4294965178
4294965179
4294965180
4294965181
4294965182
4294965183
4294965184
4294965185
4294965186
4294965187
4294965188
4294965189
4294965190
4294965191
4294965192
4294965193
4294965194
4294965195
4294965196
4294965197
4294965198
4294965199
4294965200
4294965201
4294965202
4294965203
4294965204
4294965205
4294965206
4294965207
4294965208
4294965209
4294965210
4294965211
4294965212
4294965213
4294965214
4294965215
4294965216
4294965217
4294965218
4294965219
4294965220
4294965221
4294965222
4294965223
4294965224
4294965225
4294965226
4294965227
4294965228
4294965229
4294965230
4294965231
4294965232
4294965233
4294965234
4294965235
4294965236
4294965237
4294965238
4294965239
4294965240
4294965241
4294965242
4294965243
4294965244
4294965245
4294965246
4294965247
4294965248
4294965249
4294965250
4294965251
4294965252
4294965253
4294965254
4294965255
4294965256
4294965257
4294965258
4294965259
4294965260
4294965261
4294965262
4294965263
4294965264
4294965265
4294965266
4294965267
4294965268
4294965269
4294965270
4294965271
4294965272
4294965273
4294965274
4294965275
4294965276
4294965277
4294965278
4294965279
4294965280
4294965281
4294965282
4294965283
4294965284
4294965285
4294965286
4294965287
4294965288
4294965289
4294965290
4294965291
4294965292
4294965293
4294965294
4294965295
4294965296
4294965297
4294965298
4294965299
4294965300
4294965301
4294965302
4294965303
4294965304
4294965305
4294965306
4294965307
4294965308
4294965309
4294965310
4294965311
4294965312
4294965313
4294965314
4294965315
4294965316
4294965317
4294965318
4294965319
4294965320
4294965321
4294965322
4294965323
4294965324
4294965325
4294965326
4294965327
4294965328
4294965329
4294965330
4294965331
4294965332
4294965333
4294965334
4294965335
4294965336
4294965337
4294965338
4294965339
4294965340
4294965341
4294965342
4294965343
4294965344
4294965345
4294965346
4294965347
4294965348
4294965349
4294965350
4294965351
4294965352
4294965353
4294965354
4294965355
4294965356
4294965357
4294965358
4294965359
4294965360
4294965361
4294965362
4294965363
4294965364
4294965365
4294965366
4294965367
4294965368
4294965369
4294965370
4294965371
4294965372
4294965373
4294965374
4294965375
4294965376
4294965377
4294965378
4294965379
4294965380
4294965381
4294965382
4294965383
4294965384
4294965385
4294965386
4294965387
4294965388
4294965389
4294965390
4294965391
4294965392
4294965393
4294965394
4294965395
4294965396
4294965397
4294965398
4294965399
4294965400
4294965401
4294965402
4294965403
4294965404
4294965405
4294965406
4294965407
4294965408
4294965409
4294965410
4294965411
4294965412
4294965413
4294965414
4294965415
4294965416
4294965417
4294965418
4294965419
4294965420
4294965421
4294965422
4294965423
4294965424
4294965425
4294965426
4294965427
4294965428
4294965429
4294965430
4294965431
4294965432
4294965433
4294965434
4294965435
4294965436
4294965437
4294965438
4294965439
4294965440
4294965441
4294965442
4294965443
4294965444
4294965445
4294965446
4294965447
4294965448
4294965449
4294965450
4294965451
4294965452
4294965453
4294965454
4294965455
4294965456
4294965457
4294965458
4294965459
4294965460
4294965461
4294965462
4294965463
4294965464
4294965465
4294965466
4294965467
4294965468
4294965469
4294965470
4294965471
4294965472
4294965473
4294965474
4294965475
4294965476
4294965477
4294965478
4294965479
4294965480
4294965481
4294965482
4294965483
4294965484
4294965485
4294965486
4294965487
4294965488
4294965489
4294965490
4294965491
4294965492
4294965493
4294965494
4294965495
4294965496
4294965497
4294965498
4294965499
4294965500
4294965501
4294965502
4294965503
4294965504
4294965505
4294965506
4294965507
4294965508
4294965509
4294965510
4294965511
4294965512
4294965513
4294965514
4294965515
4294965516
4294965517
4294965518
4294965519
4294965520
4294965521
4294965522
4294965523
4294965524
4294965525
4294965526
4294965527
4294965528
4294965529
4294965530
4294965531
4294965532
4294965533
4294965534
4294965535
4294965536
4294965537
4294965538
4294965539
4294965540
4294965541
4294965542
4294965543
4294965544
4294965545
4294965546
4294965547
4294965548
4294965549
4294965550
4294965551
4294965552
4294965553
4294965554
4294965555
4294965556
4294965557
4294965558
4294965559
4294965560
4294965561
4294965562
4294965563
4294965564
4294965565
4294965566
4294965567
4294965568
4294965569
4294965570
4294965571
4294965572
4294965573
4294965574
4294965575
4294965576
4294965577
4294965578
4294965579
4294965580
4294965581
4294965582
4294965583
4294965584
4294965585
4294965586
4294965587
4294965588
4294965589
4294965590
4294965591
4294965592
4294965593
4294965594
4294965595
4294965596
4294965597
4294965598
4294965599
4294965600
4294965601
4294965602
4294965603
4294965604
4294965605
4294965606
4294965607
4294965608
4294965609
4294965610
4294965611
4294965612
4294965613
4294965614
4294965615
4294965616
4294965617
4294965618
4294965619
4294965620
4294965621
4294965622
4294965623
4294965624
4294965625
4294965626
4294965627
4294965628
4294965629
4294965630
4294965631
4294965632
4294965633
4294965634
4294965635
4294965636
4294965637
4294965638
4294965639
4294965640
4294965641
4294965642
4294965643
4294965644
4294965645
4294965646
4294965647
4294965648
4294965649
4294965650
4294965651
4294965652
4294965653
4294965654
4294965655
4294965656
4294965657
4294965658
4294965659
4294965660
4294965661
4294965662
4294965663
4294965664
4294965665
4294965666
4294965667
4294965668
4294965669
4294965670
4294965671
4294965672
4294965673
4294965674
4294965675
4294965676
4294965677
4294965678
4294965679
4294965680
4294965681
4294965682
4294965683
4294965684
4294965685
4294965686
4294965687
4294965688
4294965689
4294965690
4294965691
4294965692
4294965693
4294965694
4294965695
4294965696
4294965697
4294965698
4294965699
4294965700
4294965701
4294965702
4294965703
4294965704
4294965705
4294965706
4294965707
4294965708
4294965709
4294965710
4294965711
4294965712
4294965713
4294965714
4294965715
4294965716
4294965717
4294965718
4294965719
4294965720
4294965721
4294965722
4294965723
4294965724
4294965725
4294965726
4294965727
4294965728
4294965729
4294965730
4294965731
4294965732
4294965733
4294965734
4294965735
4294965736
4294965737
4294965738
4294965739
4294965740
4294965741
4294965742
4294965743
4294965744
4294965745
4294965746
4294965747
4294965748
4294965749
4294965750
4294965751
4294965752
4294965753
4294965754
4294965755
4294965756
4294965757
4294965758
4294965759
4294965760
4294965761
4294965762
4294965763
4294965764
4294965765
4294965766
4294965767
4294965768
4294965769
4294965770
4294965771
4294965772
4294965773
4294965774
4294965775
4294965776
4294965777
4294965778
4294965779
4294965780
4294965781
4294965782
4294965783
4294965784
4294965785
4294965786
4294965787
4294965788
4294965789
4294965790
4294965791
4294965792
4294965793
4294965794
4294965795
4294965796
4294965797
4294965798
4294965799
4294965800
4294965801
4294965802
4294965803
4294965804
4294965805
4294965806
4294965807
4294965808
4294965809
4294965810
4294965811
4294965812
4294965813
4294965814
4294965815
4294965816
4294965817
4294965818
4294965819
4294965820
4294965821
4294965822
4294965823
4294965824
4294965825
4294965826
4294965827
4294965828
4294965829
4294965830
4294965831
4294965832
4294965833
4294965834
4294965835
4294965836
4294965837
4294965838
4294965839
4294965840
4294965841
4294965842
4294965843
4294965844
4294965845
4294965846
4294965847
4294965848
4294965849
4294965850
4294965851
4294965852
4294965853
4294965854
4294965855
4294965856
4294965857
4294965858
4294965859
4294965860
4294965861
4294965862
4294965863
4294965864
4294965865
4294965866
4294965867
4294965868
4294965869
4294965870
4294965871
4294965872
4294965873
4294965874
4294965875
4294965876
4294965877
4294965878
4294965879
4294965880
4294965881
4294965882
4294965883
4294965884
4294965885
4294965886
4294965887
4294965888
4294965889
4294965890
4294965891
4294965892
4294965893
4294965894
4294965895
4294965896
4294965897
4294965898
4294965899
4294965900
4294965901
4294965902
4294965903
4294965904
4294965905
4294965906
4294965907
4294965908
4294965909
4294965910
4294965911
4294965912
4294965913
4294965914
4294965915
4294965916
4294965917
4294965918
4294965919
4294965920
4294965921
4294965922
4294965923
4294965924
4294965925
4294965926
4294965927
4294965928
4294965929
4294965930
4294965931
4294965932
4294965933
4294965934
4294965935
4294965936
4294965937
4294965938
4294965939
4294965940
4294965941
4294965942
4294965943
4294965944
4294965945
4294965946
4294965947
4294965948
4294965949
4294965950
4294965951
4294965952
4294965953
4294965954
4294965955
4294965956
4294965957
4294965958
4294965959
4294965960
4294965961
4294965962
4294965963
4294965964
4294965965
4294965966
4294965967
4294965968
4294965969
4294965970
4294965971
4294965972
4294965973
4294965974
4294965975
4294965976
4294965977
4294965978
4294965979
4294965980
4294965981
4294965982
4294965983
4294965984
4294965985
4294965986
4294965987
4294965988
4294965989
4294965990
4294965991
4294965992
4294965993
4294965994
4294965995
4294965996
4294965997
4294965998
4294965999
4294966000
4294966001
4294966002
4294966003
4294966004
4294966005
4294966006
4294966007
4294966008
4294966009
4294966010
4294966011
4294966012
4294966013
4294966014
4294966015
4294966016
4294966017
4294966018
4294966019
4294966020
4294966021
4294966022
4294966023
4294966024
4294966025
4294966026
4294966027
4294966028
4294966029
4294966030
4294966031
4294966032
4294966033
4294966034
4294966035
4294966036
4294966037
4294966038
4294966039
4294966040
4294966041
4294966042
4294966043
4294966044
4294966045
4294966046
4294966047
4294966048
4294966049
4294966050
4294966051
4294966052
4294966053
4294966054
4294966055
4294966056
4294966057
4294966058
4294966059
4294966060
4294966061
4294966062
4294966063
4294966064
4294966065
4294966066
4294966067
4294966068
4294966069
4294966070
4294966071
4294966072
4294966073
4294966074
4294966075
4294966076
4294966077
4294966078
4294966079
4294966080
4294966081
4294966082
4294966083
4294966084
4294966085
4294966086
4294966087
4294966088
4294966089
4294966090
4294966091
4294966092
4294966093
4294966094
4294966095
4294966096
4294966097
4294966098
4294966099
4294966100
4294966101
4294966102
4294966103
4294966104
4294966105
4294966106
4294966107
4294966108
4294966109
4294966110
4294966111
4294966112
4294966113
4294966114
4294966115
4294966116
4294966117
4294966118
4294966119
4294966120
4294966121
4294966122
4294966123
4294966124
4294966125
4294966126
4294966127
4294966128
4294966129
4294966130
4294966131
4294966132
4294966133
4294966134
4294966135
4294966136
4294966137
4294966138
4294966139
4294966140
4294966141
4294966142
4294966143
4294966144
4294966145
4294966146
4294966147
4294966148
4294966149
4294966150
4294966151
4294966152
4294966153
4294966154
4294966155
4294966156
4294966157
4294966158
4294966159
4294966160
4294966161
4294966162
4294966163
4294966164
4294966165
4294966166
4294966167
4294966168
4294966169
4294966170
4294966171
4294966172
4294966173
4294966174
4294966175
4294966176
4294966177
4294966178
4294966179
4294966180
4294966181
4294966182
4294966183
4294966184
4294966185
4294966186
4294966187
4294966188
4294966189
4294966190
4294966191
4294966192
4294966193
4294966194
4294966195
4294966196
4294966197
4294966198
4294966199
4294966200
4294966201
4294966202
4294966203
4294966204
4294966205
4294966206
4294966207
4294966208
4294966209
4294966210
4294966211
4294966212
4294966213
4294966214
4294966215
4294966216
4294966217
4294966218
4294966219
4294966220
4294966221
4294966222
4294966223
4294966224
4294966225
4294966226
4294966227
4294966228
4294966229
4294966230
4294966231
4294966232
4294966233
4294966234
4294966235
4294966236
4294966237
4294966238
4294966239
4294966240
4294966241
4294966242
4294966243
4294966244
4294966245
4294966246
4294966247
4294966248
4294966249
4294966250
4294966251
4294966252
4294966253
4294966254
4294966255
4294966256
4294966257
4294966258
4294966259
4294966260
4294966261
4294966262
4294966263
4294966264
4294966265
4294966266
4294966267
4294966268
4294966269
4294966270
4294966271
4294966272
4294966273
4294966274
4294966275
4294966276
4294966277
4294966278
4294966279
4294966280
4294966281
4294966282
4294966283
4294966284
4294966285
4294966286
4294966287
4294966288
4294966289
4294966290
4294966291
4294966292
4294966293
4294966294
4294966295
4294966296
4294966297
4294966298
4294966299
4294966300
4294966301
4294966302
4294966303
4294966304
4294966305
4294966306
4294966307
4294966308
4294966309
4294966310
4294966311
4294966312
4294966313
4294966314
4294966315
4294966316
4294966317
4294966318
4294966319
4294966320
4294966321
4294966322
4294966323
4294966324
4294966325
4294966326
4294966327
4294966328
4294966329
4294966330
4294966331
4294966332
4294966333
4294966334
4294966335
4294966336
4294966337
4294966338
4294966339
4294966340
4294966341
4294966342
4294966343
4294966344
4294966345
4294966346
4294966347
4294966348
4294966349
4294966350
4294966351
4294966352
4294966353
4294966354
4294966355
4294966356
4294966357
4294966358
4294966359
4294966360
4294966361
4294966362
4294966363
4294966364
4294966365
4294966366
4294966367
4294966368
4294966369
4294966370
4294966371
4294966372
4294966373
4294966374
4294966375
4294966376
4294966377
4294966378
4294966379
4294966380
4294966381
4294966382
4294966383
4294966384
4294966385
4294966386
4294966387
4294966388
4294966389
4294966390
4294966391
4294966392
4294966393
4294966394
4294966395
4294966396
4294966397
4294966398
4294966399
4294966400
4294966401
4294966402
4294966403
4294966404
4294966405
4294966406
4294966407
4294966408
4294966409
4294966410
4294966411
4294966412
4294966413
4294966414
4294966415
4294966416
4294966417
4294966418
4294966419
4294966420
4294966421
4294966422
4294966423
4294966424
4294966425
4294966426
4294966427
4294966428
4294966429
4294966430
4294966431
4294966432
4294966433
4294966434
4294966435
4294966436
4294966437
4294966438
4294966439
4294966440
4294966441
4294966442
4294966443
4294966444
4294966445
4294966446
4294966447
4294966448
4294966449
4294966450
4294966451
4294966452
4294966453
4294966454
4294966455
4294966456
4294966457
4294966458
4294966459
4294966460
4294966461
4294966462
4294966463
4294966464
4294966465
4294966466
4294966467
4294966468
4294966469
4294966470
4294966471
4294966472
4294966473
4294966474
4294966475
4294966476
4294966477
4294966478
4294966479
4294966480
4294966481
4294966482
4294966483
4294966484
4294966485
4294966486
4294966487
4294966488
4294966489
4294966490
4294966491
4294966492
4294966493
4294966494
4294966495
4294966496
4294966497
4294966498
4294966499
4294966500
4294966501
4294966502
4294966503
4294966504
4294966505
4294966506
4294966507
4294966508
4294966509
4294966510
4294966511
4294966512
4294966513
4294966514
4294966515
4294966516
4294966517
4294966518
4294966519
4294966520
4294966521
4294966522
4294966523
4294966524
4294966525
4294966526
4294966527
4294966528
4294966529
4294966530
4294966531
4294966532
4294966533
4294966534
4294966535
4294966536
4294966537
4294966538
4294966539
4294966540
4294966541
4294966542
4294966543
4294966544
4294966545
4294966546
4294966547
4294966548
4294966549
4294966550
4294966551
4294966552
4294966553
4294966554
4294966555
4294966556
4294966557
4294966558
4294966559
4294966560
4294966561
4294966562
4294966563
4294966564
4294966565
4294966566
4294966567
4294966568
4294966569
4294966570
4294966571
4294966572
4294966573
4294966574
4294966575
4294966576
4294966577
4294966578
4294966579
4294966580
4294966581
4294966582
4294966583
4294966584
4294966585
4294966586
4294966587
4294966588
4294966589
4294966590
4294966591
4294966592
4294966593
4294966594
4294966595
4294966596
4294966597
4294966598
4294966599
4294966600
4294966601
4294966602
4294966603
4294966604
4294966605
4294966606
4294966607
4294966608
4294966609
4294966610
4294966611
4294966612
4294966613
4294966614
4294966615
4294966616
4294966617
4294966618
4294966619
4294966620
4294966621
4294966622
4294966623
4294966624
4294966625
4294966626
4294966627
4294966628
4294966629
4294966630
4294966631
4294966632
4294966633
4294966634
4294966635
4294966636
4294966637
4294966638
4294966639
4294966640
4294966641
4294966642
4294966643
4294966644
4294966645
4294966646
4294966647
4294966648
4294966649
4294966650
4294966651
4294966652
4294966653
4294966654
4294966655
4294966656
4294966657
4294966658
4294966659
4294966660
4294966661
4294966662
4294966663
4294966664
4294966665
4294966666
4294966667
4294966668
4294966669
4294966670
4294966671
4294966672
4294966673
4294966674
4294966675
4294966676
4294966677
4294966678
4294966679
4294966680
4294966681
4294966682
4294966683
4294966684
4294966685
4294966686
4294966687
4294966688
4294966689
4294966690
4294966691
4294966692
4294966693
4294966694
4294966695
4294966696
4294966697
4294966698
4294966699
4294966700
4294966701
4294966702
4294966703
4294966704
4294966705
4294966706
4294966707
4294966708
4294966709
4294966710
4294966711
4294966712
4294966713
4294966714
4294966715
4294966716
4294966717
4294966718
4294966719
4294966720
4294966721
4294966722
4294966723
4294966724
4294966725
4294966726
4294966727
4294966728
4294966729
4294966730
4294966731
4294966732
4294966733
4294966734
4294966735
4294966736
4294966737
4294966738
4294966739
4294966740
4294966741
4294966742
4294966743
4294966744
4294966745
4294966746
4294966747
4294966748
4294966749
4294966750
4294966751
4294966752
4294966753
4294966754
4294966755
4294966756
4294966757
4294966758
4294966759
4294966760
4294966761
4294966762
4294966763
4294966764
4294966765
4294966766
4294966767
4294966768
4294966769
4294966770
4294966771
4294966772
4294966773
4294966774
4294966775
4294966776
4294966777
4294966778
4294966779
4294966780
4294966781
4294966782
4294966783
4294966784
4294966785
4294966786
4294966787
4294966788
4294966789
4294966790
4294966791
4294966792
4294966793
4294966794
4294966795
4294966796
4294966797
4294966798
4294966799
4294966800
4294966801
4294966802
4294966803
4294966804
4294966805
4294966806
4294966807
4294966808
4294966809
4294966810
4294966811
4294966812
4294966813
4294966814
4294966815
4294966816
4294966817
4294966818
4294966819
4294966820
4294966821
4294966822
4294966823
4294966824
4294966825
4294966826
4294966827
4294966828
4294966829
4294966830
4294966831
4294966832
4294966833
4294966834
4294966835
4294966836
4294966837
4294966838
4294966839
4294966840
4294966841
4294966842
4294966843
4294966844
4294966845
4294966846
4294966847
4294966848
4294966849
4294966850
4294966851
4294966852
4294966853
4294966854
4294966855
4294966856
4294966857
4294966858
4294966859
4294966860
4294966861
4294966862
4294966863
4294966864
4294966865
4294966866
4294966867
4294966868
4294966869
4294966870
4294966871
4294966872
4294966873
4294966874
4294966875
4294966876
4294966877
4294966878
4294966879
4294966880
4294966881
4294966882
4294966883
4294966884
4294966885
4294966886
4294966887
4294966888
4294966889
4294966890
4294966891
4294966892
4294966893
4294966894
4294966895
4294966896
4294966897
4294966898
4294966899
4294966900
4294966901
4294966902
4294966903
4294966904
4294966905
4294966906
4294966907
4294966908
4294966909
4294966910
4294966911
4294966912
4294966913
4294966914
4294966915
4294966916
4294966917
4294966918
4294966919
4294966920
4294966921
4294966922
4294966923
4294966924
4294966925
4294966926
4294966927
4294966928
4294966929
4294966930
4294966931
4294966932
4294966933
4294966934
4294966935
4294966936
4294966937
4294966938
4294966939
4294966940
4294966941
4294966942
4294966943
4294966944
4294966945
4294966946
4294966947
4294966948
4294966949
4294966950
4294966951
4294966952
4294966953
4294966954
4294966955
4294966956
4294966957
4294966958
4294966959
4294966960
4294966961
4294966962
4294966963
4294966964
4294966965
4294966966
4294966967
4294966968
4294966969
4294966970
4294966971
4294966972
4294966973
4294966974
4294966975
4294966976
4294966977
4294966978
4294966979
4294966980
4294966981
4294966982
4294966983
4294966984
4294966985
4294966986
4294966987
4294966988
4294966989
4294966990
4294966991
4294966992
4294966993
4294966994
4294966995
4294966996
4294966997
4294966998
4294966999
4294967000
4294967001
4294967002
4294967003
4294967004
4294967005
4294967006
4294967007
4294967008
4294967009
4294967010
4294967011
4294967012
4294967013
4294967014
4294967015
4294967016
4294967017
4294967018
4294967019
4294967020
4294967021
4294967022
4294967023
4294967024
4294967025
4294967026
4294967027
4294967028
4294967029
4294967030
4294967031
4294967032
4294967033
4294967034
4294967035
4294967036
4294967037
4294967038
4294967039
4294967040
4294967041
4294967042
4294967043
4294967044
4294967045
4294967046
4294967047
4294967048
4294967049
4294967050
4294967051
4294967052
4294967053
4294967054
4294967055
4294967056
4294967057
4294967058
4294967059
4294967060
4294967061
4294967062
4294967063
4294967064
4294967065
4294967066
4294967067
4294967068
4294967069
4294967070
4294967071
4294967072
4294967073
4294967074
4294967075
4294967076
4294967077
4294967078
4294967079
4294967080
4294967081
4294967082
4294967083
4294967084
4294967085
4294967086
4294967087
4294967088
4294967089
4294967090
4294967091
4294967092
4294967093
4294967094
4294967095
4294967096
4294967097
4294967098
4294967099
4294967100
4294967101
4294967102
4294967103
4294967104
4294967105
4294967106
4294967107
4294967108
4294967109
4294967110
4294967111
4294967112
4294967113
4294967114
4294967115
4294967116
4294967117
4294967118
4294967119
4294967120
4294967121
4294967122
4294967123
4294967124
4294967125
4294967126
4294967127
4294967128
4294967129
4294967130
4294967131
4294967132
4294967133
4294967134
4294967135
4294967136
4294967137
4294967138
4294967139
4294967140
4294967141
4294967142
4294967143
4294967144
4294967145
4294967146
4294967147
4294967148
4294967149
4294967150
4294967151
4294967152
4294967153
4294967154
4294967155
4294967156
4294967157
4294967158
4294967159
4294967160
4294967161
4294967162
4294967163
4294967164
4294967165
4294967166
4294967167
4294967168
4294967169
4294967170
4294967171
4294967172
4294967173
4294967174
4294967175
4294967176
4294967177
4294967178
4294967179
4294967180
4294967181
4294967182
4294967183
4294967184
4294967185
4294967186
4294967187
4294967188
4294967189
4294967190
4294967191
4294967192
4294967193
4294967194
4294967195
4294967196
4294967197
4294967198
4294967199
4294967200
4294967201
4294967202
4294967203
4294967204
4294967205
4294967206
4294967207
4294967208
4294967209
4294967210
4294967211
4294967212
4294967213
4294967214
4294967215
4294967216
4294967217
4294967218
4294967219
4294967220
4294967221
4294967222
4294967223
4294967224
4294967225
4294967226
4294967227
4294967228
4294967229
4294967230
4294967231
4294967232
4294967233
4294967234
4294967235
4294967236
4294967237
4294967238
4294967239
4294967240
4294967241
4294967242
4294967243
4294967244
4294967245
4294967246
4294967247
4294967248
4294967249
4294967250
4294967251
4294967252
4294967253
4294967254
4294967255
4294967256
4294967257
4294967258
4294967259
4294967260
4294967261
4294967262
4294967263
4294967264
4294967265
4294967266
4294967267
4294967268
4294967269
4294967270
4294967271
4294967272
4294967273
4294967274
4294967275
4294967276
4294967277
4294967278
4294967279
4294967280
4294967281
4294967282
4294967283
4294967284
4294967285
4294967286
4294967287
4294967288
4294967289
4294967290
4294967291
4294967292
4294967293
4294967294
4294967295
