Количество элементов - 100, алгоритм сортировки - RadixSort, случай - Ordinary, время работы - 0
52502
80654
85702
112662
120347
145410
230193
236800
281669
287448
328778
340409
364946
392070
417601
470447
491352
493200
506562
521964
548382
585229
665131
715584
717052
728652
760994
769476
788948
849607
892091
895325
902459
953008
953852
954437
955734
996503
1033662
1040140
1055439
1089772
1097394
1140350
1200850
1230224
1258289
1260697
1291124
1386417
1394454
1398781
1413120
1421626
1426181
1440726
1465227
1469829
1488366
1489465
1498379
1552910
1645223
1669489
1670920
1694236
1829222
1845099
1952062
1970491
1994278
2071828
2074875
2084935
2126769
2198481
2266350
2276940
2290092
2337974
2384379
2404080
2438185
2500445
2509969
2513740
2514614
2558631
2559301
2570321
2648597
2684273
2693160
2704251
2796095
2825214
2914066
2923578
2931341
2965894
