Количество элементов - 100, алгоритм сортировки - RadixSort, случай - Worst, время работы - 0
4294967196
4294967197
4294967198
4294967199
4294967200
4294967201
4294967202
4294967203
4294967204
4294967205
4294967206
4294967207
4294967208
4294967209
4294967210
4294967211
4294967212
4294967213
4294967214
4294967215
4294967216
4294967217
4294967218
4294967219
4294967220
4294967221
4294967222
4294967223
4294967224
4294967225
4294967226
4294967227
4294967228
4294967229
4294967230
4294967231
4294967232
4294967233
4294967234
4294967235
4294967236
4294967237
4294967238
4294967239
4294967240
4294967241
4294967242
4294967243
4294967244
4294967245
4294967246
4294967247
4294967248
4294967249
4294967250
4294967251
4294967252
4294967253
4294967254
4294967255
4294967256
4294967257
4294967258
4294967259
4294967260
4294967261
4294967262
4294967263
4294967264
4294967265
4294967266
4294967267
4294967268
4294967269
4294967270
4294967271
4294967272
4294967273
4294967274
4294967275
4294967276
4294967277
4294967278
4294967279
4294967280
4294967281
4294967282
4294967283
4294967284
4294967285
4294967286
4294967287
4294967288
4294967289
4294967290
4294967291
4294967292
4294967293
4294967294
4294967295
