Количество элементов - 1000, алгоритм сортировки - RadixSort, случай - Ordinary, время работы - 0
5946
10480
11170
13649
14499
17221
18789
24108
25705
29634
32931
33571
46592
56123
58602
59892
63942
66192
68346
68896
70666
70741
71750
73618
79413
80925
82835
86974
91150
92890
92931
94721
94737
95805
99759
100132
113816
114158
114202
114400
122734
127794
132668
135200
138496
143491
147437
155927
160408
163765
164249
166673
171217
174207
174935
175217
175663
176082
176299
182570
195069
195185
197275
201296
205550
206218
212131
219160
230120
237225
242149
242553
244617
245510
245738
251273
252211
255526
256264
261262
267769
270929
274294
276460
276871
286725
287753
288770
289481
289661
292660
298594
307070
308976
313508
314650
321146
321978
324064
324288
326702
327647
327991
332415
335244
337631
340551
343141
344079
347057
356996
360393
365299
366549
367692
367930
368020
370279
378542
379138
383696
384323
385119
385407
385690
389836
390527
390915
394708
399300
400103
402347
404337
404419
406812
410035
410265
411816
412124
412995
418050
419239
423632
423691
424723
427428
429012
429399
434680
437049
440991
443091
443218
445388
446893
449406
449889
453029
459852
461540
463594
466189
466812
475218
481151
482604
483427
483702
486543
498496
499609
499701
506171
506205
510534
510940
512183
512421
515562
518382
519742
522038
528049
535751
537971
543048
544265
546214
555108
556143
556572
560189
562861
563559
564038
564745
569904
573418
576510
578775
579022
581714
582907
585580
587253
594404
595231
597941
601501
615902
618976
621764
626110
632984
633485
638056
638093
640914
641848
651334
651828
652714
656367
660784
663301
664849
672993
675031
676495
681670
683109
686418
692575
693636
711152
719158
721772
722269
724684
730784
731069
731807
733915
738363
739906
741049
741540
746755
747561
752862
755321
756404
760397
762359
765030
766350
767253
767403
769134
770865
771458
778534
779491
781376
782800
785382
788145
791585
798692
804493
807174
811662
813904
814876
819156
819548
824578
825232
828130
829662
837965
840462
841128
841506
845920
861220
863054
863366
864562
864835
871187
873161
875795
876560
878543
882205
882951
883499
884675
886658
890622
891570
895019
902508
906934
909004
909253
909518
911967
912983
918538
918831
926632
926807
934488
938085
940857
941419
945222
954848
957521
957888
958815
964337
965041
969268
971167
971660
977689
983278
983982
985785
994307
999465
1000346
1001727
1004781
1005146
1008559
1009878
1011087
1011601
1011784
1012500
1019021
1023433
1025195
1026706
1027238
1029807
1032443
1039774
1040680
1045216
1049145
1049665
1057771
1057857
1058636
1060009
1062315
1065059
1078642
1082436
1090228
1093607
1095421
1102558
1103393
1106201
1108583
1114167
1120736
1125493
1126706
1133854
1141901
1143766
1146378
1146538
1147739
1148394
1153352
1159369
1165314
1166889
1167539
1170871
1177964
1178253
1180699
1183188
1184457
1187074
1191304
1192346
1195730
1196583
1197344
1198091
1205891
1208717
1211578
1221193
1224307
1225157
1226129
1227194
1228599
1232503
1239207
1239370
1245346
1251929
1255199
1255763
1259111
1260307
1261970
1266295
1268999
1269789
1273608
1273944
1275002
1282246
1282950
1285269
1288402
1290852
1292328
1297041
1300772
1301212
1308238
1310172
1310557
1316969
1317807
1322173
1322370
1323829
1323881
1326857
1327948
1328543
1329915
1335137
1338624
1339112
1340148
1343186
1344348
1345133
1352538
1352580
1353182
1361594
1362571
1366870
1374231
1375342
1376520
1379417
1380723
1384235
1386220
1391591
1393695
1399874
1402998
1403583
1406076
1406514
1410410
1410662
1421617
1426451
1435269
1435357
1436917
1437750
1440931
1445852
1448894
1458049
1462634
1463495
1465837
1468878
1473512
1473847
1476284
1478904
1480402
1484449
1488553
1489175
1489180
1492463
1493986
1501261
1504631
1510154
1510343
1516103
1519632
1522165
1523134
1524478
1525346
1530883
1535345
1538472
1538589
1539404
1543411
1543712
1545945
1550225
1559797
1561021
1561689
1563167
1569477
1578617
1580227
1580876
1582687
1583275
1583863
1585423
1586632
1593127
1594204
1599570
1602433
1603150
1610645
1615701
1619830
1620978
1624573
1627869
1628066
1628924
1630478
1633440
1638507
1640712
1641267
1644064
1645398
1649168
1653432
1662381
1662593
1663680
1664645
1666266
1667491
1671122
1675461
1680835
1682331
1683591
1686206
1686834
1688275
1691811
1696691
1697794
1702131
1703346
1707002
1711201
1715861
1720437
1724586
1727487
1728980
1731607
1734623
1735648
1744053
1744491
1745056
1745517
1754151
1761323
1765358
1767042
1770971
1773033
1773209
1773970
1775991
1776355
1779415
1780610
1783151
1790892
1792781
1793012
1796709
1797057
1804100
1810765
1813047
1820273
1821047
1822887
1825143
1835407
1836551
1838466
1838690
1842959
1850816
1851383
1854014
1855647
1855810
1858700
1862272
1863400
1863478
1869649
1871108
1871676
1878373
1880042
1885160
1891646
1894113
1898885
1906543
1909740
1916427
1918315
1918359
1921842
1924282
1926340
1926785
1935690
1944515
1949102
1951364
1952882
1954038
1954845
1957729
1958333
1959513
1960096
1962112
1962759
1965291
1966338
1969875
1973570
1974567
1975410
1980798
1982045
1988927
1997577
2003145
2004879
2006635
2007351
2007539
2009710
2014175
2016384
2017173
2017621
2019109
2023099
2028699
2032148
2033535
2034474
2034609
2038678
2039415
2041307
2041672
2046397
2052755
2054131
2055543
2061087
2061460
2065912
2066474
2066727
2068613
2072122
2082830
2083914
2086408
2089446
2089899
2092959
2095909
2098557
2100240
2105392
2107432
2111013
2115571
2115915
2120213
2127540
2130584
2133486
2140873
2147215
2149304
2149854
2157056
2159645
2160923
2162914
2166822
2172154
2172766
2174034
2179242
2192464
2195000
2195604
2207514
2207998
2210890
2211129
2214492
2217824
2218469
2218969
2219166
2220163
2224489
2224647
2225467
2234756
2237087
2244628
2245843
2246192
2246395
2247751
2250462
2251029
2255371
2259210
2262859
2263150
2265528
2269289
2272657
2273506
2282750
2285931
2292511
2293560
2294414
2295311
2295733
2296078
2296512
2296750
2300198
2300687
2305782
2309513
2310921
2316258
2320099
2321002
2321140
2323912
2325603
2332135
2332143
2338624
2340031
2342784
2343499
2346771
2348915
2355935
2357581
2359723
2360257
2362853
2367400
2367454
2372735
2375661
2379315
2382876
2385620
2392736
2394246
2398906
2401380
2402965
2407430
2412035
2412663
2416422
2426960
2431835
2438495
2440002
2445640
2447975
2454428
2456225
2461559
2461816
2463605
2464065
2465785
2467132
2472614
2475944
2476122
2485880
2489310
2492270
2492304
2492315
2494923
2497030
2499218
2500546
2502151
2506894
2513426
2519702
2522301
2526342
2527472
2528113
2535165
2535820
2544469
2545051
2546820
2549961
2551737
2553111
2555314
2558013
2558145
2558376
2560661
2562487
2566588
2571001
2571242
2574217
2576429
2577211
2579691
2580730
2582104
2582804
2583045
2588085
2593966
2597347
2598566
2600904
2600985
2601677
2602449
2603065
2604634
2604794
2605566
2616220
2617516
2621630
2623177
2623606
2630117
2638121
2639956
2640207
2640279
2641683
2651876
2653240
2653876
2672845
2676689
2677345
2678169
2679825
2680941
2682895
2684946
2685854
2688669
2692891
2693012
2694005
2694244
2695782
2703447
2706293
2711237
2714665
2719896
2723766
2729162
2729189
2729775
2742674
2746360
2749088
2753516
2755469
2761543
2762784
2770508
2771863
2772836
2785395
2785536
2789887
2792422
2794154
2802076
2802376
2802390
2803006
2803215
2804116
2808461
2811058
2812434
2814504
2822850
2829982
2833451
2833772
2841139
2858767
2860428
2866553
2868272
2871031
2874773
2879667
2882639
2883855
2889358
2890774
2890968
2892333
2896286
2901244
2903061
2907096
2909075
2909935
2910127
2911232
2913015
2916675
2918994
2921312
2922983
2923455
2924120
2925190
2925197
2927709
2930107
2936832
2943354
2951313
2959735
2961664
2964587
2969006
2976180
2981852
2984429
2987545
2993957
2995673
2997040
2998591
