Количество элементов - 1000, алгоритм сортировки - RadixSort, случай - Worst, время работы - 0
4294966296
4294966297
4294966298
4294966299
4294966300
4294966301
4294966302
4294966303
4294966304
4294966305
4294966306
4294966307
4294966308
4294966309
4294966310
4294966311
4294966312
4294966313
4294966314
4294966315
4294966316
4294966317
4294966318
4294966319
4294966320
4294966321
4294966322
4294966323
4294966324
4294966325
4294966326
4294966327
4294966328
4294966329
4294966330
4294966331
4294966332
4294966333
4294966334
4294966335
4294966336
4294966337
4294966338
4294966339
4294966340
4294966341
4294966342
4294966343
4294966344
4294966345
4294966346
4294966347
4294966348
4294966349
4294966350
4294966351
4294966352
4294966353
4294966354
4294966355
4294966356
4294966357
4294966358
4294966359
4294966360
4294966361
4294966362
4294966363
4294966364
4294966365
4294966366
4294966367
4294966368
4294966369
4294966370
4294966371
4294966372
4294966373
4294966374
4294966375
4294966376
4294966377
4294966378
4294966379
4294966380
4294966381
4294966382
4294966383
4294966384
4294966385
4294966386
4294966387
4294966388
4294966389
4294966390
4294966391
4294966392
4294966393
4294966394
4294966395
4294966396
4294966397
4294966398
4294966399
4294966400
4294966401
4294966402
4294966403
4294966404
4294966405
4294966406
4294966407
4294966408
4294966409
4294966410
4294966411
4294966412
4294966413
4294966414
4294966415
4294966416
4294966417
4294966418
4294966419
4294966420
4294966421
4294966422
4294966423
4294966424
4294966425
4294966426
4294966427
4294966428
4294966429
4294966430
4294966431
4294966432
4294966433
4294966434
4294966435
4294966436
4294966437
4294966438
4294966439
4294966440
4294966441
4294966442
4294966443
4294966444
4294966445
4294966446
4294966447
4294966448
4294966449
4294966450
4294966451
4294966452
4294966453
4294966454
4294966455
4294966456
4294966457
4294966458
4294966459
4294966460
4294966461
4294966462
4294966463
4294966464
4294966465
4294966466
4294966467
4294966468
4294966469
4294966470
4294966471
4294966472
4294966473
4294966474
4294966475
4294966476
4294966477
4294966478
4294966479
4294966480
4294966481
4294966482
4294966483
4294966484
4294966485
4294966486
4294966487
4294966488
4294966489
4294966490
4294966491
4294966492
4294966493
4294966494
4294966495
4294966496
4294966497
4294966498
4294966499
4294966500
4294966501
4294966502
4294966503
4294966504
4294966505
4294966506
4294966507
4294966508
4294966509
4294966510
4294966511
4294966512
4294966513
4294966514
4294966515
4294966516
4294966517
4294966518
4294966519
4294966520
4294966521
4294966522
4294966523
4294966524
4294966525
4294966526
4294966527
4294966528
4294966529
4294966530
4294966531
4294966532
4294966533
4294966534
4294966535
4294966536
4294966537
4294966538
4294966539
4294966540
4294966541
4294966542
4294966543
4294966544
4294966545
4294966546
4294966547
4294966548
4294966549
4294966550
4294966551
4294966552
4294966553
4294966554
4294966555
4294966556
4294966557
4294966558
4294966559
4294966560
4294966561
4294966562
4294966563
4294966564
4294966565
4294966566
4294966567
4294966568
4294966569
4294966570
4294966571
4294966572
4294966573
4294966574
4294966575
4294966576
4294966577
4294966578
4294966579
4294966580
4294966581
4294966582
4294966583
4294966584
4294966585
4294966586
4294966587
4294966588
4294966589
4294966590
4294966591
4294966592
4294966593
4294966594
4294966595
4294966596
4294966597
4294966598
4294966599
4294966600
4294966601
4294966602
4294966603
4294966604
4294966605
4294966606
4294966607
4294966608
4294966609
4294966610
4294966611
4294966612
4294966613
4294966614
4294966615
4294966616
4294966617
4294966618
4294966619
4294966620
4294966621
4294966622
4294966623
4294966624
4294966625
4294966626
4294966627
4294966628
4294966629
4294966630
4294966631
4294966632
4294966633
4294966634
4294966635
4294966636
4294966637
4294966638
4294966639
4294966640
4294966641
4294966642
4294966643
4294966644
4294966645
4294966646
4294966647
4294966648
4294966649
4294966650
4294966651
4294966652
4294966653
4294966654
4294966655
4294966656
4294966657
4294966658
4294966659
4294966660
4294966661
4294966662
4294966663
4294966664
4294966665
4294966666
4294966667
4294966668
4294966669
4294966670
4294966671
4294966672
4294966673
4294966674
4294966675
4294966676
4294966677
4294966678
4294966679
4294966680
4294966681
4294966682
4294966683
4294966684
4294966685
4294966686
4294966687
4294966688
4294966689
4294966690
4294966691
4294966692
4294966693
4294966694
4294966695
4294966696
4294966697
4294966698
4294966699
4294966700
4294966701
4294966702
4294966703
4294966704
4294966705
4294966706
4294966707
4294966708
4294966709
4294966710
4294966711
4294966712
4294966713
4294966714
4294966715
4294966716
4294966717
4294966718
4294966719
4294966720
4294966721
4294966722
4294966723
4294966724
4294966725
4294966726
4294966727
4294966728
4294966729
4294966730
4294966731
4294966732
4294966733
4294966734
4294966735
4294966736
4294966737
4294966738
4294966739
4294966740
4294966741
4294966742
4294966743
4294966744
4294966745
4294966746
4294966747
4294966748
4294966749
4294966750
4294966751
4294966752
4294966753
4294966754
4294966755
4294966756
4294966757
4294966758
4294966759
4294966760
4294966761
4294966762
4294966763
4294966764
4294966765
4294966766
4294966767
4294966768
4294966769
4294966770
4294966771
4294966772
4294966773
4294966774
4294966775
4294966776
4294966777
4294966778
4294966779
4294966780
4294966781
4294966782
4294966783
4294966784
4294966785
4294966786
4294966787
4294966788
4294966789
4294966790
4294966791
4294966792
4294966793
4294966794
4294966795
4294966796
4294966797
4294966798
4294966799
4294966800
4294966801
4294966802
4294966803
4294966804
4294966805
4294966806
4294966807
4294966808
4294966809
4294966810
4294966811
4294966812
4294966813
4294966814
4294966815
4294966816
4294966817
4294966818
4294966819
4294966820
4294966821
4294966822
4294966823
4294966824
4294966825
4294966826
4294966827
4294966828
4294966829
4294966830
4294966831
4294966832
4294966833
4294966834
4294966835
4294966836
4294966837
4294966838
4294966839
4294966840
4294966841
4294966842
4294966843
4294966844
4294966845
4294966846
4294966847
4294966848
4294966849
4294966850
4294966851
4294966852
4294966853
4294966854
4294966855
4294966856
4294966857
4294966858
4294966859
4294966860
4294966861
4294966862
4294966863
4294966864
4294966865
4294966866
4294966867
4294966868
4294966869
4294966870
4294966871
4294966872
4294966873
4294966874
4294966875
4294966876
4294966877
4294966878
4294966879
4294966880
4294966881
4294966882
4294966883
4294966884
4294966885
4294966886
4294966887
4294966888
4294966889
4294966890
4294966891
4294966892
4294966893
4294966894
4294966895
4294966896
4294966897
4294966898
4294966899
4294966900
4294966901
4294966902
4294966903
4294966904
4294966905
4294966906
4294966907
4294966908
4294966909
4294966910
4294966911
4294966912
4294966913
4294966914
4294966915
4294966916
4294966917
4294966918
4294966919
4294966920
4294966921
4294966922
4294966923
4294966924
4294966925
4294966926
4294966927
4294966928
4294966929
4294966930
4294966931
4294966932
4294966933
4294966934
4294966935
4294966936
4294966937
4294966938
4294966939
4294966940
4294966941
4294966942
4294966943
4294966944
4294966945
4294966946
4294966947
4294966948
4294966949
4294966950
4294966951
4294966952
4294966953
4294966954
4294966955
4294966956
4294966957
4294966958
4294966959
4294966960
4294966961
4294966962
4294966963
4294966964
4294966965
4294966966
4294966967
4294966968
4294966969
4294966970
4294966971
4294966972
4294966973
4294966974
4294966975
4294966976
4294966977
4294966978
4294966979
4294966980
4294966981
4294966982
4294966983
4294966984
4294966985
4294966986
4294966987
4294966988
4294966989
4294966990
4294966991
4294966992
4294966993
4294966994
4294966995
4294966996
4294966997
4294966998
4294966999
4294967000
4294967001
4294967002
4294967003
4294967004
4294967005
4294967006
4294967007
4294967008
4294967009
4294967010
4294967011
4294967012
4294967013
4294967014
4294967015
4294967016
4294967017
4294967018
4294967019
4294967020
4294967021
4294967022
4294967023
4294967024
4294967025
4294967026
4294967027
4294967028
4294967029
4294967030
4294967031
4294967032
4294967033
4294967034
4294967035
4294967036
4294967037
4294967038
4294967039
4294967040
4294967041
4294967042
4294967043
4294967044
4294967045
4294967046
4294967047
4294967048
4294967049
4294967050
4294967051
4294967052
4294967053
4294967054
4294967055
4294967056
4294967057
4294967058
4294967059
4294967060
4294967061
4294967062
4294967063
4294967064
4294967065
4294967066
4294967067
4294967068
4294967069
4294967070
4294967071
4294967072
4294967073
4294967074
4294967075
4294967076
4294967077
4294967078
4294967079
4294967080
4294967081
4294967082
4294967083
4294967084
4294967085
4294967086
4294967087
4294967088
4294967089
4294967090
4294967091
4294967092
4294967093
4294967094
4294967095
4294967096
4294967097
4294967098
4294967099
4294967100
4294967101
4294967102
4294967103
4294967104
4294967105
4294967106
4294967107
4294967108
4294967109
4294967110
4294967111
4294967112
4294967113
4294967114
4294967115
4294967116
4294967117
4294967118
4294967119
4294967120
4294967121
4294967122
4294967123
4294967124
4294967125
4294967126
4294967127
4294967128
4294967129
4294967130
4294967131
4294967132
4294967133
4294967134
4294967135
4294967136
4294967137
4294967138
4294967139
4294967140
4294967141
4294967142
4294967143
4294967144
4294967145
4294967146
4294967147
4294967148
4294967149
4294967150
4294967151
4294967152
4294967153
4294967154
4294967155
4294967156
4294967157
4294967158
4294967159
4294967160
4294967161
4294967162
4294967163
4294967164
4294967165
4294967166
4294967167
4294967168
4294967169
4294967170
4294967171
4294967172
4294967173
4294967174
4294967175
4294967176
4294967177
4294967178
4294967179
4294967180
4294967181
4294967182
4294967183
4294967184
4294967185
4294967186
4294967187
4294967188
4294967189
4294967190
4294967191
4294967192
4294967193
4294967194
4294967195
4294967196
4294967197
4294967198
4294967199
4294967200
4294967201
4294967202
4294967203
4294967204
4294967205
4294967206
4294967207
4294967208
4294967209
4294967210
4294967211
4294967212
4294967213
4294967214
4294967215
4294967216
4294967217
4294967218
4294967219
4294967220
4294967221
4294967222
4294967223
4294967224
4294967225
4294967226
4294967227
4294967228
4294967229
4294967230
4294967231
4294967232
4294967233
4294967234
4294967235
4294967236
4294967237
4294967238
4294967239
4294967240
4294967241
4294967242
4294967243
4294967244
4294967245
4294967246
4294967247
4294967248
4294967249
4294967250
4294967251
4294967252
4294967253
4294967254
4294967255
4294967256
4294967257
4294967258
4294967259
4294967260
4294967261
4294967262
4294967263
4294967264
4294967265
4294967266
4294967267
4294967268
4294967269
4294967270
4294967271
4294967272
4294967273
4294967274
4294967275
4294967276
4294967277
4294967278
4294967279
4294967280
4294967281
4294967282
4294967283
4294967284
4294967285
4294967286
4294967287
4294967288
4294967289
4294967290
4294967291
4294967292
4294967293
4294967294
4294967295
