Количество элементов - 500, алгоритм сортировки - RadixSort, случай - Worst, время работы - 0
4294966796
4294966797
4294966798
4294966799
4294966800
4294966801
4294966802
4294966803
4294966804
4294966805
4294966806
4294966807
4294966808
4294966809
4294966810
4294966811
4294966812
4294966813
4294966814
4294966815
4294966816
4294966817
4294966818
4294966819
4294966820
4294966821
4294966822
4294966823
4294966824
4294966825
4294966826
4294966827
4294966828
4294966829
4294966830
4294966831
4294966832
4294966833
4294966834
4294966835
4294966836
4294966837
4294966838
4294966839
4294966840
4294966841
4294966842
4294966843
4294966844
4294966845
4294966846
4294966847
4294966848
4294966849
4294966850
4294966851
4294966852
4294966853
4294966854
4294966855
4294966856
4294966857
4294966858
4294966859
4294966860
4294966861
4294966862
4294966863
4294966864
4294966865
4294966866
4294966867
4294966868
4294966869
4294966870
4294966871
4294966872
4294966873
4294966874
4294966875
4294966876
4294966877
4294966878
4294966879
4294966880
4294966881
4294966882
4294966883
4294966884
4294966885
4294966886
4294966887
4294966888
4294966889
4294966890
4294966891
4294966892
4294966893
4294966894
4294966895
4294966896
4294966897
4294966898
4294966899
4294966900
4294966901
4294966902
4294966903
4294966904
4294966905
4294966906
4294966907
4294966908
4294966909
4294966910
4294966911
4294966912
4294966913
4294966914
4294966915
4294966916
4294966917
4294966918
4294966919
4294966920
4294966921
4294966922
4294966923
4294966924
4294966925
4294966926
4294966927
4294966928
4294966929
4294966930
4294966931
4294966932
4294966933
4294966934
4294966935
4294966936
4294966937
4294966938
4294966939
4294966940
4294966941
4294966942
4294966943
4294966944
4294966945
4294966946
4294966947
4294966948
4294966949
4294966950
4294966951
4294966952
4294966953
4294966954
4294966955
4294966956
4294966957
4294966958
4294966959
4294966960
4294966961
4294966962
4294966963
4294966964
4294966965
4294966966
4294966967
4294966968
4294966969
4294966970
4294966971
4294966972
4294966973
4294966974
4294966975
4294966976
4294966977
4294966978
4294966979
4294966980
4294966981
4294966982
4294966983
4294966984
4294966985
4294966986
4294966987
4294966988
4294966989
4294966990
4294966991
4294966992
4294966993
4294966994
4294966995
4294966996
4294966997
4294966998
4294966999
4294967000
4294967001
4294967002
4294967003
4294967004
4294967005
4294967006
4294967007
4294967008
4294967009
4294967010
4294967011
4294967012
4294967013
4294967014
4294967015
4294967016
4294967017
4294967018
4294967019
4294967020
4294967021
4294967022
4294967023
4294967024
4294967025
4294967026
4294967027
4294967028
4294967029
4294967030
4294967031
4294967032
4294967033
4294967034
4294967035
4294967036
4294967037
4294967038
4294967039
4294967040
4294967041
4294967042
4294967043
4294967044
4294967045
4294967046
4294967047
4294967048
4294967049
4294967050
4294967051
4294967052
4294967053
4294967054
4294967055
4294967056
4294967057
4294967058
4294967059
4294967060
4294967061
4294967062
4294967063
4294967064
4294967065
4294967066
4294967067
4294967068
4294967069
4294967070
4294967071
4294967072
4294967073
4294967074
4294967075
4294967076
4294967077
4294967078
4294967079
4294967080
4294967081
4294967082
4294967083
4294967084
4294967085
4294967086
4294967087
4294967088
4294967089
4294967090
4294967091
4294967092
4294967093
4294967094
4294967095
4294967096
4294967097
4294967098
4294967099
4294967100
4294967101
4294967102
4294967103
4294967104
4294967105
4294967106
4294967107
4294967108
4294967109
4294967110
4294967111
4294967112
4294967113
4294967114
4294967115
4294967116
4294967117
4294967118
4294967119
4294967120
4294967121
4294967122
4294967123
4294967124
4294967125
4294967126
4294967127
4294967128
4294967129
4294967130
4294967131
4294967132
4294967133
4294967134
4294967135
4294967136
4294967137
4294967138
4294967139
4294967140
4294967141
4294967142
4294967143
4294967144
4294967145
4294967146
4294967147
4294967148
4294967149
4294967150
4294967151
4294967152
4294967153
4294967154
4294967155
4294967156
4294967157
4294967158
4294967159
4294967160
4294967161
4294967162
4294967163
4294967164
4294967165
4294967166
4294967167
4294967168
4294967169
4294967170
4294967171
4294967172
4294967173
4294967174
4294967175
4294967176
4294967177
4294967178
4294967179
4294967180
4294967181
4294967182
4294967183
4294967184
4294967185
4294967186
4294967187
4294967188
4294967189
4294967190
4294967191
4294967192
4294967193
4294967194
4294967195
4294967196
4294967197
4294967198
4294967199
4294967200
4294967201
4294967202
4294967203
4294967204
4294967205
4294967206
4294967207
4294967208
4294967209
4294967210
4294967211
4294967212
4294967213
4294967214
4294967215
4294967216
4294967217
4294967218
4294967219
4294967220
4294967221
4294967222
4294967223
4294967224
4294967225
4294967226
4294967227
4294967228
4294967229
4294967230
4294967231
4294967232
4294967233
4294967234
4294967235
4294967236
4294967237
4294967238
4294967239
4294967240
4294967241
4294967242
4294967243
4294967244
4294967245
4294967246
4294967247
4294967248
4294967249
4294967250
4294967251
4294967252
4294967253
4294967254
4294967255
4294967256
4294967257
4294967258
4294967259
4294967260
4294967261
4294967262
4294967263
4294967264
4294967265
4294967266
4294967267
4294967268
4294967269
4294967270
4294967271
4294967272
4294967273
4294967274
4294967275
4294967276
4294967277
4294967278
4294967279
4294967280
4294967281
4294967282
4294967283
4294967284
4294967285
4294967286
4294967287
4294967288
4294967289
4294967290
4294967291
4294967292
4294967293
4294967294
4294967295
