Количество элементов - 500, алгоритм сортировки - RadixSort, случай - Ordinary, время работы - 0
5590
18822
23139
27159
28692
29250
33559
43245
52502
55654
62391
62810
72484
74437
74553
75122
75485
79591
80654
81211
85702
87109
105721
111327
112662
120347
120630
120844
120974
121547
145410
164069
170583
175631
181798
192862
194740
203222
213260
218229
228762
229843
230193
235825
236800
249069
254435
275706
278396
281669
286549
287448
287472
296891
303949
304960
309546
313707
323783
328778
336261
337469
339203
340409
354890
364946
367924
369096
369793
374581
375384
379280
389823
391707
392070
411315
413339
414740
417601
418451
425035
436394
444924
449790
452515
469181
470447
475420
491352
493200
504670
506562
515391
521964
524683
548382
555211
567481
585229
588139
597767
619447
630810
634759
636746
637646
647855
663404
665131
666538
673253
681820
693773
697536
699889
703028
707796
710603
715584
717052
718701
727282
728652
729323
731156
741137
756258
760994
767971
769476
777315
782905
788948
794696
796880
819767
837279
840594
841634
847042
849607
859197
863618
864094
868466
872074
891702
892091
895325
897844
898681
901602
902459
912764
914426
916243
916244
916390
918640
919274
932978
935328
936931
944823
949301
953008
953852
954437
955197
955734
959188
962061
971876
976853
988069
991636
993638
994346
996503
1009454
1014844
1018735
1023045
1030097
1033662
1033818
1040140
1042886
1043218
1055439
1056359
1058757
1060087
1060791
1060930
1067660
1076658
1089772
1091573
1097394
1103562
1111968
1115030
1120566
1122680
1126130
1126606
1140350
1140661
1145542
1154474
1157446
1158289
1164971
1173709
1179113
1188505
1195459
1200601
1200850
1202017
1225435
1226030
1230224
1246219
1252666
1258289
1260697
1265641
1276134
1283314
1291124
1309792
1309910
1317434
1336272
1349946
1378784
1386205
1386417
1394454
1398781
1406138
1407023
1408712
1413120
1421626
1426181
1428370
1428872
1437055
1440726
1465227
1466901
1469829
1476355
1480502
1484807
1488366
1489465
1491360
1492069
1492272
1498379
1502213
1505185
1527685
1529593
1546458
1546848
1549458
1550364
1552910
1558882
1565490
1570410
1574196
1576521
1581731
1586018
1588927
1590572
1597335
1597514
1599442
1619876
1633319
1645223
1666643
1669489
1670920
1677977
1679586
1682340
1683842
1691118
1694236
1695129
1695437
1704611
1707777
1721059
1722011
1723596
1751683
1752925
1759495
1765671
1778368
1782284
1783146
1786303
1798528
1798718
1807804
1811637
1815086
1824167
1824680
1829222
1831412
1845099
1846109
1847849
1857972
1858111
1858377
1863408
1863983
1875579
1882909
1894405
1896363
1902475
1903467
1907012
1915185
1923032
1927248
1928895
1941860
1946353
1952062
1961453
1961679
1970491
1970557
1986737
1994278
1999387
2010514
2018194
2027187
2039115
2054970
2060193
2062679
2065937
2066925
2071828
2074875
2077091
2078011
2084935
2089529
2099874
2104471
2104598
2121722
2126769
2131143
2132263
2132775
2134767
2172232
2179151
2194233
2195677
2198481
2199890
2202819
2209137
2210735
2213386
2226258
2238969
2245474
2247113
2248554
2258771
2266350
2276940
2277568
2281193
2290092
2291469
2297693
2307149
2311127
2314416
2316949
2320084
2325664
2333861
2337974
2347467
2352227
2357102
2364746
2378667
2384127
2384379
2388107
2389578
2404080
2411616
2414194
2437580
2438185
2443929
2445837
2456684
2468730
2471536
2476586
2478490
2484786
2490752
2500445
2504833
2509969
2513740
2514614
2515107
2533927
2536662
2550816
2554639
2558631
2559301
2570321
2594501
2609314
2627279
2631202
2641839
2647882
2648597
2653913
2656671
2657013
2672424
2684273
2693160
2699584
2704251
2708923
2710451
2712438
2715742
2717992
2718184
2723181
2725601
2759268
2773672
2784387
2796095
2799396
2800723
2805329
2807499
2807581
2819858
2825214
2836192
2838889
2845642
2855050
2887036
2887820
2901699
2906083
2914066
2918465
2923578
2925389
2928243
2931341
2954931
2960516
2965894
2969115
2984747
2986932
2987210
2987926
2991517
2994255
2996375
