Количество элементов - 5000, алгоритм сортировки - RadixSort, случай - Ordinary, время работы - 0
2000
2343
2778
4178
5948
6836
7195
7315
7860
8141
8667
9888
10448
10730
10981
11095
11366
13390
13674
14819
14962
16080
17887
18340
18400
18899
19230
19647
19838
21290
21676
21835
24485
25101
25222
25506
26941
27556
28095
28403
28425
28776
28812
28845
28881
28900
28946
29895
30386
31838
32240
32245
32690
32968
34593
35391
37005
37276
38987
39433
39668
39815
40245
41503
41940
42569
43079
43322
43565
43993
44027
44315
45206
45608
45913
46997
47021
47874
47948
48169
48220
48924
50500
50526
52183
52363
52591
54284
54376
54386
54496
55367
55603
56657
57013
57508
58582
60407
60471
61874
61893
61928
62697
64130
64234
64387
64571
65120
65800
66155
66274
67870
68257
68808
69006
70125
70406
70447
70897
71124
72642
73691
74537
74855
75182
76626
77362
77465
78083
78092
81603
81990
82186
83789
83864
84407
84905
84992
85688
87635
88455
89324
89849
90627
92797
92895
93404
93448
93738
93889
94959
95035
97784
97844
99742
100018
100299
100393
100464
100475
100969
101080
103434
104041
105188
105477
106065
107053
107367
108289
108705
108894
108963
108991
109221
109640
110019
110779
111744
112296
112495
112867
113541
113930
113970
114069
114721
115140
115768
117731
118112
118462
118463
118505
119008
119018
119073
119544
120344
120610
120656
121347
121543
122137
123527
123907
123999
124271
124425
125103
126254
128285
128516
128649
130067
130200
130335
131819
132173
132287
132704
132916
133140
134276
135403
136802
136886
139303
139718
140260
140679
141284
141495
141798
142867
143073
143097
145171
146079
146414
146419
146652
146847
147676
148146
148904
149168
149185
149227
149450
150542
150754
151254
151772
152232
152305
152551
152906
154165
154273
154305
155130
155243
156853
157041
157844
158636
158674
158799
159062
159135
159451
159642
161724
163146
164502
165590
167585
169011
169083
169817
170689
170776
170915
171293
171633
171792
172369
173061
173753
173979
174196
174412
174568
174934
175002
175636
176369
178101
178928
179668
180865
181253
181680
182033
182387
183226
184147
184367
184533
184918
185445
185469
185782
185980
186659
187254
187461
188930
189038
189207
189428
189918
190236
190902
191638
192046
193071
193626
193751
193791
193971
195038
195103
195223
196830
197086
197202
197403
197592
197994
198946
199545
199625
200011
200762
202415
202828
202852
203520
203803
204063
204234
205252
205253
205823
206457
207138
207306
207336
207386
208449
209997
210367
212690
213059
213662
213807
214633
215435
217074
217893
217991
218464
218508
218539
218695
219092
219287
219834
220029
221567
222183
222563
223231
223350
224011
224463
224795
224803
225303
226377
226519
227282
227692
227886
230752
232042
232562
233573
234496
236877
237403
237542
239767
240390
241996
242013
242418
243077
243558
244161
244442
245285
245797
246878
247105
247523
248098
248234
249049
249075
249340
249691
249920
250128
250314
251357
252600
253495
255008
256732
256808
258529
259307
259933
260572
261440
261817
262800
263054
264225
265117
268293
269963
270373
270921
270943
271115
271549
272004
272284
272990
273034
273194
273292
273579
274154
274794
274866
275132
275403
275624
278191
278552
278767
278905
280453
280591
281439
281574
282649
283331
283402
283563
283565
283656
283749
283991
284006
284608
285136
285235
285962
286391
287522
287635
287817
288363
288719
289604
289631
292591
292951
294227
295347
295849
296094
297171
297786
297801
298796
299127
300254
300758
301566
302445
302636
303416
303582
304153
304657
304885
305290
306085
306326
306884
307055
307330
307566
308260
308410
308959
309137
309161
309352
309540
309716
309895
311595
312294
312304
312523
312623
312685
312950
313644
314626
315244
317228
317275
317392
317871
317909
318161
318526
318930
320013
322043
322086
322553
322574
323777
323934
326681
326693
326741
326936
327112
327582
328128
328155
328195
328217
328575
328709
328865
329096
329363
331587
332009
332207
332257
332492
333549
334894
335535
336086
336340
340234
340614
341173
341312
341881
342657
342824
342992
344364
346060
346792
347395
347446
347463
348173
348348
349186
350087
352459
354187
354429
354576
354772
356103
356598
356629
357450
357520
357767
358304
358516
359068
361441
361727
361741
361837
362392
362524
362784
363635
363730
364690
364717
365287
365426
365527
366167
366242
366684
367049
367566
368268
369201
369750
369932
370159
371052
372938
374209
374570
375797
375816
375851
375934
378220
379763
379809
380794
381981
382498
383883
384109
384529
384571
385018
385699
385762
386069
386083
386122
386398
387952
388214
388341
388576
389062
390628
391940
392110
392128
393778
393835
394304
394466
395296
396980
397374
397850
398220
398684
398908
401492
401814
401989
402505
402627
403032
403143
403946
404356
405463
407511
407806
408262
408879
410607
410825
410879
411052
411945
414025
414187
414267
415010
415705
416062
416526
416544
417560
417760
418103
418939
418994
420079
420758
421055
422256
422475
423014
423132
423348
423472
423622
423635
423737
423966
424281
424341
425093
425095
425859
425934
426092
426288
428584
428686
428733
429183
431955
432508
432928
433170
433188
434390
436973
437764
440027
440278
440437
440645
440823
441054
441171
442742
443204
443627
443864
444494
444505
444908
445119
445483
445626
446206
446592
447449
449646
450767
451534
452348
452355
453125
454682
455464
455738
458170
458314
458483
458776
458914
459721
461062
462785
462853
462903
463981
465162
465530
465979
466275
467759
468838
469425
469971
470555
471090
471876
472029
472440
472652
473241
475405
478299
478637
480714
482190
483832
484323
484358
485764
486105
486227
487791
488109
488550
488700
488843
489565
490220
490586
490740
492074
494157
494625
494658
495286
495365
497278
497688
497916
499176
499819
501016
501461
502358
502457
504900
505124
505810
506304
506393
507004
507040
507542
507657
507838
509465
509472
509553
509834
509946
510049
510125
510691
510721
512094
512192
513102
514389
515614
515878
516448
516495
516760
516991
518353
519081
520856
521095
521357
522060
522417
522419
522632
523064
523167
523532
523775
524141
524223
524894
525611
526150
526372
526409
529898
530733
530806
531025
531455
531979
532097
532701
532741
533326
533725
533983
534352
535119
535348
535422
536522
536869
536988
537806
537991
538837
539168
540547
540553
540991
541623
542222
542686
542988
543258
544492
544928
546756
547214
548175
548185
548366
548673
548697
548741
549006
550082
550824
551197
551295
552656
552895
553361
553465
553902
554009
554016
554303
555040
555304
555488
556848
558981
559282
559834
560638
560650
561808
561867
563395
563472
563628
564738
565220
565220
565289
566317
566981
567337
567365
568203
568331
570018
570396
570710
571693
571725
572227
572272
573189
574501
574635
575954
576250
576835
577052
577121
578488
578727
579253
579473
579734
580152
580800
581020
582299
583105
584643
584759
586126
586678
586711
587390
587902
588508
589137
590277
590860
591234
592002
592497
592777
593779
593786
594463
595677
596256
597823
598565
599398
600938
601366
601948
602707
605131
605861
606302
607300
607695
607766
608829
609167
609169
610335
610383
610623
610867
611373
612229
612479
612926
614071
614095
616172
616610
618411
618768
618845
618887
618914
620195
622002
622145
622262
622562
622858
623904
624327
624577
625391
625728
626871
626894
628123
629363
630121
630196
630392
630886
632624
633353
634429
635281
636859
637018
637111
637140
637205
637357
640958
641976
642132
643174
644317
644474
644594
645741
645955
647386
647750
647768
647960
648570
651010
651368
651442
651733
651903
652270
652376
652619
653047
653125
654343
655476
655623
656024
656072
656398
657013
657119
657233
657351
657583
658066
658469
659786
660683
663079
663576
663941
663962
664009
664083
664972
666111
666384
666823
667035
667797
668493
668668
669345
670241
671435
671585
671940
672617
673630
674532
674869
675531
676186
676503
678874
679134
679158
679844
679947
680687
681175
683169
683815
684714
684992
685786
686053
686078
686584
686873
687245
687563
689408
689472
689495
690106
690325
690498
690740
690885
690892
692345
692545
694537
695187
695609
696622
696633
697524
699624
699922
700084
700911
701494
701977
706631
706901
707155
707372
708527
708688
709130
709280
709924
710378
710414
711115
711537
712211
712433
712758
713862
714826
715312
715435
715732
716617
717635
718426
718428
718654
719637
719894
720315
720843
721452
721945
722068
722144
723390
723441
723879
723962
725105
725203
725461
726156
726219
726715
726740
726958
726964
727088
727413
728748
729245
730051
730470
731242
731579
731747
731883
731933
732109
733093
733707
734293
734578
735072
735322
735498
736111
736607
736719
736829
736875
737435
737671
738013
738438
739473
740319
740345
740563
740700
740859
741520
743327
743928
746486
746670
747311
747512
748661
749653
750567
751013
754754
756028
756471
756474
758340
759637
759714
760127
760289
761339
761533
761963
762760
763728
764547
764978
765901
766442
766476
767069
768043
768054
768574
769050
769088
769237
769493
769674
769801
771541
772478
774132
774406
774565
775326
775814
776332
778099
778582
778594
778797
779148
779380
779398
779435
780931
781000
781258
784212
784648
785923
786504
787086
787833
788513
788516
789287
790122
790139
790683
790691
790812
790847
792394
793260
793556
794048
795264
795717
796282
798772
799076
799539
801268
801874
802465
802786
802851
803096
803159
803514
803536
807219
808332
809119
812184
812299
813155
813257
813685
816300
816727
816861
818709
818822
818925
821006
822830
822918
823378
823506
824079
824326
824609
824703
824761
824780
826188
827041
827093
827226
827558
827623
828046
828167
828253
828355
828807
828816
828820
828927
828967
829225
829591
829873
830527
831088
831285
832218
832764
832785
832819
832848
833506
833803
835106
835255
836003
836431
837354
837471
837849
838077
838543
840552
841077
841415
842196
843580
845027
845186
845399
846378
846465
846716
846996
847144
847196
848028
851058
851330
851914
852787
854782
855442
855477
855637
856337
856627
857302
858021
859412
859955
861085
861456
862454
862595
863156
867472
868406
868526
869585
869591
869956
871673
871973
872200
873016
874372
875026
875706
875792
877912
878575
878626
878946
879199
879828
881025
881994
882980
883800
883885
883970
883994
884136
884502
885052
885307
885351
886007
887305
888654
889165
889461
890323
891027
892263
892363
892452
892987
892996
894320
894776
895547
896056
896850
897376
897826
898449
898748
899409
899432
899752
900574
900711
902208
902368
902702
902896
903354
903785
908075
908483
908810
908936
909749
909829
910616
911004
911162
911266
911466
912406
914241
914932
914964
915213
915703
915715
915920
917219
918324
918839
919513
920869
921146
921748
923018
923018
924290
924989
924989
925880
925930
927768
928001
928826
929113
929302
930119
930268
931942
931992
932064
934330
934742
935990
937420
937835
937929
940028
940638
940972
942362
942472
942688
943159
943189
945054
945135
945363
946666
946758
946991
947100
947618
947811
947880
948399
948510
948691
949387
950147
950394
950899
950929
951259
952413
953047
953768
954069
954381
954683
956041
956644
956675
957769
958225
958251
960619
960855
961122
961208
961465
961666
961979
964435
965227
965630
965646
966308
966779
967122
967701
968048
968621
969546
970025
970185
970472
970860
971824
971879
972325
972860
972895
974336
974348
974800
975887
975994
976049
977453
978232
978321
979222
979275
979532
980099
982014
982449
982613
982855
983131
983852
984398
984982
985076
986303
986460
986520
986563
987101
987131
987147
987642
987832
988033
988077
988444
988840
989051
989073
989927
989949
990188
990253
990348
990786
990938
990967
991414
991791
992474
993564
994535
995413
995523
995543
996418
996542
997167
997415
997643
998024
999684
999739
1000001
1001059
1003417
1003479
1005343
1005654
1005813
1006206
1006763
1007121
1007281
1007575
1007755
1008447
1009213
1009676
1010426
1010992
1011871
1012473
1012694
1013037
1013377
1014653
1015302
1015910
1016744
1017146
1017630
1017708
1018059
1019095
1019953
1020228
1020231
1021012
1022434
1023420
1023616
1025479
1025781
1026474
1027231
1027752
1027994
1028242
1028328
1028509
1030145
1030515
1030808
1031374
1031511
1031877
1034000
1034982
1036115
1036230
1036521
1038712
1039169
1039591
1040264
1040368
1041062
1041094
1041716
1041822
1042544
1042678
1042971
1043341
1043582
1044353
1044485
1044656
1044681
1044848
1046509
1047528
1049295
1049418
1051724
1052115
1052683
1052928
1053168
1053652
1053718
1055256
1056065
1057935
1059551
1060771
1061040
1061919
1062808
1063605
1064952
1065171
1065390
1065930
1067148
1067216
1067237
1068370
1068631
1070563
1071159
1071238
1071588
1072035
1072145
1073006
1073698
1073844
1073908
1074157
1074339
1074573
1074854
1075604
1076184
1077106
1077592
1077983
1077999
1079394
1080500
1081662
1082022
1082042
1083264
1083320
1084045
1084512
1084524
1084813
1085000
1085879
1085886
1087576
1088301
1088368
1089557
1090340
1091191
1091566
1093129
1093445
1093687
1094116
1094894
1095715
1096903
1097515
1098216
1098320
1098569
1098735
1099662
1099976
1101279
1102626
1103690
1103943
1105897
1105986
1107370
1108015
1108150
1108312
1109364
1109384
1109641
1110163
1110182
1111217
1111574
1111887
1112324
1114975
1115591
1115614
1116045
1116062
1116382
1116414
1116855
1117245
1117442
1117649
1117802
1118133
1118715
1119983
1120113
1120588
1120744
1122491
1123185
1124656
1124879
1125050
1125621
1125825
1125938
1126518
1127390
1127404
1128950
1131840
1132489
1132660
1133803
1134012
1134486
1134787
1135042
1135097
1135395
1136038
1136073
1136495
1136508
1136598
1136616
1136693
1136768
1137294
1137394
1137736
1138356
1138371
1138478
1138986
1141571
1142692
1144972
1145147
1145328
1145565
1145656
1145721
1146271
1146282
1146897
1147017
1147485
1147625
1148162
1149149
1149231
1149579
1150457
1150525
1150958
1151222
1151257
1152044
1152490
1153002
1153468
1154020
1154583
1155649
1156005
1156573
1156720
1157320
1158312
1158313
1158847
1159256
1159385
1159617
1161092
1162026
1163545
1164039
1164216
1165250
1166520
1167484
1168274
1168672
1168786
1169023
1169411
1169451
1170890
1171830
1172047
1172346
1172634
1173234
1174108
1174204
1174208
1175798
1176021
1176845
1177020
1177330
1178216
1179016
1179549
1179779
1180193
1180712
1181103
1181164
1181634
1182316
1182696
1183669
1183778
1184489
1185824
1185856
1187234
1188330
1188533
1188667
1189041
1189158
1189383
1189671
1189825
1190708
1190849
1191604
1192932
1193571
1193860
1194235
1194485
1195454
1199044
1199099
1199245
1200167
1200511
1201395
1201785
1202128
1202380
1202454
1203037
1203989
1205017
1205260
1205759
1206346
1206347
1206667
1207376
1208611
1209476
1209815
1210032
1210582
1212868
1213091
1213117
1214708
1214798
1215235
1215693
1216021
1216080
1216407
1216730
1216945
1217852
1218929
1219466
1219866
1219960
1221160
1221960
1222117
1222447
1223610
1223773
1223852
1223939
1224009
1226638
1226797
1227197
1228677
1228806
1230067
1230309
1231242
1232158
1233398
1233415
1233906
1234461
1234731
1234815
1235511
1236066
1237051
1237374
1237606
1238540
1239207
1239421
1240231
1241609
1242230
1242397
1242564
1242575
1243600
1244373
1244385
1245394
1246143
1246155
1246159
1247433
1247925
1249145
1249611
1249661
1250334
1253242
1254924
1255194
1255774
1256940
1257277
1258352
1258520
1258949
1259186
1259376
1263083
1263426
1263577
1264430
1265013
1265127
1265461
1265567
1266195
1266264
1266579
1266626
1266817
1266996
1267013
1267854
1268540
1269193
1269821
1269837
1270067
1270423
1270585
1271855
1272351
1272816
1273570
1273631
1275102
1276379
1278052
1279010
1279105
1279596
1279921
1280843
1280943
1282232
1282607
1282924
1283580
1283626
1284398
1284476
1285646
1287871
1288340
1288401
1289427
1290165
1290434
1290498
1292013
1292125
1292492
1292551
1292954
1295380
1296253
1296504
1297134
1297574
1299607
1299940
1299983
1300059
1300767
1300772
1301474
1302098
1302975
1303035
1303380
1304713
1305326
1305354
1305700
1305770
1305949
1306016
1306132
1306236
1307047
1307606
1308573
1309329
1309937
1310885
1311037
1311185
1312567
1313160
1313746
1314584
1315056
1315216
1316478
1317029
1317219
1318713
1320668
1320703
1321081
1321489
1321638
1322482
1322595
1322982
1323417
1324531
1324574
1324907
1326163
1326322
1328094
1328155
1328298
1330357
1332052
1333734
1335861
1336158
1336819
1337343
1337632
1337735
1338029
1338535
1338916
1338922
1339400
1341232
1342133
1342165
1342286
1342399
1342578
1343826
1343839
1343869
1344757
1345800
1345941
1347210
1347213
1347259
1347485
1348226
1348830
1351255
1351810
1352350
1354022
1354133
1354941
1355374
1355629
1356512
1356998
1357290
1358075
1358084
1358392
1358411
1358536
1358807
1360100
1360804
1360881
1361548
1361845
1362079
1362903
1363672
1364552
1364557
1365748
1366148
1367263
1368154
1368161
1371927
1373281
1373497
1373927
1374095
1375545
1375641
1377581
1378128
1378662
1379313
1379684
1379871
1380004
1380220
1380667
1381821
1383313
1383315
1384989
1385167
1385447
1385912
1386812
1386969
1386974
1387036
1388313
1388599
1388835
1388888
1390916
1391013
1391687
1391695
1392837
1395720
1396501
1396577
1397247
1398481
1398680
1398849
1400568
1400601
1403058
1403334
1403415
1404321
1404849
1405978
1407778
1409256
1409470
1409731
1409909
1410461
1410836
1411992
1412272
1412285
1412702
1413286
1413571
1414364
1417125
1417949
1418482
1418911
1419131
1419542
1420778
1420952
1421952
1422798
1422809
1422891
1422938
1422984
1423031
1423737
1424330
1425504
1425732
1428632
1428764
1428833
1429016
1430339
1431320
1431968
1432912
1433066
1433211
1433398
1433841
1435689
1436232
1436778
1437041
1437350
1437825
1438050
1439063
1439508
1440265
1441663
1442935
1443241
1443758
1444376
1445030
1445969
1446554
1446878
1447195
1447611
1448933
1449345
1449369
1450265
1451497
1451611
1452222
1452318
1452553
1452832
1454235
1454407
1454483
1454903
1455529
1456135
1456525
1456865
1457196
1457466
1457708
1457797
1457853
1458662
1459766
1460028
1461802
1462070
1462383
1462962
1463184
1463395
1465120
1466020
1466078
1466724
1467292
1467642
1468797
1468801
1468823
1470417
1470444
1470590
1472499
1472589
1472873
1472904
1472953
1473044
1473574
1473966
1474016
1476145
1476534
1477137
1478184
1479003
1480299
1480845
1480908
1481453
1481531
1483198
1483329
1484262
1484297
1484967
1485035
1485459
1485890
1485972
1487401
1487432
1487563
1489578
1489871
1490373
1491202
1491597
1494306
1496409
1499710
1499959
1500279
1500417
1502629
1502655
1502925
1503289
1504047
1504093
1505516
1506728
1507646
1507902
1509172
1510383
1512084
1512744
1513554
1513657
1513670
1513710
1514009
1516247
1518012
1518557
1518659
1519597
1521889
1522466
1522848
1523567
1525077
1525310
1526146
1526370
1526798
1526998
1527482
1528057
1528239
1530127
1530172
1530384
1531592
1531838
1532323
1532668
1533337
1533518
1534970
1535339
1535409
1535620
1536119
1536692
1537503
1538697
1539568
1539974
1540232
1540764
1540764
1540849
1540980
1541090
1541495
1542051
1542168
1542203
1544219
1545359
1545632
1545883
1547226
1547249
1547291
1548598
1549114
1549678
1551408
1551504
1552021
1552209
1554248
1554348
1554894
1555250
1555397
1555811
1557526
1557576
1557605
1557733
1558085
1558238
1559034
1560593
1561800
1563726
1564153
1565147
1565379
1565760
1566541
1566547
1567589
1568012
1568235
1568878
1569809
1570987
1571050
1571976
1572281
1573412
1573604
1573876
1575238
1575241
1575764
1577827
1578429
1579021
1579365
1579623
1580114
1581760
1581981
1581981
1582172
1582196
1583159
1583750
1585003
1585747
1586121
1586124
1586319
1586812
1587792
1592519
1593406
1593691
1593822
1593950
1594289
1594411
1594842
1594842
1594882
1595404
1596323
1596532
1596825
1596852
1596883
1596953
1597494
1597565
1597911
1598323
1598340
1599739
1599782
1602255
1603303
1604035
1604226
1604413
1605544
1605767
1606082
1606379
1608105
1608700
1609699
1609942
1610162
1610241
1610293
1612277
1613072
1614570
1615439
1615692
1615766
1616186
1616285
1616505
1617839
1618339
1618557
1618714
1619244
1620229
1620415
1620928
1621679
1622392
1622573
1622624
1622858
1623601
1624770
1628349
1630074
1630079
1630316
1630352
1631157
1631290
1631395
1633010
1633618
1633667
1634714
1635287
1637149
1637313
1637781
1638118
1638143
1639160
1640160
1640640
1640926
1641379
1641765
1643103
1643153
1643515
1643594
1644912
1645026
1645676
1646369
1647145
1647292
1648760
1650502
1650608
1650637
1650780
1651132
1651889
1651929
1653669
1654447
1656632
1656922
1657095
1657101
1657707
1658495
1658561
1659051
1659277
1659435
1660248
1660271
1660284
1660455
1662051
1662411
1663044
1663251
1663448
1663730
1664375
1664495
1666436
1667060
1667077
1667434
1667717
1668261
1669221
1669686
1671051
1672265
1674301
1674824
1675568
1676074
1676414
1677501
1678042
1678134
1679274
1679758
1679844
1680017
1680362
1680604
1680667
1681545
1681673
1681995
1682031
1682320
1682369
1682671
1682684
1682879
1683114
1683150
1683300
1683787
1685135
1686571
1687203
1688589
1688661
1689288
1689973
1690001
1690050
1690145
1690651
1690826
1690883
1691201
1692252
1693131
1693154
1693521
1693865
1694271
1694873
1695503
1695597
1697352
1697603
1698265
1698449
1698519
1698787
1699013
1699490
1699860
1700627
1701084
1701140
1701594
1702084
1702324
1702473
1703266
1703442
1703615
1703710
1704037
1705766
1706472
1706620
1707089
1707236
1707300
1707334
1710580
1710917
1712328
1713268
1713504
1713620
1713718
1713802
1714405
1714448
1714592
1715659
1716312
1716774
1716812
1716985
1717659
1717976
1718313
1719794
1722166
1722188
1722225
1723909
1723930
1723996
1725673
1726249
1726276
1727942
1728133
1730408
1731644
1732206
1732522
1734047
1734448
1735384
1735494
1735885
1737646
1737733
1738794
1738838
1738855
1739758
1741916
1742931
1743093
1744343
1744864
1745504
1745538
1745650
1745834
1746266
1746503
1746660
1747236
1748142
1748725
1748804
1750090
1751013
1751031
1751100
1751814
1753777
1753778
1755297
1759781
1760838
1762114
1762606
1762834
1763033
1763346
1764648
1766186
1768212
1768742
1769390
1770453
1771120
1771301
1772378
1772555
1773074
1773150
1773266
1773719
1774491
1774976
1777193
1777311
1778845
1779138
1779144
1779247
1779393
1780119
1780367
1780734
1780800
1781984
1782330
1784297
1784637
1785735
1785970
1786376
1786653
1787058
1787862
1788518
1789071
1789182
1789402
1789809
1791138
1791183
1791284
1791790
1792001
1792438
1792835
1794213
1794256
1794834
1795091
1795423
1796716
1797555
1797996
1798864
1798981
1799924
1800124
1800639
1800993
1801216
1801313
1801334
1801958
1802186
1803076
1803811
1804132
1804313
1804907
1806457
1808042
1808077
1808628
1808745
1809900
1810242
1812765
1813039
1814569
1814613
1814820
1815113
1815577
1815593
1816005
1816902
1819675
1819794
1819823
1820576
1820977
1821093
1821138
1821665
1821828
1822448
1823508
1825933
1825933
1828425
1828855
1829861
1830696
1830925
1831005
1831536
1832139
1832946
1833015
1833217
1833836
1834392
1834426
1834688
1835686
1837331
1838256
1838695
1838865
1839140
1839174
1840613
1840902
1841767
1842535
1843144
1843275
1843486
1846503
1846702
1847723
1848255
1848515
1848595
1849361
1849451
1850260
1851804
1853461
1853501
1854045
1854140
1854300
1854746
1854984
1855039
1855317
1855558
1855728
1856403
1856460
1857069
1857253
1857278
1857426
1858109
1858760
1860701
1861142
1861612
1861671
1862192
1862276
1863688
1864300
1864877
1865142
1866006
1866078
1866413
1867035
1867711
1867730
1868251
1868783
1869362
1869831
1870046
1870338
1870555
1870625
1871167
1871505
1871614
1872026
1873149
1873350
1873960
1874377
1875490
1876064
1876315
1876890
1877654
1879218
1879549
1881718
1881911
1882163
1882164
1882409
1885138
1885551
1886040
1886241
1888359
1888483
1888588
1888708
1888865
1888970
1889931
1890717
1891299
1891842
1891946
1891948
1892484
1892821
1893687
1893917
1893939
1895008
1895754
1895873
1896798
1898236
1899639
1900486
1900735
1903750
1903772
1904205
1904615
1905075
1905298
1905667
1907547
1908234
1909161
1909546
1910751
1910791
1910824
1910919
1911318
1911546
1912325
1913271
1913613
1914721
1915436
1917010
1917519
1917591
1918535
1923553
1923996
1924466
1924734
1926365
1926723
1926861
1927831
1928305
1928425
1929015
1929388
1931127
1931968
1932014
1933060
1934289
1934683
1934771
1935651
1936268
1936359
1939175
1940277
1940354
1941409
1941428
1941449
1942191
1942634
1944247
1944502
1945021
1946772
1946797
1947173
1947793
1947798
1948319
1948708
1948975
1950203
1950921
1953033
1954287
1954453
1954504
1954539
1956940
1957253
1957360
1958611
1959590
1959858
1961127
1961181
1961321
1963371
1963423
1963624
1964876
1965473
1965491
1965536
1965618
1965819
1966476
1966781
1966898
1967205
1968024
1968251
1968893
1969161
1969991
1970039
1970575
1970727
1970893
1970946
1971537
1971723
1972284
1972573
1973390
1973802
1973860
1974660
1974949
1975230
1975947
1976237
1977957
1978142
1978699
1979017
1979835
1981027
1981078
1981409
1982821
1982925
1983184
1983221
1984201
1984270
1984862
1984891
1985744
1986468
1986532
1986845
1987352
1987725
1988374
1988481
1990215
1990292
1991231
1991441
1991514
1992392
1992936
1993189
1994296
1994632
1995170
1995209
1995530
1996129
1996658
1996721
1997040
1997805
1998123
1998644
1999021
1999727
2000255
2001411
2001828
2002839
2003082
2003154
2003337
2003842
2004040
2005722
2006843
2007980
2008867
2009247
2009860
2010045
2010091
2010165
2010200
2010444
2010957
2011237
2011624
2011631
2012819
2012884
2013619
2014764
2014775
2016172
2016296
2017116
2017834
2017897
2019113
2019474
2020985
2022005
2022140
2022177
2022383
2022535
2023283
2024650
2024676
2025044
2025397
2025950
2025979
2027131
2027758
2028448
2029923
2030041
2030097
2030488
2030500
2031256
2031421
2032475
2032718
2032779
2033482
2034384
2036215
2037262
2037644
2037678
2037750
2038074
2038084
2038454
2040147
2040848
2041154
2041390
2043397
2043852
2044623
2047198
2048924
2048976
2049024
2049247
2049424
2050495
2050749
2051838
2052907
2053952
2055023
2055277
2055697
2058439
2059439
2060737
2061590
2061852
2061855
2062489
2063970
2064714
2065664
2066866
2067363
2067722
2067928
2068145
2068237
2068393
2068633
2068790
2069041
2069360
2069902
2070384
2070688
2072114
2072507
2072806
2072838
2074870
2074871
2075058
2075954
2076539
2077253
2077416
2077997
2078392
2078550
2078734
2078747
2078886
2079711
2079917
2080265
2080457
2080765
2081221
2081830
2082180
2085518
2085544
2085554
2085643
2088479
2089252
2089535
2090008
2090113
2091318
2091727
2092228
2092775
2092952
2095586
2096562
2097523
2098492
2100017
2100063
2100204
2100731
2101694
2102921
2104088
2104543
2105139
2105226
2106710
2106816
2108322
2109482
2109600
2109613
2109972
2109983
2111974
2112719
2113945
2114277
2115949
2117772
2117782
2118455
2118869
2119457
2119464
2119560
2119659
2120042
2121003
2121077
2122322
2122618
2123036
2123200
2123249
2123754
2124189
2124910
2125361
2125554
2125638
2125825
2128793
2129707
2129947
2130388
2130408
2130431
2131324
2131559
2131873
2132314
2132571
2133208
2133933
2134388
2134516
2135988
2136143
2136713
2137409
2137650
2137858
2138462
2139541
2141729
2142280
2142439
2142720
2142726
2143080
2143140
2143980
2144435
2145121
2145522
2145990
2146072
2146390
2146602
2146799
2146975
2147478
2148107
2148425
2148600
2148835
2149906
2150371
2150898
2151618
2152223
2152968
2153654
2153901
2154454
2154921
2155205
2155347
2155643
2155980
2157998
2158160
2158180
2158522
2160144
2160198
2161282
2161580
2161993
2163106
2163338
2163598
2163766
2165257
2165395
2165698
2165872
2166637
2167248
2168102
2168117
2168688
2169570
2170094
2170549
2171593
2171863
2172531
2173733
2174020
2174028
2175841
2176419
2176478
2177224
2177388
2177524
2178217
2179398
2179473
2179677
2179775
2179776
2179831
2179999
2180208
2180840
2181945
2182220
2182295
2182789
2183756
2183835
2184250
2184288
2188270
2188321
2188636
2188896
2188952
2189485
2190015
2190810
2191173
2191549
2191903
2192020
2192027
2192118
2192124
2192299
2192364
2194123
2194276
2194462
2194679
2194962
2195425
2195577
2195591
2196171
2197868
2198420
2198536
2199030
2200332
2200930
2203381
2203528
2204161
2204298
2204818
2206288
2206755
2207020
2207247
2207664
2208130
2208234
2208266
2208919
2209652
2209849
2209868
2210558
2210643
2210737
2210928
2211095
2211716
2212234
2212957
2213038
2213244
2214878
2215257
2215293
2215410
2215714
2216071
2217001
2217048
2217685
2217839
2218016
2218378
2218771
2220077
2220151
2220360
2220441
2220862
2220992
2221712
2223415
2223859
2223901
2224046
2224237
2224464
2225100
2225611
2226487
2226488
2227253
2227753
2227855
2228022
2228144
2228814
2229077
2229498
2230026
2230427
2232565
2232895
2233311
2233659
2236151
2236964
2237094
2237110
2239827
2241180
2241659
2241716
2241992
2242003
2242168
2242204
2242224
2243898
2243957
2244213
2244691
2245101
2245498
2245753
2245787
2245870
2246031
2247076
2247457
2248418
2248902
2248950
2248985
2252407
2255127
2255487
2255557
2256771
2258642
2259072
2259570
2260104
2262347
2264637
2264974
2265990
2266730
2267036
2268287
2268846
2269932
2270232
2270451
2270836
2270973
2271307
2273113
2273422
2273645
2273904
2274065
2274567
2275214
2275993
2276002
2276115
2277112
2279053
2279280
2281970
2283252
2283657
2283965
2284322
2284450
2285569
2286556
2286626
2287220
2287236
2287284
2287765
2287944
2288216
2289031
2289247
2290819
2290867
2291097
2291278
2291329
2292781
2293362
2293864
2294063
2294404
2294411
2294714
2295792
2296788
2297052
2297114
2297210
2297278
2297381
2297438
2298269
2299055
2299097
2299225
2299234
2299917
2300330
2301918
2302400
2302767
2302996
2303960
2304259
2304658
2305725
2306201
2306937
2308604
2309050
2309903
2310277
2310654
2311036
2312076
2312215
2312333
2313451
2313556
2314596
2315094
2315811
2316084
2317028
2317306
2317729
2317853
2318127
2318177
2318262
2319221
2319933
2320255
2320845
2322329
2323479
2325166
2325696
2325802
2326264
2326794
2327068
2327818
2328373
2328390
2328685
2329025
2329122
2329131
2329563
2329948
2331418
2332308
2333340
2333471
2333736
2335340
2335495
2335544
2335797
2336210
2336308
2337034
2337334
2337516
2337790
2338028
2338142
2338222
2338358
2339060
2340230
2340421
2340492
2341257
2341806
2342465
2343205
2343820
2344026
2344639
2345164
2345300
2345722
2346843
2347589
2348067
2348212
2348434
2348775
2348968
2349405
2350292
2352180
2355046
2356237
2356397
2358689
2360199
2360345
2361244
2362691
2362767
2364560
2364684
2364746
2365270
2365416
2367250
2368124
2368882
2369423
2369868
2371512
2371516
2371949
2372252
2372528
2372893
2373773
2374008
2374271
2375077
2377932
2379177
2379808
2379992
2380298
2380403
2381007
2381292
2382963
2385015
2385816
2385987
2388024
2388107
2388358
2389092
2389237
2389771
2389948
2390243
2391502
2391746
2391876
2391914
2395573
2395922
2396018
2396436
2397131
2397235
2398047
2398102
2398652
2398941
2401501
2401931
2402045
2402425
2403024
2403113
2403136
2404640
2404801
2404827
2405008
2405591
2405765
2405871
2405960
2406002
2406122
2406741
2406929
2407296
2407414
2408162
2408949
2410071
2410817
2412118
2412428
2415112
2415875
2416908
2417444
2417730
2418253
2418347
2418383
2419385
2420363
2420839
2420908
2422214
2422247
2424009
2425000
2425094
2425863
2426166
2426381
2426646
2427321
2428656
2429612
2430307
2431206
2431443
2432249
2432982
2433005
2433440
2435094
2435768
2437232
2437267
2437357
2438378
2439855
2440662
2442138
2443541
2445022
2445276
2446582
2446669
2447567
2448464
2448897
2450320
2452028
2452321
2453411
2453507
2453721
2454365
2456089
2456268
2457820
2458649
2458923
2458951
2459664
2460253
2461224
2461640
2462232
2464855
2465398
2465405
2465519
2465766
2465767
2466993
2467924
2468207
2468328
2468366
2468437
2468889
2469120
2470197
2471963
2471969
2472447
2473600
2474304
2475194
2476495
2476605
2477014
2477055
2478055
2478616
2478830
2480019
2481290
2482183
2482355
2483230
2484071
2484257
2484915
2485004
2485823
2486891
2487731
2488922
2491855
2492236
2494116
2495471
2496023
2496313
2497671
2499325
2499870
2500573
2501520
2501606
2503438
2504820
2505127
2506282
2507276
2507854
2508321
2508681
2510326
2510456
2510491
2512858
2514832
2515432
2515537
2516010
2516192
2516636
2516948
2517144
2517686
2517935
2519589
2520401
2520783
2523046
2524045
2524503
2524742
2525009
2529425
2530526
2531129
2533538
2536709
2538091
2539119
2539161
2539315
2540576
2541654
2544806
2545464
2545664
2546775
2546938
2547306
2547405
2547504
2547518
2548378
2548420
2548849
2550503
2551334
2551974
2552375
2553158
2553273
2553574
2554581
2556309
2556430
2558341
2558446
2558448
2559134
2560740
2561091
2561294
2562467
2562478
2562778
2562907
2565035
2565247
2565968
2566160
2566299
2567233
2568145
2568968
2569015
2569049
2569404
2570481
2571250
2571454
2571512
2572044
2572689
2574457
2574640
2574988
2576144
2576208
2576399
2576945
2577171
2577853
2578623
2579368
2580317
2581250
2581334
2581340
2581849
2583186
2583464
2583785
2584166
2584298
2584539
2585538
2585906
2586119
2586331
2587318
2587601
2587945
2588357
2588549
2588791
2591061
2592030
2592626
2593061
2594018
2594881
2595232
2598686
2599011
2599127
2599979
2600024
2601253
2602797
2602822
2603151
2603879
2604260
2604436
2605043
2605504
2605685
2608834
2608866
2609127
2609233
2609353
2609564
2609620
2610556
2611296
2611423
2611470
2611799
2611897
2612024
2612050
2612251
2612487
2612573
2613179
2614643
2615296
2616353
2616846
2617618
2617788
2618120
2619049
2619088
2619159
2619683
2620107
2621647
2622015
2622499
2622831
2622873
2624557
2624758
2624893
2625473
2626150
2626380
2627034
2627042
2628429
2628904
2629563
2629824
2630576
2630844
2631320
2631544
2631892
2632942
2633721
2633855
2634469
2635482
2635530
2635781
2636100
2636316
2636440
2638936
2639704
2639799
2640077
2640359
2640511
2642163
2642321
2642600
2646693
2646840
2647347
2648520
2648632
2648788
2649606
2649967
2654871
2655006
2655228
2656494
2657452
2657636
2657741
2658186
2658759
2659081
2659083
2661043
2661228
2661272
2661285
2661802
2663258
2663916
2664760
2664782
2667646
2667892
2669195
2669266
2669525
2669652
2671093
2671707
2671885
2673678
2673903
2674838
2675427
2676612
2677851
2678124
2678195
2678326
2678461
2678828
2678908
2679243
2680161
2680518
2681436
2683435
2685489
2686408
2687237
2687466
2687625
2688541
2688727
2689052
2689374
2689474
2690443
2690729
2691589
2692163
2692450
2692515
2693362
2693773
2693804
2695385
2696293
2696308
2696608
2697000
2698260
2698339
2699435
2699737
2700366
2700815
2701751
2701922
2702352
2703929
2704784
2705189
2705733
2707418
2707438
2708872
2709676
2710526
2710635
2710765
2710855
2711130
2711161
2711724
2712253
2713333
2713577
2714275
2714392
2714454
2715032
2715337
2716255
2716461
2719774
2720626
2720889
2722798
2722891
2723697
2723734
2723989
2724329
2724529
2725312
2726658
2726896
2727000
2727696
2728101
2728787
2728933
2729147
2729441
2729653
2731830
2732700
2733269
2733833
2733843
2734794
2735123
2735621
2735876
2736053
2736629
2736731
2738661
2738695
2738695
2738944
2739116
2739540
2739735
2739929
2740113
2742054
2742733
2743621
2743927
2744550
2745661
2745858
2746882
2746931
2747654
2748026
2748060
2748147
2748578
2748797
2748845
2749672
2749767
2749829
2749857
2750413
2750656
2750967
2751450
2751478
2751739
2753105
2754131
2754260
2754290
2754745
2755384
2755812
2756406
2756831
2756935
2756951
2758346
2759818
2760003
2760895
2761023
2761390
2762860
2762966
2763038
2763823
2764897
2765790
2765835
2766488
2766557
2766799
2768356
2770846
2771121
2774176
2774454
2774487
2775103
2775402
2777023
2778297
2778470
2778855
2779292
2779768
2780475
2781476
2782022
2782122
2782604
2782884
2785388
2785545
2786585
2787944
2788620
2788795
2789031
2790365
2791244
2792399
2792610
2794059
2794215
2794888
2796069
2796792
2796858
2797080
2797766
2798540
2798947
2799155
2799936
2800664
2801161
2801181
2802336
2802345
2803636
2805213
2805364
2805629
2805848
2806006
2806224
2806425
2806515
2806607
2807231
2808244
2808602
2809589
2809767
2810068
2810619
2810820
2810868
2812252
2812576
2813592
2814127
2814312
2815514
2815631
2816111
2816264
2816316
2816332
2816958
2818172
2818323
2818401
2818747
2819140
2819233
2819601
2819718
2819761
2819776
2822624
2823526
2824717
2824848
2825248
2825478
2826783
2826922
2827405
2827621
2827871
2828584
2828857
2828931
2829999
2830280
2830933
2831411
2831597
2831787
2831949
2832011
2832015
2832161
2832165
2832387
2832732
2833155
2833231
2833383
2833523
2834416
2834668
2835805
2836050
2836220
2836240
2837097
2837855
2837873
2838381
2838544
2839877
2839919
2840860
2840972
2841495
2841852
2843828
2844129
2844360
2845346
2845387
2846273
2846442
2846957
2847168
2847221
2847865
2847971
2848244
2848554
2849812
2850428
2850842
2850949
2850996
2853273
2854749
2855458
2855765
2855908
2856289
2857808
2858352
2858604
2859337
2859992
2861742
2863505
2864761
2864846
2865036
2865486
2865932
2866928
2867558
2867831
2868712
2868951
2870438
2870527
2871072
2871241
2871505
2871507
2871757
2871872
2872517
2873344
2874255
2876003
2876586
2877429
2878462
2879012
2879141
2879489
2879613
2880916
2881044
2881744
2881883
2881961
2882531
2885254
2885292
2886252
2887170
2887415
2888222
2888281
2888872
2890404
2891006
2891020
2891042
2891298
2891796
2891966
2892913
2893382
2893814
2895239
2896048
2896227
2896306
2896647
2897070
2897752
2898166
2898908
2898951
2899334
2899538
2899705
2899853
2900984
2901758
2903274
2903426
2904542
2904641
2906896
2908113
2908228
2908320
2908723
2909821
2910478
2911732
2912166
2913910
2914959
2915009
2915560
2915858
2916599
2917231
2917566
2917885
2918031
2918195
2918493
2919105
2919553
2920980
2921138
2921573
2921762
2921875
2922101
2922932
2925275
2925901
2926865
2927312
2927335
2927543
2927948
2928044
2929141
2929427
2929545
2929600
2930144
2930463
2932339
2932452
2933484
2933579
2933658
2933705
2934174
2935692
2937487
2937500
2939108
2939376
2940565
2941749
2942196
2943180
2943286
2943504
2944745
2945713
2946133
2946308
2947033
2947938
2949064
2949274
2949749
2950752
2951148
2951939
2951993
2952909
2952934
2953236
2953288
2953465
2954508
2954639
2954732
2959142
2959440
2960088
2960270
2960522
2960546
2960859
2961248
2961295
2961941
2962355
2962446
2962707
2962835
2966232
2967057
2967512
2967749
2967801
2967836
2968207
2968581
2968653
2969924
2970506
2970914
2972472
2973128
2973707
2973775
2973942
2974875
2975083
2975400
2975760
2976450
2977134
2977927
2978367
2979878
2980138
2980630
2981265
2981600
2982971
2983269
2983857
2984069
2985018
2985657
2985947
2986621
2987231
2989215
2989649
2989710
2990206
2990246
2990272
2990440
2991602
2993402
2993472
2993636
2993698
2993914
2994605
2995473
2995762
2996346
2997049
2997677
2999276
