Количество элементов - 10000, алгоритм сортировки - SelectionSort, случай - Ordinary, время работы - 151
71
466
1481
1686
2492
2845
3098
3346
3812
4401
4486
4758
4964
5433
5572
6446
6735
6770
7109
7191
7540
7912
7993
8239
8545
9533
10025
10142
10337
10519
10618
11042
11536
11808
12891
12936
13463
13675
13749
13859
13905
14223
14298
14467
14751
14837
15412
15541
16304
16372
16637
16653
17240
17798
17948
18245
18338
18463
18550
19051
19090
19929
20084
20410
20464
20663
20855
20912
20924
22142
22237
22330
22774
22778
22798
23256
23337
23367
23506
23571
23585
24013
24099
24382
24539
24579
24753
25278
25609
25724
26063
26404
26423
26854
27146
27253
27322
27409
27452
27679
27694
27768
27977
28276
28949
29099
29279
29944
30022
30467
31135
31725
31748
31788
31828
31925
31944
32779
32955
33327
33530
33880
34068
34230
34294
34326
34573
35303
35345
35503
35936
36013
36447
36556
36612
36916
37817
38026
38971
39054
39305
39322
40007
40336
41492
42225
42631
44296
44643
44963
45010
45077
45212
45988
46312
46606
46749
46848
46947
47092
47142
47186
47524
47581
48024
48263
48508
48522
48680
50140
50166
50902
50930
51349
51422
52459
52538
52935
53063
53165
53488
53937
54270
54667
55487
55588
55693
55933
56313
56544
56772
56805
56949
57128
57280
57362
57888
58518
58942
59022
59117
59134
59338
60053
61121
61324
61850
62381
62477
63088
63180
63533
64054
64097
64532
64992
65092
65175
65583
65761
65879
66184
66884
67031
67132
67153
68536
68544
68782
68866
69694
69869
70109
70484
70888
71294
71503
71693
71904
71992
72187
72276
72358
73597
73713
73728
73898
74224
74709
75256
75384
75677
76595
76980
77001
77035
77100
77359
77393
77445
77560
77662
77974
78710
78744
78789
79067
79335
79845
79907
80160
80530
80662
80806
81647
81685
81783
81787
82656
83456
83579
83651
83669
83748
83827
83943
84065
84221
84235
84626
85903
86172
86398
86423
87212
87739
88776
89825
90195
90524
91212
91230
92333
92720
92863
93305
94320
94702
94751
94759
94779
95494
96653
96802
97018
97040
97279
97396
97415
97878
98013
99150
99393
99662
100054
100694
100782
100846
101130
101801
101947
103043
103566
103928
104088
104297
104833
105299
105824
105900
106118
106133
106777
106928
107443
107620
107837
108177
108264
108442
109268
109499
109515
110426
110563
110633
110716
111033
111328
112184
112218
113408
114184
114582
114757
114914
115238
115886
116383
116433
116677
116708
116725
116876
116927
116979
116993
117465
117539
117568
118235
118256
118605
118834
118921
118938
119248
119318
119607
119647
119672
119792
119971
120118
120132
120724
120916
120994
121560
121639
121641
121899
121934
121964
122189
122308
122434
122542
122836
122880
123070
123482
123614
123797
123805
124170
124861
125206
125213
125368
125446
126519
126691
126999
127256
127693
127739
128104
128361
128997
129239
129793
130563
130620
131184
131357
131967
132529
132747
132835
132903
133111
133173
133338
133703
133748
133889
133975
134107
134135
134417
134674
134935
134968
135009
135024
135148
135149
135217
135415
135575
136720
137852
137980
138094
138230
138945
139180
139638
139710
139869
139886
140096
140219
140652
140917
141274
142404
142690
142871
143770
144060
144451
145134
145262
145810
146807
146826
146952
146987
147624
147684
148379
148499
148677
148796
149005
149093
149097
149409
149475
149544
150396
150825
150923
150968
150972
151035
151070
151104
151119
151215
151340
151896
152439
152821
152840
152999
153567
153742
153768
153943
154180
154182
154915
155224
155442
155928
156218
156364
156583
156796
157108
157134
157285
157906
158252
158333
158784
158858
159051
159118
159126
159887
160010
160777
161326
161460
161659
161829
162154
162628
163132
163478
163639
163682
163828
163946
163949
163950
164378
164753
165030
165621
165787
165901
166578
166607
166839
167905
169326
170221
170553
170843
170919
171646
172512
172544
172614
172959
173033
173197
173265
173314
173560
173601
173624
173672
173850
173864
174202
174290
174582
174860
175234
175252
175270
175300
176226
176778
177030
177214
177226
177287
177837
177971
178030
178278
178665
178788
178818
178851
179327
179369
179459
179689
179760
180077
180477
180855
180856
180993
181284
181284
181308
182998
183207
183396
183634
183737
184063
184838
184870
185021
185487
185583
186014
186124
186157
187405
187550
187869
188635
188644
189748
189955
190365
190653
190741
191267
192380
192732
192735
192999
193257
193592
193679
193918
193919
194101
194322
194364
194682
194866
194988
195392
195655
195711
196079
197141
197172
197386
198443
199043
199175
199465
199502
199549
199565
199949
200736
200809
201656
202151
202265
202926
203432
203494
204025
204435
204650
204936
205057
205208
205372
205640
205777
205842
206758
207045
207060
207380
207642
207764
207926
208939
209716
211628
211690
211806
211948
213151
213279
213687
213770
213980
214433
214670
214842
215101
215356
215449
215690
216014
216525
216898
217081
217319
218093
218918
219319
219464
219608
219655
219704
220000
220147
220208
220531
220652
220772
221069
221198
222038
222071
222464
222843
223611
223717
223775
224568
224579
224983
226636
227197
227785
227799
227983
228277
228771
228962
229013
229239
229279
229955
230410
230709
230734
230768
231072
231775
232453
232916
232984
233219
234529
235102
236885
237352
237718
237802
238109
238575
238606
238735
238870
238963
239254
239476
239772
239887
239968
240157
240702
241077
241386
241582
241712
242727
243141
243200
243374
243563
243625
243796
243938
244002
244614
244961
245247
245596
245596
245740
245832
246044
246487
246501
246741
246928
247156
247486
247513
247809
248128
248650
248837
248931
249313
250071
250170
250330
250605
250629
250794
251033
251123
251333
251650
251881
251919
252228
252366
253241
253448
253808
254005
254676
255010
255109
255328
255568
255790
256051
256183
256667
256684
256711
256759
257183
257615
257891
257937
258012
258155
258383
258413
258591
258681
260280
260680
260701
261403
261639
261775
263136
263236
263521
263549
264047
264414
264512
264980
265518
266303
267089
267581
268460
268492
268525
268556
268619
268622
268762
268987
269001
269118
269290
269583
269706
270191
270212
270307
270384
270404
270680
271565
271660
272006
272650
272658
272833
273053
273353
273450
273800
274013
274185
274661
275030
275209
275611
275855
276247
276604
276845
276908
277409
277431
277572
277997
278323
278563
278893
278954
279204
279390
279459
280114
280743
281191
281289
281507
281696
281789
282226
284029
285416
285903
286120
286207
286596
286691
286704
287019
287048
287569
287853
288254
288682
288717
289036
289152
289213
289264
289621
289704
289805
290345
290424
290432
290733
290975
291045
291577
292493
292712
292859
293243
293294
293501
293860
293905
294514
294547
294704
294799
294811
294915
295271
295298
295483
296012
296340
296479
296794
297009
297818
298036
298297
298360
298630
298778
299526
299777
299869
300288
300338
300778
301159
301322
301633
302251
302502
303943
304082
304135
304571
304639
304705
305109
305313
305489
305898
305912
305963
306362
306621
306648
307218
307266
307329
308145
308227
308275
308351
308501
308536
308596
308795
308905
309300
309516
309571
309817
310364
311436
311466
311540
312002
312860
312982
313385
314113
314142
314167
314237
314281
314332
314339
314484
315060
315269
315579
315999
316046
316510
317436
317816
317884
318051
318535
318563
318754
319576
320021
320173
320271
321007
321456
321753
322675
322816
323004
323533
323556
323651
323661
323782
323958
324194
324400
324564
324659
324783
325124
325817
325826
326154
326528
326879
327137
327684
327735
327896
328121
328436
328948
329420
330001
330290
330313
330992
331038
331169
331363
331459
331956
332021
332142
332291
332352
333199
333607
334185
334299
334564
334735
335090
335143
335733
335835
336108
336216
336267
336350
336508
337444
337502
337537
337746
338064
338855
339681
339840
340102
340427
341140
341299
341504
341897
342405
342625
342744
342755
343146
343292
343365
343373
343759
344205
345084
345463
345561
345931
346378
347514
347636
347671
348015
348115
348395
348905
349039
349154
349600
349968
350205
350465
350476
350507
350911
351228
351420
351557
352017
352094
352131
352259
352294
352436
353328
354065
354201
355000
355182
356611
356700
356906
357259
357607
358355
358596
358802
359101
359287
359522
359569
359806
359925
360248
360313
361243
361630
361634
361770
361850
362211
362652
362836
363286
363787
363912
364370
364462
365005
365110
365367
365431
365477
365585
365962
366157
366166
366196
366499
366608
366878
366942
367012
367119
367936
367942
368082
368229
368597
369070
369135
369548
369607
369852
370002
370281
370721
371702
371745
371872
372181
372215
372260
372366
372946
373424
373568
374012
374446
374451
374831
374980
375054
375343
375711
375901
375934
376476
377510
377802
377909
378057
378069
378337
379014
379533
379603
380517
380958
381143
381173
381180
382235
382736
383274
383409
383411
384108
384681
384754
384835
385543
385673
386118
386153
386186
386217
386270
386419
386553
386681
386690
387530
387598
387973
388304
388376
388490
388574
389083
389166
389462
390213
390590
390613
391132
391237
391258
391259
391948
392215
392226
392414
392627
392667
393276
394135
394191
394437
394778
394819
394840
395723
395913
396620
396676
396872
397251
397265
397294
398144
398217
398840
398920
399204
399701
401099
401100
401133
401327
401406
401489
401653
402560
402625
402660
402756
402918
403686
403750
404341
405219
405900
406009
406303
406433
406468
406493
406518
407494
407757
407800
407960
407992
408605
408763
409743
409778
410005
410012
410243
410452
410503
410592
410803
411123
411126
411176
411234
411428
411828
412283
412365
412914
413045
413091
413184
413438
413590
413999
414682
414796
414796
414938
415252
415672
415684
415980
416174
416198
416788
416977
417042
417518
417783
417961
418116
419476
419989
420247
420292
420559
420682
421585
421931
422512
422527
422576
422725
423000
423796
424636
424808
425014
425050
425223
425884
426253
426297
426474
426573
426839
426898
426958
427144
427539
427687
427724
428277
428433
428655
428680
429377
429740
430241
430317
430353
430366
430509
431235
431558
431587
431981
432372
432560
432865
432885
433231
433658
434116
434141
434173
434198
434391
434492
434644
434681
435078
435846
435914
436231
436266
436487
436497
436846
437382
437542
437769
437911
438034
438268
438660
439339
439439
439485
440168
440259
440467
440663
440685
440699
441274
441359
441408
441435
441476
441815
442129
442700
442776
442889
442985
443070
444063
444319
444724
444790
445100
445141
445564
445685
446199
446290
446559
447488
447558
447605
447902
447938
448484
448627
449142
449568
449982
450871
450921
451191
451384
451567
451855
451993
452361
452524
453761
453894
454421
454765
454929
455131
455654
455858
456021
457566
458085
458232
458294
458971
459533
460150
460327
460413
460565
460947
460961
461060
461373
461421
461460
463317
463317
463992
464183
464305
464637
465211
465491
466025
466074
466196
466573
467559
467741
468465
469262
469441
469737
470218
470267
470389
471219
471456
471568
471615
471902
472733
473220
474994
474995
475238
475294
475590
475616
475964
476036
476594
476745
477061
477967
478163
478168
478377
478384
478411
478516
479275
479276
479863
480715
480847
481022
481186
481257
481356
481366
482059
482100
482147
483071
483148
483165
483599
483600
483761
484011
484450
485022
485105
485316
485429
485933
486005
487304
488221
489467
489908
490121
490198
490707
490902
490913
491140
491158
491702
491738
492686
492761
493129
493315
494269
494338
494448
494620
494688
494865
494886
495233
495311
495718
495991
496401
496885
497101
497135
497564
497890
498232
498383
498522
499331
499597
499602
499949
500184
500267
500638
500878
500997
501856
501941
502090
502426
502812
503209
503561
503709
504079
504151
504480
504858
505041
505045
505179
505278
505354
505469
505498
505550
506574
506965
507040
507083
507248
507294
507552
507594
507631
507764
508155
508170
508739
508856
509010
509236
509397
509861
509886
509974
510033
510384
510466
510808
511317
511361
512353
512420
512652
513228
513635
514680
514714
514766
514912
515321
515776
515861
516060
516723
517269
517300
517719
518119
518704
518805
518958
519584
519852
519907
520470
521660
521753
522017
522040
522178
522229
522429
522848
522896
523251
523293
523367
523555
523943
524254
524644
524742
524881
525530
525532
525573
525701
526838
526963
527702
527714
528027
528037
528159
528215
528347
528518
528767
528882
529496
529668
530081
530155
530661
530674
530898
531642
531733
532425
532565
532962
533197
533676
533922
534380
534390
534595
534656
534992
535240
535335
535701
536110
536132
536343
537232
537914
538035
538516
538681
538840
538955
539044
539067
539147
539851
540098
540196
540279
540551
540762
541269
541293
541495
541971
543114
543116
543277
543859
544351
544582
544769
545036
545340
545622
545974
545986
546076
546330
546611
546750
546854
546859
547192
547291
547366
547840
548129
548289
548305
548375
548874
548908
549546
549884
550301
550576
551187
551456
551507
551510
551720
551728
552276
552575
552756
552994
553419
553445
553476
553749
553797
554623
554927
554942
555105
555941
556240
556331
556798
557106
557599
557623
557696
558150
558341
558830
558855
558998
559221
559404
560054
560924
561587
561621
561943
562345
562480
562541
562712
562746
562783
563072
563569
563784
564986
565047
565188
565465
565523
565664
565914
566080
566353
566546
568122
568861
569251
569326
569956
570094
570148
570205
570428
571017
571352
571521
571702
571782
572321
572359
572865
573017
573585
573851
573918
574292
575166
575435
575910
576269
576370
576644
576651
576815
577041
577126
577390
577533
577616
578167
578317
578583
579518
579817
580209
580300
580781
580987
581426
581703
581778
582424
582808
582921
583758
583831
584314
584385
584440
584861
584976
585180
585319
585521
585523
585764
585793
586029
587085
587116
587420
587443
587978
588508
588520
589002
589381
589487
589593
589640
589836
589863
589898
590017
590676
590799
591680
591685
591824
592153
592196
592265
592550
592676
593618
593826
594105
594472
594671
594934
595723
596200
596603
596869
597703
597724
597775
597894
598186
598507
598630
599001
599261
599374
599478
599595
599833
600086
600115
600387
600463
600557
600574
600815
601234
601390
601427
601497
601605
601611
601736
602185
602738
603290
603397
603920
604225
604341
604353
604652
605488
606215
606632
606771
606779
607013
607183
607395
607580
607631
607971
608162
608753
609434
609763
609927
610449
611366
611718
611757
611876
612102
612103
612222
612675
612799
612950
613674
613922
614238
614484
614543
614766
615138
616473
616500
616624
616886
616959
617130
617547
617563
617747
617829
618499
618772
618943
619283
619490
619549
619589
619854
620666
620731
620838
620983
621543
621566
621619
621696
622855
622944
623028
623640
623674
624051
624727
624754
624897
625106
625286
625381
625798
627291
627404
627467
627657
627752
628553
629388
629653
629913
630688
631569
633031
633214
633317
633714
633919
634385
634981
635120
635207
635211
635438
635504
635985
636053
636152
636162
636187
636849
636923
636924
637607
638040
638152
638267
638377
638453
638512
638571
638641
638663
639042
639248
639349
639423
639993
640018
640049
640379
640821
640905
641428
641841
642062
643124
643243
643483
643753
643868
644310
644708
645050
645053
645153
645166
645210
645297
645424
646236
646490
646777
646987
647227
647799
648006
648176
648307
648574
648743
648815
649202
649247
649337
649623
649871
649904
650109
650794
650876
650957
651221
651519
651555
651574
651640
651709
651822
651963
652030
652423
652748
653165
653243
653442
653817
654148
654241
654308
654349
654709
654880
655200
655354
655648
656377
656408
657260
657777
657919
658240
658309
658449
658536
658552
658810
659155
659276
660015
660023
660590
660665
660796
660804
661222
661282
661575
661660
661740
661825
661848
664467
664581
664860
665383
665460
665682
666329
666366
666432
667128
667152
667254
667264
667399
668175
669029
669205
669279
669285
669513
670533
670986
671491
671692
671801
672183
672314
672614
672681
672920
673764
674265
675588
676200
676489
676803
676939
676961
676967
677277
677605
677743
678218
678286
679472
679949
680723
680902
681387
681539
681746
681858
681944
682645
682967
683379
683546
683836
684274
684612
684670
684904
684962
686305
686899
687003
687496
687714
687965
688016
688073
688807
688973
689992
690034
690062
690622
690788
690847
690879
690968
691130
691741
692134
692351
692386
692525
692851
693681
693740
693825
694071
694612
694789
695034
695090
695156
695742
696089
696122
696299
696637
696640
696806
697247
698619
698705
698962
699138
699151
699255
699477
699877
700145
700840
701186
701481
701652
702243
702815
703082
703204
703279
703403
703754
703814
704081
704400
704635
704834
704844
705074
705081
705745
706196
706970
706976
707128
708166
708332
708910
709154
709220
709607
710048
710109
711021
711153
711328
711453
711548
711911
712056
712064
712785
713248
713286
713373
713438
713674
714007
714195
714424
714840
715608
716104
716202
716288
716336
716903
716904
716988
717307
717707
717995
718247
718699
718771
718966
719164
719287
720056
720473
720494
720513
721016
721173
721197
721226
721256
721604
721976
722146
723219
723304
723534
723876
724025
724198
724548
724583
724594
724841
725906
726407
726981
727217
727237
727956
728236
728414
728603
729011
729491
729905
730486
730509
730655
731187
731281
731483
731891
731914
732067
732560
733186
733313
733353
733505
733883
734248
734322
734704
735165
735688
735955
736418
736580
736612
736700
736757
736968
737528
738359
738672
738727
739217
739510
739663
740510
740963
741061
741888
741934
742532
742992
743306
743768
743809
744085
744211
744652
744652
744857
745079
745155
745451
745695
746753
747075
747254
747640
747869
747958
747987
748757
748929
749303
750235
750878
750905
751044
751761
751805
752005
752395
752918
752976
754335
754779
754836
754890
756232
756738
757722
757985
758299
758431
758530
758652
758776
758842
758844
759366
759413
759680
759854
760643
761036
761743
762206
762335
762411
762446
762547
762606
762659
763029
763560
764565
764648
764718
764933
765698
765869
766633
766932
767092
767226
767293
767590
767991
768428
768440
768527
768965
768976
769000
769072
769627
770480
770537
771084
771208
771250
771939
771996
772320
772562
773291
773830
773961
773994
774141
774413
774501
774800
774849
774987
775386
775426
775910
776920
777059
777095
777222
777664
777684
777737
778064
778324
778331
778359
778365
778788
778899
779160
779528
779663
781586
781665
781719
781899
782917
783043
783488
784389
784390
784896
786032
786352
786469
786700
787374
787418
787433
787495
788048
788205
788238
788266
788523
788780
788862
788870
789258
789366
789654
789771
790536
791045
791222
792561
792830
793535
793618
793887
795088
795150
795507
795657
795969
796088
797112
797126
797224
797368
798001
798048
798315
798894
799704
799919
800287
800353
800493
800592
800769
800890
801268
802725
803286
803385
803647
803826
804031
804058
804491
804625
804808
804820
804918
804990
805121
805188
805321
806469
806494
807556
807961
808075
808161
808351
808478
808494
808830
809307
809537
809839
810436
810836
811410
811532
812294
812499
812584
812755
813054
813206
813240
813445
813549
813559
813687
814770
814770
815049
815173
815517
815884
816027
816064
816126
816600
816911
817032
817672
818094
818398
818575
818646
818880
818932
819004
819410
819493
819611
820044
820848
821191
821592
821743
821802
822013
822018
822099
822177
822923
823220
823305
823347
823426
823479
823677
824268
824563
824588
824709
825192
825936
826099
826354
827108
827486
828448
828834
829013
829198
831281
831440
831873
832276
832634
832830
833231
833558
833593
834574
834767
835326
835469
835746
835793
835950
836308
837054
837472
838240
838427
838469
838597
838636
838665
838787
839002
839895
840587
840995
841098
841161
841221
841371
842271
842340
842436
842661
842802
842850
843034
843287
843493
843529
844002
844214
844329
844377
845628
845639
846920
847415
847714
847766
847988
848269
848399
848810
848980
849410
850011
851705
852022
852153
852597
852683
852812
853306
853480
853641
853717
853961
854867
855006
855788
855992
856081
856413
856481
856489
856673
856957
857151
857618
858242
860424
860631
860705
860899
860902
862180
862539
862549
863928
864107
864338
865229
865798
866428
866687
866729
866735
866967
866977
867324
867958
868158
868449
868557
868607
869367
869635
869661
870098
870444
870983
871254
871412
871433
871540
871881
872136
873253
873814
874149
874430
874576
874719
875081
875255
875376
875874
876106
876208
876520
876870
877343
877364
878387
879217
879959
880020
880590
881082
881461
882100
882168
882682
882925
882994
883233
883445
883466
883596
883618
883661
883697
884108
884602
884840
884988
884992
885624
885838
886266
886820
886886
886896
887168
887721
887936
888193
888327
888741
888805
888907
888958
889213
889215
889371
889379
889405
889695
889709
889813
890057
890061
890241
890648
890882
891331
891992
892114
892222
892317
892478
893141
893180
893474
893652
894088
894288
894393
894453
894632
895451
895640
896383
897088
897494
897748
897880
898102
898601
898740
898751
900005
900146
900216
900339
900740
900903
901697
901717
902134
903109
903249
903743
904122
904136
904330
904974
905047
905491
905544
905560
905743
905844
905929
906312
907177
908048
908565
908596
908598
910006
910905
911274
911507
912285
912329
912609
912783
912817
912848
913109
913408
913701
913749
914044
914414
914945
915489
915661
915819
916065
916592
916624
916711
917428
917879
918053
918262
918278
918794
918823
919349
919682
920717
920902
921050
921402
921732
921739
921862
922617
922693
922755
922902
923893
923926
924039
924288
924324
924563
924830
925353
925668
925700
925746
925845
925948
926532
926753
927095
927822
928120
928359
928384
928407
928719
929122
929281
929642
929734
929873
930215
930374
930380
930884
931126
931353
931355
931386
932191
932890
933386
933730
933996
935013
935480
935576
935596
935726
935801
935953
935979
935984
936155
936186
936370
936723
936781
936834
937081
937121
937231
937757
937809
938719
938942
940109
940434
940488
941000
941008
941656
941829
942126
942261
942418
942756
943082
943383
943928
943948
943970
944822
945030
945069
946071
946074
946093
946740
947087
947482
947750
948147
948856
948959
949138
949227
949269
949746
950014
950038
950144
950624
950717
951676
951813
951840
951931
952371
952423
953193
953471
954147
954165
954242
954613
955008
955270
955485
955685
955691
955903
956028
956299
956310
956496
956583
956830
958402
958807
958921
959333
959547
959763
960093
960562
960843
960939
961037
961725
961896
962141
962693
962735
962740
962844
963052
963094
964595
964701
964722
964949
965302
965423
965633
965678
965755
966371
967060
968495
969007
969234
970086
970663
970673
971221
971928
971981
971994
972010
972088
972426
972833
973040
973155
973338
973347
973852
974242
974281
975102
975288
975650
976171
976585
976741
977427
977475
977823
977990
978294
978570
978668
978794
979039
979121
979459
979926
980300
980506
980590
980749
980886
981885
982317
982328
982558
983069
983302
983696
984121
984159
984173
984287
984737
984913
984990
985638
985649
985679
986015
986304
986572
986709
986726
986922
987829
987830
988297
988381
989076
989453
989874
990177
990224
991840
992230
992433
992486
992754
993918
994180
994336
995509
995704
996190
996230
997366
997660
997675
997689
998499
1000093
1000560
1000604
1000705
1000734
1000750
1000881
1001332
1001592
1001903
1002433
1002969
1002988
1003259
1003481
1003944
1004169
1004320
1004686
1004709
1004731
1004864
1005333
1005763
1006209
1006228
1006590
1006776
1006829
1007042
1007063
1007383
1007520
1007675
1007770
1007882
1008071
1008567
1008733
1008759
1008787
1009961
1010088
1010111
1010755
1011049
1011192
1011344
1011567
1011587
1012187
1012561
1013411
1013449
1014593
1014808
1015258
1015288
1015574
1015584
1015740
1015820
1015899
1016325
1016498
1016624
1016677
1016693
1016807
1017425
1017489
1017644
1018366
1018418
1018470
1018640
1018943
1019147
1019866
1019963
1020134
1020209
1020277
1020579
1020583
1021008
1021882
1021892
1022036
1022397
1022614
1022623
1022632
1022721
1023201
1023396
1023399
1023443
1023571
1023582
1023774
1023852
1023884
1024717
1025727
1025870
1026193
1026859
1026902
1027599
1028220
1028326
1028621
1028720
1029233
1029697
1029791
1029897
1030062
1030319
1030965
1031579
1031709
1031940
1032310
1032573
1033549
1034237
1034449
1034541
1034777
1035248
1035272
1035398
1035795
1036443
1036671
1037043
1037092
1037138
1037291
1037719
1037878
1038615
1038824
1039034
1039092
1039187
1039232
1039364
1039433
1039782
1040580
1040952
1041263
1041271
1041731
1041992
1042221
1042250
1042308
1042467
1042489
1042693
1042906
1043032
1043837
1043841
1044251
1044332
1044407
1044432
1044923
1044986
1045703
1046241
1046776
1046884
1047238
1047294
1047595
1048394
1048542
1048716
1048766
1048901
1049109
1049134
1049276
1050486
1050565
1050797
1051026
1051066
1051308
1051533
1051544
1051549
1052154
1052187
1052203
1052577
1053322
1053397
1053507
1054234
1054317
1054360
1055214
1055275
1055683
1055766
1055999
1056635
1056951
1056964
1057655
1057798
1057909
1058037
1058111
1058176
1058214
1058405
1058486
1058828
1059397
1059430
1059632
1059998
1060602
1060702
1061501
1061546
1061749
1062172
1062883
1063006
1064197
1064219
1064473
1064946
1064998
1065250
1066052
1066461
1066665
1067081
1067617
1067642
1067643
1067649
1068498
1068648
1068839
1069574
1069763
1069801
1069949
1070262
1070389
1070623
1070638
1071103
1071242
1071243
1071737
1072173
1072712
1073198
1073208
1073715
1074308
1074522
1074761
1074782
1074969
1076146
1076161
1076299
1076323
1076481
1076718
1077020
1077474
1077505
1077745
1077817
1077873
1078180
1078378
1078528
1078559
1079146
1079434
1079739
1080028
1080242
1080276
1080598
1080693
1081212
1081407
1081418
1081903
1082157
1082974
1082981
1082999
1083108
1083134
1083744
1083765
1084063
1084301
1085000
1085713
1086033
1086799
1086957
1086964
1087927
1087966
1088716
1088737
1088837
1088842
1088878
1088949
1089087
1089138
1089431
1089594
1090475
1090790
1091401
1091964
1092049
1092231
1092296
1092727
1092848
1093422
1093544
1094061
1094386
1094515
1094658
1095123
1095160
1095571
1096451
1096787
1097055
1097243
1098171
1098394
1098665
1098669
1099539
1100201
1100263
1100594
1100641
1100747
1100787
1101265
1101877
1101944
1102458
1103461
1103912
1104455
1104590
1104774
1105031
1105573
1106116
1107675
1107691
1107767
1107989
1108217
1108244
1108295
1108389
1109069
1109403
1109438
1109546
1109949
1110188
1110332
1110433
1110944
1111433
1111818
1111959
1112519
1112815
1113176
1113725
1114054
1114165
1114218
1114256
1114545
1114621
1115004
1115261
1115686
1117756
1117872
1117934
1118012
1118225
1119106
1119293
1119464
1119548
1119929
1120177
1120504
1120646
1120679
1121087
1121220
1121365
1121558
1121589
1121717
1121757
1121926
1122853
1122982
1123129
1124127
1124231
1124618
1125040
1125125
1125150
1125170
1125309
1125399
1126088
1126423
1126493
1127675
1128600
1128845
1128966
1129073
1129330
1129458
1129492
1130054
1130339
1131863
1132377
1132398
1132567
1132664
1132683
1132706
1133335
1133346
1133529
1134100
1134755
1134828
1134975
1135034
1135932
1136197
1136313
1136407
1136735
1137035
1137171
1137207
1137404
1137639
1137856
1138525
1138656
1138701
1138795
1139412
1139478
1140761
1141257
1141591
1141810
1141907
1143065
1143194
1143621
1143908
1144640
1144679
1144764
1144836
1145425
1145626
1145984
1146004
1146249
1146371
1146519
1146636
1146997
1147426
1147558
1147723
1147921
1147958
1148865
1148908
1149317
1149963
1150404
1151372
1151622
1152159
1152325
1152338
1152584
1152769
1153167
1153253
1154183
1154206
1154252
1154519
1154752
1155216
1155243
1155694
1156170
1156254
1156453
1156831
1156861
1157368
1157504
1157915
1158577
1158929
1159349
1159627
1159953
1160036
1160225
1160400
1161204
1161278
1161348
1161514
1161697
1161831
1161952
1162472
1162893
1162929
1163194
1163457
1163835
1164857
1165067
1165347
1165632
1165810
1165835
1166075
1166393
1166707
1166857
1166982
1167001
1167457
1167612
1167972
1168285
1168543
1169721
1170042
1170170
1170198
1170332
1171877
1171903
1172244
1172262
1172373
1172586
1172794
1173736
1173808
1173909
1174036
1174191
1174260
1174422
1174618
1174628
1174862
1174882
1175113
1175320
1175334
1175343
1175537
1175616
1175718
1177002
1177211
1177281
1177567
1177746
1178242
1179472
1179668
1179740
1179945
1180418
1180860
1181222
1181228
1181638
1182074
1182312
1182863
1182982
1183002
1183008
1183897
1183968
1183990
1184020
1185251
1185275
1185483
1185689
1185853
1185884
1186347
1186575
1186899
1187114
1187750
1188079
1189271
1189367
1189389
1189442
1189573
1189733
1189903
1191004
1191767
1192290
1192383
1192735
1193201
1193506
1193560
1193603
1194083
1194181
1194257
1194271
1194735
1194812
1195796
1196374
1196534
1196677
1196759
1198433
1199475
1199683
1200183
1200428
1202108
1202486
1203214
1203526
1204079
1204155
1204393
1204423
1204497
1204609
1205003
1205246
1205504
1205522
1206078
1206928
1207016
1207568
1208520
1208587
1208623
1208789
1208973
1209364
1209479
1209991
1211466
1211516
1211852
1212049
1212421
1212606
1213160
1213876
1215704
1215761
1216151
1216754
1217168
1217216
1217270
1217366
1218078
1218229
1218348
1218662
1218824
1218906
1218962
1218980
1219228
1219397
1219463
1219726
1219970
1220392
1221010
1221104
1221722
1222105
1222156
1222744
1223905
1224197
1224222
1224235
1224606
1224756
1224801
1225657
1225932
1225938
1226477
1227062
1227760
1228000
1228465
1228519
1228988
1229077
1229534
1229594
1229645
1229913
1230200
1230489
1231498
1231752
1231935
1232336
1232774
1232970
1232980
1233085
1235035
1235071
1235385
1235940
1236117
1236152
1236507
1237174
1237600
1237774
1238222
1238330
1238763
1238798
1238855
1238935
1239046
1239059
1239159
1239294
1239376
1239504
1239770
1239850
1240076
1240172
1240354
1240696
1241343
1241443
1241724
1241838
1242016
1242436
1242552
1243029
1243625
1243892
1244913
1245589
1245809
1245893
1246162
1246262
1246408
1246513
1246626
1247569
1248202
1248307
1248836
1249311
1250227
1250950
1250967
1251151
1251414
1251487
1251489
1251509
1251526
1252218
1252253
1252514
1253172
1253172
1253706
1253719
1254068
1254192
1254429
1254542
1254656
1255565
1255685
1255977
1256304
1256339
1256469
1256576
1257608
1257887
1257931
1258009
1258730
1259117
1259170
1259208
1259547
1259552
1259596
1259690
1259781
1260468
1260659
1261057
1261389
1261716
1261791
1262453
1263212
1263484
1263731
1263751
1264516
1264818
1265568
1266625
1266966
1267408
1267612
1267725
1267761
1267837
1267935
1267982
1268295
1268733
1268840
1269057
1269463
1269479
1270427
1270522
1270932
1271049
1271435
1272706
1272898
1273285
1273324
1273401
1273739
1273810
1274117
1274139
1274796
1275490
1275755
1275988
1276256
1276294
1276676
1277082
1277502
1277660
1278428
1278569
1278791
1279377
1279403
1279724
1280324
1280346
1280576
1280708
1281105
1281497
1281547
1281662
1281785
1281972
1282146
1282210
1282868
1282986
1283163
1283326
1283470
1283604
1283729
1284001
1284200
1284291
1284303
1284349
1284376
1284517
1284601
1284709
1284857
1284945
1285069
1285072
1286221
1286264
1286355
1287187
1287616
1287796
1287850
1287878
1288029
1288245
1289301
1289787
1290160
1290344
1290420
1290573
1290667
1291167
1291290
1291478
1291726
1292626
1292668
1292890
1293477
1293846
1294649
1294979
1295340
1296750
1296997
1297053
1297291
1297570
1297669
1298166
1298291
1298352
1298675
1298794
1299143
1299406
1300221
1300549
1300899
1301192
1301525
1301538
1301541
1301908
1302007
1302076
1302242
1302439
1302768
1303322
1305106
1305275
1305440
1305571
1305748
1306182
1306624
1306896
1306955
1307258
1307538
1307956
1308046
1308454
1309265
1309268
1309546
1310007
1310391
1310887
1311044
1311254
1311580
1312058
1312262
1312303
1312420
1312466
1312555
1312729
1313201
1313412
1313415
1313493
1313835
1314017
1314540
1315029
1315812
1316004
1316683
1318235
1318317
1318675
1318970
1319043
1319048
1319153
1319413
1319665
1320254
1320305
1320446
1320477
1320958
1321151
1321941
1322255
1322431
1323281
1323475
1323486
1323685
1323704
1323796
1324211
1324362
1324766
1324946
1325272
1326494
1326865
1326890
1327959
1328404
1328471
1328500
1329025
1329131
1329336
1330547
1330760
1331700
1331751
1331821
1332435
1332974
1333216
1334184
1334342
1334453
1334617
1335004
1335109
1335290
1335383
1335691
1336751
1336798
1337190
1337248
1337615
1338140
1338790
1338940
1338955
1338994
1339259
1340521
1340605
1340612
1340632
1340864
1341098
1341744
1342239
1342714
1343248
1343593
1343620
1343769
1344186
1344271
1344478
1345332
1346202
1346316
1346423
1346696
1346755
1346935
1347596
1347993
1348161
1348259
1349209
1349216
1349337
1349352
1349680
1349845
1350112
1350442
1350642
1350690
1350832
1351039
1351907
1352049
1352312
1352434
1352845
1352915
1353397
1354121
1354208
1354341
1354465
1354675
1354911
1355082
1355189
1355898
1356024
1356257
1356865
1357040
1357120
1357433
1357574
1357685
1358169
1358436
1358759
1359033
1359077
1359170
1359568
1359615
1360020
1360248
1360505
1360845
1361555
1361567
1361830
1362186
1362306
1362654
1362886
1362938
1363069
1363301
1363388
1363570
1363716
1363811
1363944
1363961
1364160
1364314
1365045
1365154
1365653
1365838
1365968
1365995
1366493
1366962
1366978
1367982
1368001
1368291
1368561
1368690
1369203
1369410
1369911
1370588
1370601
1370846
1371273
1371479
1371538
1372135
1372350
1372512
1372589
1372678
1372892
1373426
1373672
1373851
1374172
1374293
1374958
1375134
1375727
1376088
1376479
1376704
1376810
1376933
1377723
1377927
1378894
1379223
1379329
1379354
1379474
1379508
1379510
1379804
1380370
1380374
1380826
1381161
1381209
1381315
1381350
1381490
1381503
1381748
1381778
1381830
1381901
1382041
1382163
1382263
1382304
1382435
1382628
1383122
1383193
1383354
1383377
1383836
1384020
1384484
1384651
1384754
1384840
1384928
1384953
1385494
1386179
1386217
1387373
1387595
1387665
1388395
1389206
1389622
1389709
1390418
1390546
1390837
1391327
1391390
1391956
1392162
1392254
1392427
1393050
1393076
1394270
1394418
1394591
1394814
1395444
1395660
1395925
1396594
1396874
1398650
1398888
1399683
1399953
1400090
1400160
1400403
1400660
1401038
1402051
1402401
1402727
1402861
1403091
1403095
1403105
1403218
1403403
1403517
1403658
1403665
1403773
1404164
1404994
1406047
1407416
1407989
1408166
1408177
1408243
1408376
1408618
1408839
1409036
1409964
1410515
1410728
1410781
1410826
1410913
1411018
1411059
1411891
1411955
1412363
1412555
1412678
1412799
1413025
1413086
1414184
1414376
1414537
1415239
1415871
1416000
1416185
1416305
1416549
1417008
1417014
1417233
1417339
1417383
1417528
1417855
1417893
1418899
1419155
1419391
1420054
1420180
1420580
1420862
1420909
1420957
1421663
1421698
1421987
1422131
1422407
1422425
1422682
1422856
1422990
1423320
1423582
1424264
1425092
1426046
1426129
1426338
1426675
1426705
1426949
1426992
1427506
1427521
1428447
1428588
1428945
1429679
1430350
1430425
1430621
1431197
1431630
1432372
1432741
1432943
1433931
1434471
1434607
1434710
1434777
1434910
1435309
1435517
1435966
1436308
1436647
1436839
1436981
1437192
1437407
1438201
1438539
1439026
1439363
1439480
1439859
1439954
1440611
1440780
1440883
1441076
1441177
1441516
1441989
1442160
1442350
1442492
1442729
1442894
1442928
1442939
1442998
1443564
1443862
1443891
1444597
1445089
1445269
1445618
1445976
1446229
1446359
1446992
1448803
1449338
1449520
1449526
1449562
1449981
1449984
1450676
1451000
1451240
1451271
1451641
1452058
1452457
1452902
1452983
1454268
1454435
1456329
1456477
1456811
1456894
1457385
1457837
1458000
1458315
1458466
1458864
1459128
1459273
1459287
1459381
1459623
1459662
1459693
1459864
1460277
1460319
1460360
1460649
1460899
1461396
1461618
1462255
1463222
1463356
1463525
1463715
1463792
1464600
1464943
1465010
1465221
1465342
1466047
1467481
1467855
1468010
1468186
1468282
1468303
1468313
1468418
1468716
1468726
1468779
1468809
1468882
1468897
1468959
1469078
1469183
1469427
1470327
1470339
1470418
1470709
1471075
1471352
1471665
1472169
1472737
1472988
1473450
1473702
1473792
1474365
1474522
1474614
1474709
1474747
1475840
1476210
1476278
1476834
1477023
1477199
1477808
1478248
1479036
1479496
1479672
1480353
1480474
1480688
1480705
1481497
1481714
1482037
1482066
1483657
1483785
1484054
1484308
1484486
1485540
1485756
1485760
1485809
1486585
1486651
1486973
1486986
1487457
1487554
1487702
1487935
1488160
1488718
1488958
1489457
1489550
1489694
1489841
1490103
1490103
1490208
1490526
1490616
1490656
1490788
1491848
1492934
1493581
1493782
1493892
1494289
1494570
1494738
1494982
1495012
1495184
1495458
1495501
1495882
1496074
1496472
1496605
1496687
1497153
1497160
1497303
1497328
1497745
1497831
1497996
1498856
1499014
1499082
1499248
1499742
1500074
1500261
1501213
1501486
1501492
1501881
1501917
1502270
1502603
1502850
1503050
1503107
1503115
1503298
1503365
1503976
1504292
1504584
1505247
1505403
1505791
1505949
1506180
1506509
1506914
1507326
1507578
1507676
1507965
1508061
1509542
1509895
1510118
1510278
1510481
1510556
1511280
1511561
1512355
1512401
1512634
1512735
1513131
1513168
1514153
1514293
1515056
1515118
1515907
1516129
1516274
1516765
1517208
1517436
1517621
1517753
1517835
1517940
1518438
1518714
1519012
1519208
1519299
1519356
1519682
1520224
1520409
1520671
1522943
1523331
1523504
1523880
1524389
1524566
1524835
1524940
1525403
1525505
1525570
1525598
1526356
1526574
1526696
1527080
1527310
1527315
1527587
1528020
1529007
1529217
1529429
1529576
1529893
1530013
1530058
1530211
1530608
1531334
1532162
1533114
1533214
1533957
1534135
1534615
1534907
1535199
1535336
1535377
1535385
1535684
1535697
1536148
1536630
1537933
1537997
1538169
1538520
1539213
1539682
1540372
1540737
1540859
1541075
1541501
1541621
1541707
1542004
1542095
1542445
1542612
1542912
1543593
1543988
1544070
1544451
1544983
1546005
1546651
1546834
1547718
1547777
1547985
1548041
1548078
1549527
1549805
1550292
1551004
1551659
1551667
1551709
1552026
1552102
1552390
1552775
1552848
1552893
1553233
1553760
1554503
1554723
1554876
1554991
1555044
1555263
1555475
1555545
1555774
1555815
1555848
1555886
1556467
1556828
1557327
1557997
1558703
1559891
1559974
1560181
1560409
1560472
1560826
1560868
1561928
1562149
1562447
1562861
1562948
1562955
1563100
1563464
1563553
1563708
1564263
1565385
1565441
1565745
1565779
1566053
1566203
1566364
1567108
1567291
1567596
1567654
1567881
1567923
1568324
1568406
1568701
1568712
1569362
1569796
1570035
1570131
1570661
1570739
1570787
1571189
1572253
1572362
1572394
1572512
1572839
1573515
1573630
1573693
1573775
1573883
1574114
1574231
1574733
1576032
1576603
1576664
1577096
1577887
1577973
1577979
1578783
1579391
1579696
1580355
1580941
1581140
1581205
1581233
1581768
1581895
1581908
1582193
1582342
1582551
1582589
1582679
1583199
1583538
1583572
1584401
1584492
1585453
1585970
1586996
1587003
1587113
1587470
1587888
1588435
1588809
1588916
1589421
1589557
1589675
1590016
1590248
1590510
1590566
1590850
1590961
1590966
1591057
1591390
1591748
1591916
1592060
1593806
1594005
1594097
1594592
1594810
1594968
1595088
1595092
1595214
1595507
1595653
1595722
1595771
1596150
1596421
1596441
1596609
1596628
1596665
1596768
1596917
1597223
1597417
1597483
1597627
1597670
1598173
1598210
1598488
1598491
1598492
1598516
1598702
1598727
1598870
1599043
1599186
1599427
1599458
1600483
1600718
1601122
1601128
1602156
1602421
1603382
1603552
1603639
1603673
1603869
1603983
1604405
1604482
1605020
1605634
1606036
1606611
1607045
1607197
1607366
1607729
1608031
1608231
1608479
1608698
1608920
1609026
1609849
1610185
1611120
1611402
1612343
1612478
1612529
1612643
1612811
1612905
1612946
1613220
1613588
1613691
1614207
1615442
1615637
1615979
1616304
1616452
1616596
1616680
1616905
1616968
1617021
1617323
1618013
1618184
1618192
1618217
1618240
1618326
1618459
1618551
1618690
1618909
1619625
1619804
1620109
1620166
1620278
1620557
1620655
1620924
1620971
1621745
1621917
1622127
1622845
1623175
1623437
1623660
1624663
1624783
1624877
1625207
1625316
1625589
1625770
1626035
1626195
1626552
1626610
1626792
1626925
1627245
1628026
1628166
1628781
1628801
1628844
1629235
1630019
1630046
1630858
1630878
1631092
1631796
1632428
1632457
1632787
1632788
1633056
1633060
1633405
1634061
1634318
1634321
1635079
1635091
1635450
1635731
1636074
1636094
1636138
1636182
1636473
1636580
1636640
1636729
1637025
1637758
1637840
1638229
1638282
1638872
1639035
1639377
1639451
1639741
1639784
1639913
1640010
1640155
1640259
1640652
1640691
1642264
1642564
1642735
1643103
1643311
1643334
1643406
1644249
1644265
1644266
1644556
1645212
1645212
1645578
1645890
1646090
1646201
1646241
1646269
1646552
1647008
1647506
1648003
1648174
1648203
1648745
1648784
1648961
1649063
1649076
1649240
1649320
1649861
1650353
1650538
1650557
1650945
1651182
1651403
1652148
1652302
1652419
1652727
1652831
1653024
1653466
1653571
1653606
1653641
1653866
1654309
1654645
1654879
1655816
1655854
1655883
1656089
1656093
1656214
1656303
1656654
1656672
1656726
1657284
1657667
1657670
1658760
1659160
1659507
1659803
1660136
1660367
1660374
1660415
1660437
1660516
1660720
1660825
1660968
1661189
1661269
1661279
1661503
1662249
1662707
1663127
1663255
1663457
1663808
1664267
1664455
1664565
1665039
1665178
1665257
1665516
1665595
1666149
1666806
1666850
1667558
1667706
1668197
1668347
1668696
1668944
1668977
1669714
1669915
1670621
1671266
1671519
1672089
1672414
1672983
1673393
1673760
1674159
1674283
1674367
1675597
1675890
1676330
1676607
1677331
1679469
1679518
1679607
1679772
1680111
1680529
1680802
1680975
1681044
1681215
1681361
1681459
1681691
1681956
1682165
1682646
1683028
1683328
1683533
1683980
1684385
1684883
1685198
1685413
1686444
1687024
1687053
1688068
1688343
1688441
1688963
1689262
1689304
1690244
1690267
1690381
1690654
1690658
1691239
1692665
1692995
1693723
1694483
1694553
1696079
1696124
1696211
1696316
1696432
1696458
1696503
1696622
1696787
1697024
1697244
1697398
1697828
1697883
1698429
1698669
1698673
1699485
1699616
1699834
1699900
1701355
1701583
1701719
1702103
1702500
1702593
1702974
1704433
1704715
1705389
1705468
1706584
1706588
1707334
1707697
1707872
1707971
1707997
1708094
1708496
1708753
1708937
1709124
1709312
1709521
1709552
1709746
1709791
1710060
1710232
1710281
1710403
1710484
1710546
1710561
1710614
1711227
1711389
1711820
1712082
1712295
1712747
1713490
1713834
1714161
1714572
1715251
1715907
1716008
1716030
1716305
1716319
1716653
1716859
1716978
1717133
1717471
1718289
1719227
1719592
1719755
1719885
1720091
1720248
1720361
1720859
1721135
1721211
1721380
1721453
1721460
1722072
1722115
1722559
1722897
1723066
1723084
1723104
1723222
1723619
1724434
1724439
1724526
1724740
1724766
1725273
1725314
1725512
1726702
1727069
1727153
1727576
1727596
1727931
1728087
1728448
1728600
1728926
1729158
1729709
1730102
1730185
1731496
1731506
1731561
1731569
1731619
1731760
1732289
1733360
1733390
1733531
1733737
1734189
1734744
1734894
1734946
1735507
1735525
1736266
1736730
1737575
1737835
1738066
1738074
1738394
1738880
1738951
1738987
1739288
1739610
1739632
1740371
1740989
1741405
1741786
1742650
1742811
1742979
1744268
1744349
1744365
1744646
1744693
1744886
1745033
1745151
1745871
1746114
1746214
1746214
1746620
1746940
1746941
1747181
1747271
1747352
1747484
1747672
1747809
1747873
1748394
1748592
1749103
1749315
1749378
1750207
1751715
1751747
1751782
1751805
1751857
1751905
1752159
1752653
1753902
1753913
1754400
1754901
1755160
1755251
1755485
1755685
1755701
1755856
1756010
1756139
1756193
1756288
1756563
1756732
1757645
1757681
1757960
1758082
1758182
1758448
1758883
1758990
1759178
1759544
1759627
1760018
1760392
1760514
1760760
1760765
1761980
1762088
1762127
1762203
1762286
1762795
1763099
1763721
1765092
1765255
1765450
1766157
1766373
1766387
1766624
1766879
1767521
1768422
1768839
1769397
1769471
1769754
1770088
1770734
1771222
1771720
1771924
1772019
1772538
1772700
1772760
1772919
1773350
1774006
1774255
1774304
1775309
1775903
1776140
1776270
1776782
1776896
1777455
1777579
1777777
1777963
1778586
1778897
1778926
1779118
1779218
1779466
1779566
1779707
1779719
1779974
1780559
1781654
1781933
1782048
1782232
1782279
1782896
1783192
1783259
1783887
1784207
1784398
1784416
1785560
1785703
1785951
1786350
1786505
1787089
1787134
1788156
1788160
1788302
1788688
1788883
1789596
1790270
1790311
1790529
1790606
1790759
1791183
1791477
1791479
1791486
1791541
1791807
1792063
1792261
1792354
1792389
1792402
1792685
1792810
1792882
1793066
1793310
1793416
1793457
1793609
1793687
1793821
1793914
1794311
1794424
1794808
1794969
1795454
1796051
1797124
1797159
1797561
1797884
1798476
1798655
1799188
1799246
1799270
1800129
1800333
1800429
1800463
1800620
1801570
1801616
1801731
1801850
1802137
1802186
1802310
1803158
1803354
1803638
1804121
1804205
1804515
1804517
1805281
1805557
1806360
1806481
1806489
1806801
1807034
1807409
1807735
1808201
1808627
1808665
1808815
1808945
1809191
1810038
1810228
1810294
1810336
1810428
1810739
1811236
1811372
1811797
1812709
1812773
1813001
1813015
1813396
1814060
1814381
1814481
1814583
1814690
1814710
1814808
1814843
1815916
1816462
1816566
1817221
1818165
1818366
1818679
1818796
1818828
1819404
1819533
1819986
1820092
1820113
1820460
1820636
1821765
1821781
1821948
1821953
1822173
1822725
1822835
1822962
1823002
1823848
1824044
1824657
1824798
1825858
1825872
1827399
1827758
1827885
1828001
1828378
1828759
1828979
1829257
1829431
1829542
1829821
1830346
1830497
1831122
1831403
1831505
1831738
1831998
1832449
1832740
1832791
1833097
1833336
1833380
1833428
1833502
1833508
1833643
1833734
1835025
1835779
1836017
1836089
1836653
1836835
1836854
1837756
1838085
1838334
1838714
1838887
1838937
1839432
1839645
1839942
1840034
1840193
1840812
1841000
1841261
1841275
1841422
1841784
1841853
1842156
1842382
1842442
1842890
1843116
1843281
1843471
1843781
1843860
1843948
1844259
1844321
1844583
1845029
1845507
1846765
1847016
1848108
1848406
1848460
1848503
1848537
1849545
1849602
1849609
1849906
1851058
1851164
1851556
1851718
1851983
1851985
1852666
1852691
1853541
1853589
1853603
1853611
1854412
1854835
1856261
1856315
1857495
1857544
1857949
1857993
1858142
1858996
1859370
1859978
1860134
1860325
1860565
1861006
1861183
1861208
1861379
1861497
1862364
1862516
1862852
1862988
1863273
1863279
1863582
1863839
1863845
1864322
1865079
1865206
1865293
1865592
1865686
1865926
1866341
1867152
1867857
1868204
1868723
1869108
1869428
1869464
1869721
1869796
1870083
1870989
1871035
1871180
1871325
1871431
1871728
1871778
1871935
1872171
1872500
1872858
1873032
1873928
1874428
1874851
1875694
1875776
1876039
1876060
1876831
1877385
1878193
1878320
1878421
1878954
1879486
1879704
1879862
1880066
1880454
1880704
1880809
1880878
1880890
1880956
1881362
1881443
1882271
1883090
1883907
1884963
1885320
1885483
1885931
1886249
1886723
1886856
1887303
1887786
1888282
1888419
1888435
1888645
1888751
1889613
1890074
1890517
1890526
1891925
1892059
1892347
1892408
1892563
1892630
1892704
1892965
1893473
1893743
1894074
1894090
1894365
1894457
1894607
1894933
1894975
1895073
1895312
1895501
1895523
1896106
1896252
1896399
1896727
1896876
1897127
1897357
1897484
1897796
1898428
1898763
1900462
1900547
1900987
1901062
1901518
1901585
1902037
1903024
1903063
1903310
1903853
1903888
1903957
1904542
1904634
1904877
1905005
1905465
1905614
1905732
1906182
1906441
1906771
1906821
1907626
1907717
1907968
1908741
1908813
1909048
1910238
1910300
1910766
1911293
1911701
1912212
1912487
1912803
1915210
1915333
1915730
1916012
1916334
1916412
1916481
1916846
1917355
1917527
1917561
1917598
1917735
1917924
1919105
1919839
1920372
1920740
1920982
1921642
1921955
1921978
1922041
1922617
1922696
1922757
1923089
1923403
1923825
1924666
1924937
1925337
1925629
1926121
1926490
1927227
1927282
1927721
1928006
1929010
1929519
1930414
1931179
1931227
1931698
1931731
1932002
1932068
1932176
1932755
1933153
1933208
1933615
1933785
1933845
1934535
1934634
1935041
1935212
1935946
1936219
1936352
1936366
1937529
1938126
1938323
1938363
1938443
1938458
1938475
1938499
1938581
1938814
1938960
1939196
1940649
1940920
1941178
1941199
1941357
1941531
1941810
1941920
1941982
1942861
1943133
1943378
1943803
1944540
1944641
1945822
1945970
1946199
1946935
1947631
1947797
1948566
1948813
1948906
1949002
1949172
1949374
1949437
1949708
1950557
1951008
1951168
1951185
1951977
1952436
1952519
1952692
1952988
1953132
1953735
1953747
1953759
1953913
1954364
1954627
1955083
1955679
1955749
1956058
1956293
1956423
1957226
1957330
1957346
1958492
1958747
1958802
1958849
1959544
1959547
1959585
1959658
1959669
1959908
1960100
1960368
1960395
1961194
1961197
1961745
1962338
1962717
1964055
1964288
1964424
1964525
1964699
1965018
1965182
1965341
1966071
1966219
1966887
1966972
1967176
1967487
1967548
1968264
1968351
1968388
1968396
1969374
1969577
1969592
1970196
1970360
1970373
1970784
1971411
1972126
1972686
1972786
1973279
1973808
1973868
1974618
1974779
1975294
1975363
1975368
1975630
1976907
1977089
1978894
1978908
1978977
1979016
1979177
1979553
1979712
1979847
1980424
1980425
1980539
1980815
1980911
1981214
1981465
1981540
1981831
1982391
1982778
1982810
1982826
1983299
1983443
1983775
1983844
1984321
1984756
1984758
1985093
1985641
1985756
1985777
1986423
1986542
1986761
1987037
1987075
1987934
1988064
1988090
1988182
1988277
1988453
1989121
1989810
1990298
1990764
1991216
1991458
1991504
1991813
1991813
1992372
1993679
1993750
1994516
1994636
1995573
1995669
1995911
1996113
1996386
1996423
1996826
1997167
1997329
1997499
1997502
1997796
1998057
1998773
1998885
1998915
1999191
1999984
2000622
2000657
2000917
2001087
2001209
2001352
2002477
2002544
2003120
2003723
2004289
2004737
2004903
2005045
2005197
2005253
2006093
2006119
2006140
2006434
2006608
2006616
2006633
2006793
2006907
2007555
2007694
2007953
2008192
2008540
2008758
2008877
2009276
2010567
2010591
2010766
2010985
2011242
2011850
2011896
2011897
2012202
2012337
2012935
2013331
2013653
2013701
2013778
2013851
2014277
2014967
2014995
2015410
2015468
2016206
2016209
2016247
2016315
2016435
2016509
2017276
2018470
2018703
2018746
2019280
2019536
2019620
2020761
2021246
2021757
2022378
2022453
2022497
2022655
2023983
2024625
2024731
2025072
2025228
2025722
2025749
2026358
2026379
2026575
2026905
2027054
2027234
2027375
2027559
2027623
2027992
2028367
2028572
2028782
2028795
2028889
2029421
2029456
2029723
2030772
2031245
2031622
2032095
2032688
2032803
2033006
2033033
2033449
2033776
2034076
2034290
2034516
2034833
2034894
2035045
2036414
2036566
2036699
2036948
2037076
2037082
2037186
2037213
2037338
2037751
2038078
2038624
2039035
2039072
2039319
2039630
2041569
2041710
2041721
2042088
2042270
2042433
2042871
2043116
2043592
2044272
2044353
2044524
2045005
2045138
2045770
2045988
2046245
2046357
2046384
2046740
2047204
2048266
2048315
2048340
2048398
2048496
2048734
2048872
2048928
2049235
2049797
2050453
2050715
2051275
2051338
2051830
2052287
2052346
2053600
2054467
2055659
2056138
2056237
2056297
2056302
2056317
2056430
2056553
2057473
2057485
2057519
2057856
2058003
2058414
2058488
2058899
2059297
2059660
2060198
2060408
2060534
2061072
2061438
2061964
2062390
2062630
2062666
2062783
2062798
2063444
2063594
2063839
2063977
2064701
2064948
2066054
2066112
2066986
2067257
2068251
2068404
2068464
2069031
2069096
2069681
2069702
2069728
2070105
2070735
2070906
2070962
2071178
2072107
2072626
2072726
2072805
2073083
2073697
2073759
2074206
2074331
2074683
2075607
2075864
2075923
2075995
2076805
2077631
2077652
2077755
2078308
2078632
2079073
2079093
2079380
2079646
2079781
2080475
2080631
2080867
2081956
2082654
2082786
2083114
2083253
2083304
2083836
2083879
2084030
2084223
2084243
2084356
2084473
2084547
2084972
2085292
2085742
2085945
2086122
2086610
2087167
2087465
2087669
2087682
2087815
2088219
2088359
2088408
2088752
2089043
2089140
2089266
2089362
2089616
2090475
2091172
2091268
2091654
2091789
2091796
2092343
2092440
2092572
2093151
2093432
2093489
2093605
2093802
2094116
2094613
2095227
2095363
2095421
2095553
2095577
2095652
2095981
2096327
2096450
2096891
2097863
2098079
2098293
2098930
2098954
2099598
2099695
2100218
2100490
2100754
2100865
2100892
2101348
2101449
2101597
2101612
2101888
2102543
2102942
2103144
2103219
2103225
2103643
2103726
2104342
2104498
2105049
2105087
2105825
2105884
2106105
2106237
2107083
2107840
2107952
2108051
2108367
2108661
2108797
2109137
2109738
2110176
2110260
2110280
2110407
2111630
2112095
2112419
2112569
2112688
2112792
2113103
2113159
2113700
2113778
2114562
2114731
2115038
2115059
2115851
2116011
2116469
2116712
2117032
2117595
2117764
2117892
2117943
2118077
2118222
2118350
2118676
2118833
2118860
2118936
2119857
2120013
2120429
2120943
2121497
2121602
2122156
2122511
2123008
2123295
2123701
2123977
2124154
2124226
2124306
2124478
2124733
2125217
2125264
2125307
2125397
2125691
2126420
2126569
2126579
2126744
2126915
2127027
2127130
2127274
2128775
2128935
2129366
2129497
2129645
2130000
2130258
2130647
2131721
2132794
2132990
2133188
2133407
2133754
2134166
2134229
2134375
2134450
2134782
2135320
2135529
2135839
2135911
2135921
2136195
2136497
2136794
2137163
2137164
2137989
2138443
2138540
2138616
2138693
2139161
2139254
2139342
2139425
2139688
2140224
2140580
2141414
2142138
2142649
2142699
2142744
2142981
2144012
2144060
2144264
2144369
2145213
2145513
2145690
2146348
2147672
2147942
2148332
2148404
2148499
2148701
2148769
2148831
2149542
2149736
2150170
2150200
2150272
2150506
2150855
2150941
2151042
2151050
2151074
2151164
2151802
2151924
2151965
2151978
2152395
2152538
2153176
2153277
2153359
2153566
2153794
2154570
2154898
2155306
2156169
2156432
2156743
2156990
2157185
2157681
2157803
2158551
2158622
2158756
2159198
2159207
2159718
2159745
2159809
2160165
2160327
2160539
2160706
2160975
2161786
2161885
2162023
2162356
2162748
2162889
2163846
2163963
2164024
2164044
2164720
2165004
2165295
2165801
2165870
2166119
2166164
2166430
2166542
2166807
2166967
2167837
2167879
2168020
2168181
2169958
2170237
2170402
2170857
2170872
2171309
2171368
2171538
2171609
2172020
2172106
2172862
2172864
2173066
2173431
2173499
2174104
2174189
2174210
2174830
2175166
2175496
2175587
2175841
2176013
2176248
2176546
2176598
2176878
2177190
2178069
2178231
2178383
2178463
2178677
2178752
2178924
2179080
2179338
2180371
2180454
2180470
2181021
2181451
2181772
2181882
2182141
2182149
2182908
2183067
2183334
2183409
2183969
2184489
2187324
2187387
2187494
2187979
2188083
2188283
2188346
2188567
2189015
2189651
2189998
2190737
2190769
2190900
2190919
2191030
2191056
2191276
2191947
2192085
2192794
2192798
2192825
2192897
2193235
2193393
2194239
2194327
2194417
2194424
2195014
2195091
2195244
2195440
2195841
2195973
2195998
2196155
2196339
2196608
2197254
2197298
2197739
2198561
2199391
2199646
2199709
2200016
2200760
2201587
2201651
2201706
2201886
2201899
2201929
2202377
2203486
2203806
2203987
2204021
2204774
2205556
2205645
2206139
2206261
2206337
2206385
2207005
2207897
2208197
2208513
2208669
2209068
2209910
2210292
2210446
2210547
2210686
2211238
2211712
2212262
2212607
2212944
2213092
2213214
2213247
2213273
2214310
2214314
2214423
2214830
2215184
2216064
2216585
2216959
2216997
2217301
2217982
2218785
2218829
2219479
2219508
2219632
2219715
2219785
2220139
2221332
2222095
2222362
2222437
2222551
2223050
2223126
2223208
2223803
2223883
2224222
2224445
2224817
2225328
2225454
2225807
2225825
2226426
2226818
2227646
2227659
2227826
2228265
2228958
2228994
2229364
2229640
2229863
2229892
2230161
2230364
2230924
2231224
2231731
2231817
2231919
2232046
2232915
2233303
2233489
2234308
2234429
2234770
2234784
2234891
2234950
2235089
2235344
2235348
2235764
2235866
2235948
2235986
2236093
2236942
2237111
2237260
2237335
2237804
2238142
2238169
2238698
2239336
2239350
2239855
2239919
2240069
2241325
2241710
2243588
2243613
2243724
2244302
2244354
2245637
2245937
2246071
2246540
2246543
2246753
2246962
2247425
2247620
2248261
2248337
2248676
2248689
2248731
2248850
2249036
2249383
2249583
2249716
2250115
2250286
2250667
2250719
2251177
2251257
2251418
2251919
2252023
2252117
2252298
2252387
2252853
2254352
2254405
2255654
2255956
2256158
2256478
2256502
2257208
2257519
2257603
2257869
2257900
2258238
2258391
2258424
2258892
2259362
2259724
2259775
2260054
2260310
2260471
2260645
2260824
2260969
2261395
2261404
2261689
2262290
2262373
2262571
2262863
2263608
2263686
2263710
2264265
2264734
2264761
2264965
2265164
2265378
2265484
2265540
2266503
2266538
2267402
2267466
2268979
2269581
2269689
2270693
2270762
2271619
2271630
2271840
2271842
2272113
2272435
2272444
2272776
2272867
2272992
2273573
2274221
2274642
2274866
2275173
2275272
2275398
2275505
2275949
2276279
2277135
2277570
2277669
2277868
2278008
2278621
2278783
2279242
2279479
2279523
2279686
2279769
2279792
2280321
2280421
2281249
2281283
2281578
2282111
2282851
2282983
2283050
2283565
2283868
2283944
2284070
2284723
2284788
2284796
2285159
2285177
2286083
2286084
2286147
2286256
2287288
2287955
2288198
2288535
2288559
2289548
2290185
2290481
2290762
2291003
2291135
2291212
2291483
2291529
2291873
2292125
2292539
2293389
2294398
2294454
2294625
2295809
2296059
2296187
2296287
2297153
2297189
2297351
2298351
2298372
2298930
2298987
2299191
2299492
2299584
2299941
2300089
2300193
2300210
2300472
2301660
2301950
2301975
2302081
2302182
2302553
2302692
2303280
2303462
2303933
2304076
2304926
2305395
2305539
2306207
2307523
2307861
2308157
2308573
2309044
2309383
2309562
2310301
2310303
2310383
2310457
2310509
2310981
2311141
2311164
2311221
2311512
2311717
2311950
2311952
2312035
2312138
2312481
2312505
2312733
2312901
2313006
2313052
2313095
2313280
2313564
2313591
2313936
2314121
2314256
2315035
2315207
2315287
2315676
2316990
2318121
2318484
2318849
2319417
2319775
2319892
2319947
2320355
2320362
2320564
2321092
2321204
2321295
2322679
2323426
2323829
2323861
2323955
2324272
2324307
2324674
2325240
2326349
2326700
2326876
2327147
2327177
2327357
2327581
2328420
2328445
2328664
2328769
2329346
2329372
2329816
2329996
2330184
2330295
2330802
2330842
2331028
2331168
2331370
2331378
2331466
2331833
2331842
2331855
2331906
2332117
2332184
2332761
2332843
2333072
2333193
2333343
2333512
2333681
2333694
2333726
2334572
2334842
2334913
2334997
2335025
2336310
2336632
2336983
2337006
2337314
2337835
2337861
2337962
2338087
2338352
2339593
2339788
2340083
2340165
2340341
2340733
2340739
2340972
2341278
2341279
2341538
2341890
2342115
2342511
2342567
2343077
2343472
2343758
2344105
2344164
2344221
2344574
2345093
2345128
2345213
2346045
2346182
2346301
2346357
2346496
2346555
2346868
2347027
2347143
2347164
2347294
2347394
2349194
2349612
2350003
2350202
2350331
2350501
2350593
2350722
2351630
2351724
2352497
2352875
2352929
2353150
2353342
2354136
2354704
2355182
2355239
2355723
2356280
2357116
2357357
2357831
2358148
2358408
2358980
2359124
2359336
2359340
2359678
2359933
2359994
2360363
2360460
2360527
2360629
2360957
2360970
2361297
2361399
2361718
2361775
2361962
2362064
2362081
2362714
2363068
2363186
2363900
2364064
2364480
2364500
2364815
2365410
2365595
2365713
2366129
2366131
2366558
2366858
2366862
2367166
2367598
2367790
2367958
2368384
2368468
2368617
2368775
2369268
2369330
2369584
2369970
2370179
2370261
2370514
2371023
2371222
2371275
2371294
2371373
2371384
2371827
2371923
2371932
2371992
2372458
2373009
2373698
2373893
2374289
2374319
2374394
2374610
2374656
2374839
2375646
2375700
2375904
2376029
2376356
2376401
2376529
2376895
2376996
2377129
2377252
2377319
2377455
2377657
2377870
2377901
2378119
2378301
2378851
2379689
2380614
2380781
2380866
2380932
2380958
2381165
2381287
2381643
2381644
2382161
2382291
2382357
2382877
2383037
2383051
2383052
2383112
2383699
2383774
2384132
2384201
2384386
2384395
2384586
2385095
2385569
2386193
2386200
2386269
2386839
2387008
2387032
2387806
2388194
2388357
2388386
2389009
2389968
2390048
2390121
2390668
2391526
2391795
2392543
2392756
2392777
2392818
2393047
2393487
2393763
2394841
2395613
2396054
2396289
2396466
2396486
2397327
2397535
2397749
2398425
2398455
2398552
2399394
2399417
2399499
2399571
2399595
2399610
2399936
2399973
2400344
2400446
2400946
2401198
2401839
2401858
2401883
2402229
2402436
2402750
2402999
2403159
2403296
2403420
2403896
2403917
2404013
2404118
2404127
2404152
2404317
2404510
2404813
2404838
2405004
2405691
2405782
2405810
2405917
2406184
2406288
2406412
2406800
2407096
2407292
2407723
2407882
2407984
2408752
2408792
2408811
2408970
2409683
2409803
2410008
2410066
2410469
2410567
2410604
2410968
2411660
2411690
2411841
2412308
2413326
2413895
2413946
2414150
2414151
2415050
2415110
2415312
2415890
2415903
2416231
2416489
2416495
2416677
2416789
2416860
2418078
2418263
2418794
2418909
2419282
2420086
2420538
2421016
2421497
2422182
2422213
2422323
2422486
2422722
2423582
2424128
2424775
2424815
2425205
2425222
2425699
2425708
2425739
2425863
2425976
2426032
2426996
2427329
2427426
2428165
2428171
2428695
2428816
2429092
2429272
2429500
2429687
2429804
2429832
2429989
2430333
2430721
2430813
2430819
2430928
2431344
2431512
2431592
2431661
2431827
2431921
2431927
2432209
2432230
2432649
2432797
2433110
2433243
2433654
2433757
2433820
2433887
2434169
2434211
2434298
2434314
2434527
2434894
2434954
2435001
2435173
2435513
2436282
2436654
2436906
2436916
2437004
2437455
2437457
2437471
2437860
2438138
2438237
2438614
2438831
2439271
2439576
2439577
2440060
2440119
2440272
2440372
2440586
2441162
2441323
2441467
2441626
2442550
2442656
2442845
2442881
2443111
2444114
2444518
2445167
2446034
2446324
2446471
2447964
2448606
2448779
2448896
2449453
2449631
2449781
2450013
2450150
2450241
2451007
2451089
2451353
2451438
2451560
2451837
2451928
2452145
2452369
2452897
2453312
2453384
2453451
2453469
2453776
2454440
2454620
2454634
2454679
2455320
2455459
2455885
2456213
2456475
2456986
2457111
2457298
2458099
2458105
2458158
2458388
2458804
2459327
2459973
2459985
2460125
2460200
2461199
2461233
2462255
2462456
2462511
2462565
2462632
2463582
2463612
2463733
2463895
2463915
2464075
2464359
2464410
2464520
2464621
2465087
2465552
2465697
2465786
2466314
2466793
2466843
2467318
2467573
2467679
2468129
2468542
2468565
2470047
2470263
2470412
2470672
2470725
2470923
2471593
2471672
2471883
2471894
2472844
2472934
2473452
2473887
2474069
2474126
2474135
2474212
2475187
2475352
2475559
2475577
2475879
2475946
2476371
2476620
2477089
2477374
2477524
2477957
2478116
2478503
2479200
2479767
2480629
2481019
2481051
2481126
2481141
2481211
2481554
2481769
2481818
2482104
2482236
2482250
2482366
2482683
2483111
2483421
2483759
2484036
2484040
2484164
2485559
2485777
2486036
2486157
2486308
2486496
2486970
2487379
2488144
2488557
2488578
2488624
2489209
2489219
2489649
2489950
2490113
2490255
2490335
2490373
2491274
2491439
2491509
2491618
2491647
2491815
2491988
2492173
2492498
2493156
2493251
2493619
2493738
2494192
2494585
2495268
2496214
2496495
2496521
2496772
2497521
2498335
2498519
2498704
2498712
2498969
2499053
2499615
2500034
2500180
2500394
2500457
2500458
2501002
2501430
2502095
2502235
2502280
2502334
2502366
2502901
2502953
2503230
2503284
2503380
2503543
2504941
2504971
2505537
2505833
2505878
2506642
2507238
2507321
2507647
2507821
2507979
2508256
2508282
2508308
2508338
2508551
2508803
2509131
2509700
2509723
2509953
2510021
2510256
2510769
2510869
2512310
2512372
2512400
2512438
2512481
2512804
2512953
2512967
2513076
2513348
2513639
2513669
2514132
2515011
2515419
2515463
2515479
2515530
2515996
2516598
2517300
2517341
2517661
2518318
2518660
2518901
2518912
2519167
2519469
2519746
2520336
2520516
2520631
2520903
2520927
2520989
2521173
2521529
2521549
2521645
2522485
2522699
2523209
2523314
2523550
2523781
2523811
2523863
2523868
2524056
2524180
2524333
2524426
2524592
2524981
2525345
2526479
2526479
2526614
2527066
2528163
2528494
2529592
2530025
2530225
2530550
2531112
2531974
2532447
2532560
2533091
2533199
2533485
2533642
2534127
2534175
2534498
2534528
2534548
2534579
2534691
2535829
2536068
2536198
2536532
2537371
2537396
2537429
2537867
2538084
2538478
2538984
2539126
2539348
2539374
2539592
2539815
2539877
2539922
2539997
2540721
2541627
2541638
2542107
2542290
2542501
2542734
2542798
2543789
2543797
2544049
2544133
2544737
2544898
2545504
2546123
2546237
2546515
2546801
2546846
2546937
2547018
2547097
2547144
2547179
2547335
2547631
2548671
2548880
2549144
2549435
2549448
2549902
2550420
2550452
2551042
2551623
2551839
2552031
2552809
2552979
2553019
2553020
2553051
2553287
2553294
2553355
2553601
2553676
2553721
2553892
2553898
2553900
2554087
2554149
2554963
2554972
2555467
2555556
2556237
2556639
2556930
2557081
2557899
2558108
2558744
2558905
2559223
2559344
2559353
2559540
2559592
2560458
2561268
2561298
2561326
2561363
2561573
2561608
2562015
2562155
2562591
2562920
2563028
2563170
2563248
2563305
2563486
2563578
2563864
2564362
2564796
2564796
2564915
2565900
2566251
2566508
2566668
2567734
2569553
2569704
2570051
2570163
2571266
2571642
2571734
2571942
2572355
2572428
2572750
2572843
2573107
2573909
2573910
2574972
2575898
2576075
2576199
2576254
2576301
2577534
2577583
2577655
2577704
2577739
2578439
2578448
2578626
2578719
2579319
2579340
2579697
2580354
2580485
2580749
2580870
2580896
2581281
2581563
2581605
2581742
2582104
2582127
2583408
2583439
2583553
2583652
2583721
2584086
2584103
2584108
2584208
2584846
2585621
2586079
2586249
2586330
2586988
2587053
2587663
2587788
2587847
2588828
2588904
2588915
2589120
2589203
2589252
2589295
2590474
2590702
2590958
2591965
2592161
2592871
2593715
2593747
2593938
2594235
2594575
2594979
2595159
2595249
2595314
2595432
2595471
2595481
2595605
2595673
2596146
2596290
2596335
2596467
2596542
2596738
2596754
2596827
2596958
2597108
2597118
2597459
2597600
2597760
2598015
2598067
2598512
2598663
2598981
2599242
2599400
2599454
2600138
2600173
2600447
2600597
2601198
2601547
2601828
2602049
2602260
2602296
2602658
2602855
2603177
2604231
2604515
2605512
2605800
2605818
2606039
2606386
2606474
2606745
2607025
2607104
2607373
2607406
2608354
2608537
2608749
2609546
2609949
2610552
2610983
2611130
2611495
2611540
2611696
2612365
2612656
2612906
2612917
2613416
2613562
2613758
2613823
2614149
2614250
2614362
2614674
2615831
2615990
2616013
2616342
2616753
2616821
2617393
2617583
2618325
2618492
2619176
2619513
2619980
2620003
2620360
2620717
2621231
2621312
2621707
2622211
2622214
2622552
2622868
2623323
2623655
2624163
2624221
2625030
2625146
2625228
2625319
2625679
2625682
2625769
2626311
2626972
2629436
2630104
2630540
2631078
2631363
2631694
2631794
2632187
2632462
2632545
2633614
2633666
2633799
2633966
2634256
2634316
2634362
2634705
2635060
2635334
2635343
2635507
2636569
2636678
2636770
2636852
2636954
2637195
2637251
2637598
2637722
2638227
2639257
2639308
2639689
2639985
2640138
2640258
2640372
2640473
2641449
2641452
2642102
2642418
2642426
2642740
2642744
2643163
2644791
2644850
2645184
2645236
2645333
2645391
2645639
2645719
2645723
2645797
2645976
2646216
2646271
2647130
2647263
2647440
2648361
2648425
2648761
2648856
2649689
2649881
2650040
2650950
2651478
2651991
2652366
2652696
2652746
2653211
2653576
2653885
2654211
2655250
2655329
2656355
2656439
2656720
2656887
2657160
2657426
2657546
2657906
2658343
2658439
2658866
2659055
2659414
2660392
2660673
2660954
2661895
2661926
2662056
2662258
2662371
2662455
2662765
2663526
2663706
2664654
2664687
2664782
2664850
2665150
2665199
2665205
2665335
2665610
2666019
2666240
2666527
2666534
2666652
2667192
2667245
2667533
2667799
2667803
2669482
2669772
2670033
2670314
2670517
2670699
2670935
2671419
2672147
2672807
2672815
2673309
2673326
2673352
2673508
2673682
2673990
2674292
2674881
2675340
2675524
2676068
2676460
2677201
2677528
2677542
2677709
2678170
2678308
2678802
2679377
2679437
2679440
2679520
2679932
2680188
2681552
2681726
2682916
2683751
2683808
2684461
2684476
2684646
2685525
2685708
2686109
2686307
2686360
2686592
2686821
2686852
2687099
2687318
2687328
2687354
2687644
2687683
2687691
2687789
2687942
2688172
2688406
2688683
2689112
2689551
2689576
2689604
2690457
2690488
2691023
2691330
2692053
2692248
2692656
2692806
2692993
2693012
2693045
2693442
2693446
2693822
2693848
2694652
2694840
2694978
2695336
2695828
2695974
2696388
2696425
2697263
2697492
2697548
2697789
2697823
2697840
2697866
2698051
2700223
2700506
2700557
2700677
2701250
2701282
2701413
2701533
2701654
2701872
2703193
2703246
2703322
2703607
2703635
2703998
2704104
2704378
2704633
2705248
2705306
2705420
2705753
2705948
2705995
2706191
2706236
2706468
2707513
2707596
2707667
2708414
2708839
2709007
2710129
2710202
2710283
2710429
2710617
2711309
2711831
2711856
2712372
2712470
2712529
2712727
2713244
2713535
2713541
2714257
2714339
2714411
2714932
2715013
2715029
2715039
2715273
2715387
2715753
2715762
2715796
2716124
2716516
2716689
2716863
2716906
2718187
2718488
2718632
2718664
2718734
2719787
2720081
2720121
2720151
2720358
2720659
2720925
2720928
2721268
2721277
2721937
2722445
2722716
2722957
2723129
2723337
2723451
2723497
2723836
2723978
2724118
2725266
2725418
2725436
2725867
2725992
2727262
2727287
2727408
2727868
2728491
2729310
2729329
2729365
2729381
2729872
2730037
2730656
2730680
2730922
2731069
2731651
2731925
2732866
2733255
2733340
2734109
2735428
2735524
2735606
2735778
2736075
2736485
2736866
2737630
2737918
2738134
2738324
2738492
2738503
2738590
2738633
2739320
2739323
2739350
2739384
2739918
2740075
2740440
2740901
2740933
2741019
2741035
2741343
2741374
2741680
2742315
2742931
2743148
2743345
2744047
2744189
2744624
2744640
2744730
2745046
2745151
2745559
2745604
2745610
2745803
2745885
2746407
2746560
2746602
2746829
2746983
2747132
2747133
2747520
2747570
2747899
2748158
2748230
2749290
2749449
2749545
2749706
2750206
2750986
2751039
2751111
2751262
2751637
2751803
2751957
2752274
2752958
2753449
2753539
2753585
2753608
2754003
2754106
2754311
2754888
2754911
2755008
2755428
2755656
2755963
2755992
2756349
2757549
2757591
2758006
2758222
2758234
2759726
2759879
2759965
2760385
2760629
2760779
2760909
2761513
2761565
2761996
2762588
2762640
2762652
2762890
2763184
2763473
2763672
2763955
2764048
2764121
2764200
2764546
2764567
2764694
2764860
2765079
2765392
2765568
2766560
2766752
2766777
2767524
2767645
2767961
2768004
2768301
2768548
2768615
2769230
2769365
2769575
2769594
2769634
2769659
2770305
2770360
2770920
2771521
2771563
2771611
2772847
2773506
2773871
2773876
2774335
2774660
2775272
2775541
2775681
2776785
2776955
2777359
2777650
2777679
2778248
2778515
2778808
2779152
2779314
2779509
2779708
2779941
2780048
2780234
2780261
2780384
2780956
2781356
2781382
2781559
2781803
2781884
2782525
2783119
2783145
2783231
2783403
2783541
2783645
2784057
2784457
2784524
2784845
2786588
2786592
2787149
2787478
2787705
2787765
2787819
2787875
2787908
2787967
2788235
2788299
2788320
2788709
2788779
2789194
2789479
2789797
2790517
2790668
2791273
2791609
2792201
2792524
2792623
2793050
2794383
2795402
2796868
2796985
2797298
2797397
2797416
2797800
2797900
2798081
2798091
2798272
2798438
2799683
2800023
2800223
2800285
2800339
2800732
2800780
2801045
2801699
2802438
2802530
2803031
2803104
2803693
2803743
2803782
2804388
2804574
2805212
2805530
2805651
2805829
2805994
2806148
2806633
2806993
2807466
2807754
2807773
2807794
2807898
2807936
2807970
2808415
2808801
2809635
2809727
2810268
2810285
2810852
2810958
2811139
2811237
2811300
2812281
2812465
2812557
2812588
2812886
2813028
2814398
2814570
2814826
2814837
2816193
2816264
2816461
2816563
2816597
2816924
2817401
2817446
2817708
2817773
2817918
2818361
2818562
2819089
2819965
2820044
2820146
2820452
2820586
2820847
2820875
2820906
2821555
2821657
2822441
2822978
2823101
2823256
2823278
2823411
2823427
2823694
2823778
2824284
2824384
2824546
2824561
2824853
2824887
2824925
2824962
2825330
2825661
2825693
2825734
2826026
2826140
2826372
2826563
2826774
2826780
2826801
2827334
2827380
2827479
2827494
2827777
2827885
2828353
2828391
2828562
2828582
2829272
2829750
2829953
2830037
2830059
2831334
2831383
2831432
2832143
2832184
2832279
2832653
2832793
2833039
2833254
2833290
2833433
2833757
2834506
2835241
2835493
2835574
2835806
2835899
2836060
2836092
2836375
2836608
2836771
2836845
2837355
2837610
2838572
2838800
2838836
2839158
2839504
2839551
2839751
2839918
2840032
2840605
2840888
2841182
2841256
2841586
2841822
2842690
2843526
2843936
2844077
2844147
2844871
2845606
2845898
2846081
2846142
2846202
2847300
2847429
2847644
2847750
2847752
2847898
2847915
2848487
2848609
2849332
2850000
2850153
2850601
2850768
2850948
2851488
2852409
2852515
2852662
2852865
2853069
2853253
2853961
2854773
2854842
2856028
2856094
2856618
2856670
2856757
2856878
2856932
2857069
2857082
2857125
2857259
2857284
2857399
2859724
2859789
2860055
2860554
2860881
2861200
2861260
2861435
2861515
2861839
2861973
2862127
2862166
2862504
2862651
2862845
2863077
2863448
2864593
2864715
2864812
2866738
2867245
2867529
2868322
2868801
2868886
2868922
2869373
2869879
2870166
2870330
2870631
2871145
2871343
2871614
2871834
2872072
2872351
2873050
2873488
2873513
2873766
2873858
2873933
2874126
2874360
2874674
2874759
2875244
2875411
2875646
2875774
2876285
2876332
2876406
2876471
2876667
2876865
2876999
2877177
2877518
2878179
2878208
2878358
2878668
2878952
2879163
2879226
2879467
2879576
2879680
2879863
2880073
2880344
2880357
2880419
2880499
2880533
2880958
2881447
2881548
2881826
2881854
2882085
2882748
2883029
2883429
2883677
2883714
2883723
2883767
2883813
2884140
2885399
2885909
2886029
2886149
2886657
2888506
2889162
2889362
2889863
2889903
2889980
2889994
2890285
2890428
2890879
2891197
2891838
2891917
2892099
2892371
2892537
2892572
2892766
2892767
2893207
2893951
2894148
2894718
2894907
2895041
2895116
2895171
2895329
2895717
2896086
2896352
2896407
2897331
2897343
2897593
2897600
2898547
2898813
2898879
2899175
2899713
2900557
2900704
2900879
2900886
2901243
2901248
2901385
2901420
2901451
2901467
2901903
2902415
2902846
2903053
2903624
2904337
2904583
2905071
2905135
2905754
2905768
2906034
2906740
2906835
2907077
2907363
2907446
2907819
2907999
2908254
2908378
2908380
2908731
2908841
2909036
2909316
2909322
2909445
2910170
2910576
2910651
2911417
2911512
2911592
2911758
2912061
2912690
2912696
2912712
2912934
2913019
2913706
2914500
2914651
2914817
2914826
2916113
2916486
2916951
2917002
2917023
2917400
2917728
2917805
2917842
2917998
2918262
2918315
2918575
2918733
2918758
2918966
2919089
2919609
2919845
2920419
2920895
2920984
2921097
2921144
2921208
2921319
2921860
2922235
2922384
2922561
2923336
2923847
2924341
2924409
2924420
2925856
2926193
2926608
2926817
2926911
2926944
2927138
2928412
2928647
2929149
2929232
2929760
2929960
2930101
2930497
2931108
2931534
2931558
2931999
2932482
2932914
2933077
2933155
2933181
2933402
2933489
2933681
2933768
2934401
2934935
2935278
2936609
2936667
2937326
2937589
2937836
2937843
2938056
2938181
2938865
2939454
2939511
2939771
2940053
2940314
2941291
2941306
2941751
2941794
2941820
2941971
2942054
2942094
2942546
2942608
2942869
2943069
2943096
2943312
2943352
2943424
2943574
2943614
2943991
2944572
2944693
2945168
2945224
2945517
2945779
2945923
2946962
2947111
2947610
2947932
2948154
2949792
2949935
2950381
2950491
2950719
2950732
2951185
2951212
2951476
2951479
2951738
2951935
2951955
2952261
2952524
2952995
2953285
2953294
2953811
2953935
2954397
2954717
2954817
2954833
2954928
2955088
2955974
2956180
2957014
2957604
2957666
2958076
2958089
2958225
2958501
2958606
2959886
2960410
2960425
2960629
2960650
2960723
2960841
2960965
2961239
2961360
2961669
2962018
2962188
2963243
2963383
2963760
2963778
2963932
2964413
2966487
2966595
2966801
2967598
2967679
2967815
2967918
2968242
2968928
2968934
2969096
2969379
2969495
2969589
2969943
2970135
2970326
2970781
2970817
2970828
2970833
2970945
2971184
2971256
2971365
2971751
2971950
2972160
2972608
2973256
2973504
2974293
2974606
2974803
2974960
2975113
2975186
2975647
2975691
2975828
2978008
2978371
2978551
2978849
2979934
2980671
2980809
2981012
2981044
2981308
2981560
2981831
2981988
2982104
2982146
2982165
2982205
2982437
2982986
2983236
2983241
2983592
2983754
2984105
2984106
2984905
2985266
2985410
2986094
2986391
2986659
2986795
2986833
2986969
2986970
2987851
2987857
2988344
2988844
2988915
2988941
2989088
2989458
2989695
2989796
2990076
2990274
2990456
2990461
2990828
2991486
2991983
2992218
2992481
2992851
2992874
2993054
2993597
2993614
2994754
2994822
2994900
2994933
2994941
2995422
2995805
2995977
2996091
2996682
2996860
2997619
2997827
2998049
2998614
2998676
2999052
2999354
2999477
2999632
