Количество элементов - 1000, алгоритм сортировки - SelectionSort, случай - Ordinary, время работы - 1
28
340
14640
16747
17148
20169
28853
30069
33066
36049
36783
40548
40658
49953
51232
55256
56975
59177
60035
63117
69481
69954
71530
74212
80023
80214
95162
98864
102360
102710
106199
108279
110444
111161
114428
116301
122941
124142
129914
134675
135416
142908
149014
149974
152427
156375
156959
156982
158485
162912
165014
169377
172001
174037
181810
182413
185983
189916
194426
195850
199278
205916
209672
210841
212764
220851
224134
225355
228233
231482
231900
233396
242008
244176
244403
247295
248218
256174
258858
259048
259495
261362
264015
264796
264803
270485
275802
287087
288570
289821
294747
294881
300297
302414
303753
309636
309705
310014
315063
315194
316897
317393
317829
318302
326844
329702
330265
331530
333456
335098
340210
344009
347408
348097
351586
353913
354223
355516
361441
363678
377254
379336
380868
383777
384911
386712
390064
392019
393055
402348
405043
411012
413575
417223
418891
423607
424664
438203
440270
450312
458898
462701
465786
468927
470712
472185
480443
485540
486513
486624
491431
501062
501821
502389
509468
511018
512569
513746
514775
519401
522549
523799
524267
526637
529795
535635
535979
537828
542828
544335
547956
548714
553267
571355
571515
581084
586180
588445
591709
603236
604359
604446
608439
612285
620882
622334
623472
626136
626533
628363
628414
629434
631369
635693
644052
646085
648057
648076
651515
652319
653286
657562
657709
657978
659537
660266
665948
669262
684389
694219
694394
696328
700285
710332
713225
713927
717179
719819
725384
731539
732657
735930
742000
748405
750139
750166
750985
754357
765048
766202
766592
768192
778328
783690
784255
787261
791092
795786
798505
799135
805772
812617
813174
813583
818677
821676
822131
826002
826826
828358
830571
835043
841124
849564
850439
860213
866021
866312
874355
874917
875897
876928
879197
881504
886880
887935
889186
889548
892346
897438
898946
899746
901415
903109
905783
907562
909874
911187
911339
912317
912779
913150
917746
924415
925287
931763
932530
932676
934770
936198
939893
946404
950772
959699
959707
961224
964206
972323
972342
972652
974324
978501
979536
983911
985208
991419
994244
997003
1002150
1004361
1005079
1010437
1018058
1026086
1027240
1033126
1033803
1038660
1044128
1050552
1053549
1054329
1056077
1056147
1056413
1060296
1062301
1068889
1071340
1071944
1074490
1081811
1081924
1082541
1083118
1087536
1090191
1090886
1095137
1096095
1096244
1102891
1107396
1107567
1109834
1112606
1113827
1115590
1129538
1132712
1132986
1139091
1139912
1141665
1143851
1145979
1146266
1151020
1152325
1155885
1157155
1158800
1160098
1162871
1165378
1168782
1180207
1184277
1187345
1190986
1198393
1199122
1200857
1202962
1206818
1207283
1209407
1211956
1212883
1213284
1226413
1227010
1227654
1228216
1230546
1235047
1237671
1239171
1241707
1241736
1241785
1243715
1244844
1257953
1259381
1262599
1271423
1272917
1275246
1280894
1285801
1289321
1294362
1295625
1302094
1304105
1305780
1310168
1314120
1317199
1317661
1317832
1318529
1319677
1319691
1324602
1324903
1326084
1327363
1327444
1329421
1336366
1345966
1348238
1351109
1358086
1362623
1371150
1372474
1373522
1374638
1379858
1391630
1393639
1396481
1403592
1410680
1415245
1415393
1416765
1419788
1424314
1433994
1456670
1459235
1459786
1460539
1461968
1462520
1463218
1463407
1472967
1477290
1478451
1479204
1479524
1483564
1486893
1486918
1489055
1490089
1491982
1495290
1501283
1505390
1507976
1509744
1512651
1512794
1512968
1514320
1515046
1515516
1529157
1532500
1532528
1545434
1548767
1554549
1562316
1566738
1569927
1574127
1575741
1580520
1580607
1580969
1582825
1583240
1594462
1598002
1602973
1603921
1619281
1621662
1622404
1626915
1627443
1632540
1653878
1654490
1654641
1655070
1657554
1658243
1660304
1661127
1666801
1667594
1670704
1673846
1674196
1676419
1676515
1677595
1680640
1681795
1681883
1684027
1685450
1685522
1687857
1687984
1688493
1688947
1689302
1693798
1694667
1697722
1703461
1706302
1706956
1708309
1708891
1711172
1711306
1713294
1713818
1720278
1722851
1727195
1736049
1736172
1740142
1744341
1745193
1748801
1749698
1752365
1759815
1772116
1773736
1776143
1778801
1779142
1785518
1785802
1786802
1788938
1791330
1798147
1800106
1800867
1802360
1803323
1804245
1813968
1814016
1817220
1819403
1821608
1822912
1825301
1826578
1832930
1838343
1838409
1845167
1845744
1846266
1847457
1848127
1849729
1850456
1850830
1852881
1853420
1853425
1858097
1860104
1861654
1865130
1867511
1870836
1873610
1877096
1879400
1882909
1883449
1885263
1885493
1890070
1890313
1890658
1904488
1906327
1907277
1911162
1913906
1917482
1921513
1922492
1930611
1931859
1933229
1934538
1937776
1941729
1946583
1947527
1948883
1958330
1965504
1968532
1975293
1977087
1981318
1983241
1984517
1985494
1989147
1991804
1996363
1997480
2001659
2007476
2007538
2010109
2011157
2011892
2018152
2018284
2018647
2018747
2020943
2021819
2022191
2025252
2026146
2030953
2034974
2035976
2037133
2037769
2039094
2039301
2040074
2040243
2044669
2046321
2046610
2051088
2051429
2052415
2052875
2053513
2054754
2054918
2056157
2057442
2060965
2065502
2069680
2071814
2073376
2077977
2080084
2082226
2082778
2089097
2093786
2094024
2094725
2096013
2110106
2110154
2111254
2111465
2111985
2112985
2117745
2121223
2123144
2123356
2126671
2130461
2132524
2134319
2134711
2143414
2143481
2143879
2145039
2147921
2156972
2160084
2161508
2168681
2168874
2171858
2175350
2176663
2177787
2182019
2185570
2186129
2188145
2196496
2197771
2198896
2199083
2199101
2202656
2204478
2206695
2211485
2212037
2212052
2213366
2215640
2221755
2225465
2231893
2239060
2239305
2246661
2255605
2260901
2266686
2267629
2270286
2270404
2270862
2271166
2272744
2279341
2280833
2283661
2284197
2286592
2290009
2291409
2295938
2298589
2301948
2302407
2303671
2304878
2309380
2310070
2310158
2310172
2311101
2313676
2319508
2320619
2321924
2327261
2327379
2328167
2330882
2331787
2332320
2335354
2335988
2337825
2338298
2338727
2341489
2341888
2343588
2354162
2354224
2367460
2371724
2379656
2379741
2383288
2384408
2385909
2388382
2389324
2389380
2392462
2395145
2395230
2397634
2400574
2400922
2407706
2412001
2412568
2413372
2416258
2421810
2431270
2437239
2437415
2437666
2438220
2439195
2445007
2452846
2455965
2456826
2457306
2460520
2462628
2465052
2465773
2467317
2468257
2468434
2470233
2476542
2479557
2481928
2482665
2487715
2487896
2493024
2494991
2495971
2497133
2502835
2504526
2506481
2514139
2515260
2518823
2519373
2522653
2523341
2531196
2544238
2550015
2553737
2553846
2555335
2557245
2563518
2563639
2566265
2567494
2573857
2576622
2579378
2588248
2588322
2590239
2592005
2592835
2595475
2597979
2598223
2599283
2601122
2601405
2608418
2620047
2628373
2632970
2634014
2643727
2644232
2644278
2647476
2651057
2654133
2655806
2658267
2659187
2666565
2666593
2671769
2672063
2672781
2674517
2677789
2684353
2689221
2694088
2702083
2704349
2711454
2717979
2718897
2723754
2725354
2729178
2733285
2739494
2741169
2741533
2743942
2746969
2753469
2770898
2776772
2780548
2781747
2781766
2784648
2786018
2786142
2787165
2789372
2802179
2803809
2804673
2809238
2809685
2809781
2811839
2818180
2818848
2821540
2821893
2825586
2833688
2834536
2835443
2838691
2839361
2847936
2852918
2853460
2859473
2859608
2860756
2861022
2862238
2867259
2868127
2868411
2870631
2870866
2881512
2885880
2891573
2896757
2901691
2902749
2905948
2909318
2910684
2915834
2916769
2917418
2918611
2918946
2923174
2938234
2941988
2942917
2948526
2950609
2953663
2955741
2957104
2957266
2958494
2960696
2961037
2961544
2961700
2964410
2967622
2968157
2969183
2969922
2972629
2973942
2975295
2976675
2978404
2982002
2983024
2983559
2986338
2988562
2989882
2992824
2993739
2993749
2994472
2997734
2998633
2998749
2999464
