Количество элементов - 500, алгоритм сортировки - SelectionSort, случай - Ordinary, время работы - 0
7424
17736
21302
32239
54100
62806
69802
72455
73473
73909
105952
107775
111790
116782
119114
122426
126703
140782
149274
149723
154728
166486
168349
171197
173840
191145
191560
198166
202378
221088
221239
226565
239527
242258
243643
246581
253156
256060
263477
268388
269069
272150
284625
286098
286838
313213
318069
320390
329506
336472
339016
339737
356081
356677
386434
387659
390666
394173
399003
416427
419108
420732
422132
422180
422738
424189
433742
434953
435622
440994
441133
452011
468860
489011
489295
492144
498491
519474
536739
539772
540524
541847
562386
564081
579844
604438
608352
608782
624843
625062
630135
638638
640755
644125
647067
648345
650755
653330
660209
663502
668552
678507
689740
697897
707602
714506
720176
721792
721979
723197
726100
726968
731014
735495
737614
740831
742094
761647
765276
770162
772077
780866
782596
783478
802011
802087
808361
814862
821402
824128
829372
832001
836797
840733
842647
847854
849761
852326
853307
862617
869235
875135
879208
894632
896877
907429
907618
909394
909728
916808
917661
920600
929653
930760
935109
945890
965364
968542
976574
977851
982868
989857
990403
996836
999034
1004398
1008013
1008606
1013260
1023318
1026810
1027111
1027493
1030176
1035729
1037820
1038285
1043644
1053126
1068261
1073260
1073554
1077871
1083051
1090313
1091921
1095803
1098990
1105694
1109102
1120338
1121386
1126888
1131316
1138692
1146839
1148876
1150962
1157188
1166008
1180633
1181767
1183228
1205633
1207874
1210801
1214042
1218438
1219975
1229599
1233626
1234046
1242880
1251415
1251457
1258170
1269321
1273870
1281294
1284970
1291190
1309566
1321426
1324337
1326396
1343934
1362045
1368452
1381475
1404084
1409360
1411135
1412595
1415711
1417514
1419574
1431621
1435251
1440502
1445258
1445434
1452557
1459058
1463302
1484014
1485868
1493462
1494286
1499452
1499494
1506882
1524045
1526715
1531952
1535743
1543638
1560212
1562834
1563710
1566752
1573422
1578125
1579586
1580275
1582984
1590052
1590921
1592025
1595390
1597345
1598772
1602040
1608161
1611409
1612325
1614540
1617441
1624293
1646974
1650544
1654094
1655812
1664704
1668629
1668876
1672473
1673086
1686722
1691096
1698554
1698974
1704985
1716476
1719299
1719928
1720826
1730664
1737480
1741243
1741812
1743494
1747954
1768563
1769359
1770124
1778124
1779289
1786212
1793794
1802637
1812097
1822940
1832752
1832962
1839191
1843766
1844912
1849120
1853933
1857451
1882867
1887154
1888782
1896902
1908736
1911312
1912613
1913460
1917389
1930835
1941026
1948373
1957924
1977892
1985865
1988626
1992194
1999708
2001718
2007986
2008367
2016019
2016651
2017880
2020347
2030202
2038340
2040699
2046474
2052867
2068112
2072522
2080687
2082788
2083417
2088736
2088813
2098182
2099106
2099171
2102606
2110038
2114301
2115265
2116907
2117588
2118091
2119122
2131154
2133273
2143955
2155794
2157641
2159569
2162618
2162727
2164139
2169706
2170033
2171187
2173531
2179476
2188554
2189592
2193758
2206959
2214912
2252033
2256444
2267177
2281358
2281823
2288027
2301815
2323141
2328212
2328993
2334193
2346612
2347188
2360084
2363122
2374118
2375640
2388896
2389599
2391149
2421838
2428047
2433558
2437198
2438783
2447865
2483103
2483432
2495551
2498257
2499792
2500131
2513427
2519497
2524154
2528847
2532943
2534221
2534461
2535400
2536351
2543096
2543740
2550603
2563641
2574028
2576963
2582776
2608287
2612624
2616174
2626959
2630554
2631301
2643698
2645181
2667483
2690937
2693174
2696892
2697958
2699430
2703010
2711755
2715337
2717779
2734284
2735203
2739082
2752939
2759893
2768737
2778772
2781883
2781982
2794772
2800934
2801825
2802350
2807320
2817850
2832169
2855864
2856267
2876040
2891498
2899504
2901361
2905421
2905731
2910693
2919000
2924463
2928479
2932983
2933640
2945719
2946327
2948228
2948882
2952556
2955120
2955855
2970654
2971973
2981518
2982576
2984561
2993771
2995984
2996592
2998539
2999370
