Количество элементов - 100, алгоритм сортировки - SelectionSort, случай - Ordinary, время работы - 0
16681
26493
49322
65843
182431
193443
367921
438103
454785
457671
459368
504916
521727
546090
552689
611934
680744
707716
765858
783577
793805
891535
907177
986999
989021
1032480
1048665
1067540
1119241
1161443
1182766
1182877
1188666
1195145
1207983
1213819
1217467
1225137
1277109
1286836
1371504
1404897
1408497
1430457
1438481
1477789
1510748
1527865
1569187
1569351
1597641
1600516
1624134
1637973
1640438
1729845
1732884
1819083
1824988
1851364
1864536
1890181
1904399
1926312
1943017
1958796
1981885
2013292
2019189
2070915
2120237
2141227
2207698
2360600
2361753
2371773
2420578
2440288
2489610
2534727
2563668
2571243
2651222
2677715
2689601
2710743
2751097
2764687
2772653
2781549
2785048
2803085
2836467
2843813
2851243
2858681
2927108
2940856
2962543
2963868
