Количество элементов - 5000, алгоритм сортировки - SelectionSort, случай - Ordinary, время работы - 41
976
1870
1936
1983
2960
3452
4574
5627
5643
6138
6401
6516
7568
9089
9683
10124
10860
10975
11272
12136
13108
13624
14858
15646
16326
16626
16813
16844
17082
17107
18246
18543
18634
19119
19930
20044
20586
20820
22744
23146
24075
25201
25727
26885
27001
28473
29155
29229
31327
31704
31982
34242
34268
34986
35033
35157
35426
35603
36035
37354
37397
37883
38158
38582
39038
39281
40744
40867
42098
42863
43731
44509
45074
45491
45704
46422
46726
46874
46877
46927
47028
47425
47797
48298
49257
50673
51580
51702
51798
51814
52265
52397
55571
55652
55948
55987
56014
56058
56844
57992
59521
59612
59734
60823
61015
61662
62019
62835
62917
63477
63613
65760
65918
65993
66772
66932
67057
68798
69046
69277
69786
70444
70572
70943
71061
71927
71954
72484
72619
73355
73548
74295
74603
74788
76834
77294
77955
79056
79645
79853
80326
80506
81242
81524
81716
82254
83590
83852
85173
85578
85750
86697
88788
88914
90259
91050
91158
91874
92182
92401
92426
92560
92570
93801
93908
94300
94345
95591
95889
95997
96881
97559
97641
98131
98833
99024
99341
100872
101291
101573
103455
104247
104745
105317
106203
106322
106476
107025
107069
107178
109699
109800
111876
112928
113026
113583
113836
114354
115908
116133
116332
116700
117574
118926
119061
119921
120452
120543
121429
122373
122842
123135
124694
125885
125889
125899
126038
126063
126486
127689
128977
129277
129826
130107
130419
130445
131108
131160
132459
132727
132876
132944
133574
133849
135169
135252
135906
136204
136229
136470
136613
137606
139238
140225
140503
140666
141578
142213
143790
144579
144834
145571
145643
147202
147527
147795
149915
150153
151178
151882
153126
154314
154386
154462
154972
155304
155723
156209
158194
158492
158569
159943
160109
160123
160409
162100
164648
165580
167426
167806
168222
168571
168837
169972
171095
171758
173664
174728
175272
176043
176529
176652
178268
178677
178856
179672
179977
180167
180435
180840
182207
183720
184595
185300
185467
185671
185784
186623
188343
188406
189674
189708
194107
195233
195555
196798
197193
198364
200935
201022
201208
203610
205956
205988
205998
206358
207282
209909
210020
211880
213375
214088
214188
214664
214941
214944
215369
215870
216346
217832
218043
219459
219707
221340
221422
222696
222911
222979
223214
224119
224407
224779
225980
226397
226829
227220
228571
230098
231442
231637
231775
232364
232364
232492
232725
233747
235090
235951
238217
239170
239418
239647
240030
240053
240067
241092
242131
242298
243915
244014
245175
245981
246203
246691
247216
247515
247585
247746
248295
248531
248808
248843
249815
250195
250439
251736
252540
252677
253318
253661
253792
254615
255355
255385
255660
255916
256401
257802
257875
258160
258508
259433
260005
260333
260393
262060
262264
262637
263341
263627
264331
264610
265489
265546
265829
266995
267993
268325
268921
269188
271872
271938
272036
272397
272689
274083
274208
275377
275593
277077
278942
279621
281174
282096
282596
284145
284261
284674
284917
285438
286584
287486
288239
288365
288471
288509
288677
288714
288944
290673
290945
291001
291070
291981
292744
292948
293248
293513
293787
294248
294479
294511
294740
294830
297011
297055
297851
297896
301255
301368
301553
302486
302651
303375
305191
305389
305967
306066
306298
307169
307423
307942
307992
309063
310362
310660
310937
311998
313033
313040
315085
315738
316562
317232
317390
317990
318571
320186
320305
320631
322349
323131
324473
324690
325332
326049
327009
327760
329803
330290
330300
330767
330976
333443
333535
334044
334582
335118
335900
336442
337961
339327
339474
340999
341757
342602
342811
342839
343902
344578
344940
345631
345826
345871
346264
347759
347823
348039
348930
349247
349402
349803
349888
350940
351170
351177
351851
352156
352267
353916
354122
354587
355120
355363
356251
356707
357229
357948
358883
358895
359114
360333
360351
361304
361389
362693
363429
364233
364581
364977
365541
365806
366057
366935
367143
368938
369916
370210
370224
371404
371862
372413
372580
374221
375766
376154
376549
376839
377167
377329
377736
378334
379316
379436
382089
383125
383635
386173
386334
386577
387822
388165
389622
390425
390919
391416
391828
392539
393257
393357
393977
394302
395118
395213
395260
396110
396422
396684
397512
397522
399036
399123
399433
400346
401394
402874
403342
403794
404458
405077
405824
405942
406099
407711
407962
408404
408407
408492
408534
408857
409442
409515
410022
411034
411235
411250
412893
412896
413274
414035
414334
415074
415620
416531
416733
417755
419354
419526
420032
420095
420574
421010
421115
421821
421842
423301
423416
423507
423671
424139
424376
425033
425183
425343
426137
426978
428330
430623
431144
431188
432851
434069
434849
436352
436986
437096
437340
437375
437499
438096
438562
439857
440043
440353
440989
441129
442543
443567
444507
445657
445723
451513
451985
452052
452144
452447
453252
453270
453856
454277
454479
454564
455361
455429
456547
457164
457418
458807
459879
460202
460318
460380
460425
460569
460970
461332
461669
462024
462579
462774
462799
463237
464256
464460
464924
468888
470070
470286
470295
470297
470841
471043
471301
471910
472811
474962
475376
475456
476056
476081
477044
477984
478321
478327
479270
479684
480353
481321
481641
481747
482172
482315
482605
482856
483707
484245
484689
484738
485578
485660
486593
486614
489352
490328
490678
490857
494202
494516
494767
495661
495764
495997
496399
496952
496957
497124
497323
497841
498480
500108
500111
500136
500675
501526
501728
503059
503356
503357
503468
503929
504321
504575
504824
504919
505381
505475
505782
506675
506727
506882
508485
508566
508829
509533
509652
510216
510244
510298
510485
510792
511776
511862
511862
512743
513038
513426
513465
514170
514391
514881
515716
515940
516649
516844
517434
517630
517854
519414
519582
520087
521190
524786
525068
525217
525800
529134
529404
529991
530175
530708
532379
532736
533449
534133
534436
535008
536528
537043
538166
538951
539488
540450
540834
541573
542423
542540
542733
543583
543845
544197
544764
545004
545019
545189
545631
548347
548665
551696
552718
552898
552960
553481
553619
553784
554291
554651
554656
554712
555194
555502
555691
555854
556225
556751
556958
558219
558542
560107
561016
561147
561197
561390
561422
562198
562517
562710
563278
563460
564093
564802
565044
565161
565871
570248
570600
570676
571580
572100
572671
573521
573636
574149
574216
576243
577075
577221
577399
578041
578406
578870
578911
579624
579948
580047
581402
581884
582383
582934
584034
585361
585479
585670
585962
586242
588350
589111
589671
589922
590735
590860
591636
591887
592991
593674
594967
595210
596313
596468
596902
597345
597858
599566
601230
601626
601883
602244
602404
602751
604013
604140
604354
606754
606824
608109
608378
609177
609508
612042
612520
614184
615928
616394
616689
617488
617566
618174
618794
618870
619399
619491
619968
620448
621143
621251
621964
621981
622433
622785
623180
623718
624402
624666
624742
624776
625000
625608
625800
626837
627033
629227
629249
629455
629829
629956
631555
631678
632385
632626
632630
633950
634479
634993
635266
635729
636386
636731
637643
637759
637917
638022
638246
639878
640203
641205
642183
642523
643016
643953
644457
644521
647153
647653
648040
649291
650248
652704
654497
655203
655732
657165
657502
657647
657870
658608
659558
660282
660495
660768
660994
661356
661818
661884
663391
663748
665332
665458
665511
665625
665821
666958
667555
667570
667575
669135
669667
670181
670671
670960
671749
672697
673306
673619
674247
674562
674959
675211
675505
675683
676152
676987
677411
677612
677636
677989
678544
678678
679310
679321
680462
680502
681314
681328
681893
683044
683669
683722
684034
684705
684785
685082
685297
686247
686392
687445
687512
687670
687818
688648
689429
689979
690423
691040
691186
691774
692470
692694
693790
694694
695495
696559
697287
697904
697943
698155
698615
699462
699738
702273
703169
704140
704834
705663
705723
706351
707885
709346
709722
710981
711106
711210
711431
711433
713554
714051
715674
716677
716976
717847
717938
718407
719188
719396
721756
722471
722873
725397
725621
726620
727378
727566
728108
728583
729106
729230
729423
729644
730529
730985
731324
731826
732346
732612
732927
733198
734646
734660
735525
736556
736975
737656
738652
738851
740104
740337
743018
743401
743444
743457
744293
744786
745216
745598
745663
747891
748454
749473
749690
750168
750935
751142
751262
751355
751860
752167
752340
752509
752690
752875
752885
753054
753283
753713
753843
754356
754448
754464
754480
755155
755189
755449
755950
756704
756761
757301
758678
759085
759555
759874
759945
761050
761611
762346
762671
763650
764427
764700
765004
765564
766251
766344
766381
766540
766571
767410
768410
768631
768937
770396
771472
771502
773035
773892
774162
774296
774335
774705
774992
775863
776010
776932
777106
779399
779678
779869
781149
781310
782143
782330
783836
784902
784954
786050
787100
788211
789143
789756
790252
790603
791094
792582
792787
793485
795110
796270
796554
797029
797708
797756
797857
798010
798393
799464
799718
799935
800217
801032
801636
801862
802188
802528
802533
802779
803578
803846
804518
804539
804615
804773
806915
808261
808327
808494
809477
810112
810436
813149
815034
815133
815798
815946
816105
816564
816845
816872
817711
817893
818855
819224
819940
820109
820595
820845
821307
821651
822220
822512
822592
823531
824101
824815
825132
825532
826018
826482
827138
829286
830204
830305
830665
831775
831980
832822
833243
833725
834213
834236
834515
834920
835179
836119
836959
837440
837618
838195
839551
840463
841808
842591
843253
844836
845186
845245
845373
845780
846120
846319
846750
847790
847854
848820
849349
851389
852073
854038
854725
854980
855440
855899
856962
857898
858422
859418
861012
861081
864857
864964
865829
867074
867448
868037
868448
869500
869807
870470
870506
870757
871109
871397
871827
873029
874905
875195
876372
877149
877163
877928
877975
880367
880782
880852
881735
882166
883122
884177
884428
886472
886650
887072
887301
887638
887897
889300
889548
889987
890010
890044
890347
891118
891158
893958
894697
894705
896512
898355
898388
898655
899080
899179
899342
899372
899672
899735
899965
900034
900180
901115
901848
902782
903206
903875
904329
904722
904833
905286
905633
908175
908490
908874
910003
910253
910331
910405
910621
910766
911368
912335
912813
912907
913307
914391
915813
916050
916235
916919
918073
918843
919355
920273
920751
920825
923429
927561
927591
928435
928708
928920
928936
929760
929923
929944
930175
930267
930569
931217
931714
931862
932281
932827
932974
933575
933783
934451
934677
934701
934859
936164
936863
937825
938666
938819
938965
939833
940916
942365
942666
942863
943070
943447
943905
944355
946618
946712
947903
948163
948508
949093
950586
951230
951312
952061
952076
952814
954219
954226
954622
956725
958135
958246
958821
958983
959458
959785
960373
960397
960686
961239
961925
962388
962867
963229
963485
963733
964601
965385
965757
966192
966847
967146
967268
967347
967642
968830
969715
970589
971010
971234
972173
972897
973546
974350
975693
976560
976896
980045
981732
981745
981905
981977
981995
983454
984325
985128
985341
986075
986719
988021
988508
989433
992282
993661
993957
995459
995490
995682
996384
996461
996808
997680
999470
999821
1000747
1000916
1000960
1001155
1001325
1001391
1001505
1001588
1001940
1002043
1002557
1002732
1005319
1005855
1006208
1006631
1006779
1007748
1008423
1008520
1008709
1009051
1010010
1010114
1012022
1012773
1014321
1017038
1017761
1017995
1019146
1020375
1020519
1020924
1021642
1021944
1022368
1023400
1023637
1023871
1024244
1024402
1024774
1024863
1024928
1025507
1025656
1026542
1026855
1026930
1028999
1029405
1030797
1030898
1033267
1033573
1035825
1036416
1036476
1040521
1041271
1041312
1042852
1044862
1046769
1047259
1047620
1048184
1049020
1049101
1049722
1049877
1050397
1051231
1051310
1053852
1054101
1054276
1056119
1057163
1058238
1059503
1059846
1060960
1061433
1064214
1065328
1065637
1066259
1068454
1069660
1069741
1070308
1070979
1071111
1071132
1071166
1071492
1072189
1072354
1074000
1075274
1075996
1076303
1076582
1077144
1078028
1078054
1078208
1078314
1078899
1078945
1079022
1079739
1079868
1079883
1079901
1080409
1080930
1081623
1082887
1085565
1086024
1086223
1086235
1086251
1086773
1087818
1088109
1088424
1089232
1089455
1090430
1091560
1091686
1091767
1092246
1092842
1093094
1093618
1093684
1093766
1095710
1096055
1096142
1096225
1096359
1096485
1096937
1097011
1097143
1097328
1098486
1101099
1102428
1103424
1104579
1104813
1104927
1105831
1106645
1107265
1107281
1107589
1107659
1107868
1108272
1108474
1109393
1109444
1109805
1110995
1111243
1112022
1113537
1115160
1115948
1116061
1116228
1117298
1117561
1117600
1118036
1118379
1119498
1120911
1122377
1122703
1122885
1123345
1123801
1124274
1124536
1124888
1125340
1125986
1126135
1126701
1127507
1127779
1130624
1131017
1131152
1131223
1132222
1132510
1132520
1132978
1133045
1133747
1134140
1134419
1135368
1135395
1135892
1136959
1137014
1137332
1138050
1138145
1138420
1140257
1141584
1142182
1142449
1143343
1143642
1145879
1147191
1148167
1148300
1148704
1149150
1150386
1151354
1152206
1153698
1153750
1155301
1155651
1155845
1156479
1157563
1158099
1158912
1159842
1160006
1161407
1161596
1162532
1162768
1163594
1163886
1165302
1165379
1166968
1168948
1169025
1169163
1169298
1169350
1169489
1170154
1170637
1170969
1171533
1171551
1172988
1174174
1174271
1174637
1174898
1175452
1175650
1176064
1176564
1176724
1177343
1178146
1178956
1179222
1179722
1182173
1182299
1183437
1186410
1186942
1187137
1187442
1188238
1189041
1189682
1189694
1190509
1190954
1191244
1191331
1191581
1192048
1192289
1194950
1195379
1198238
1198296
1198464
1198958
1199221
1200087
1200118
1201086
1201831
1202205
1202354
1202453
1202582
1202633
1203072
1203366
1204668
1204944
1205511
1206820
1206886
1207058
1207392
1208063
1208295
1208399
1208984
1209066
1209639
1209840
1210059
1210264
1210569
1211062
1211363
1211536
1212252
1212782
1212796
1213486
1213924
1214140
1214397
1214971
1215205
1215803
1215983
1216127
1216265
1216286
1218146
1218298
1218590
1218883
1219038
1219195
1219740
1220370
1221156
1222812
1225437
1225778
1225810
1226037
1226118
1226336
1226438
1226707
1227113
1227132
1227891
1228017
1228526
1228736
1229404
1229911
1230508
1230677
1231305
1232335
1232375
1232747
1232852
1233213
1233340
1233634
1234246
1234622
1235249
1235279
1235451
1237061
1237188
1237252
1237650
1238148
1238755
1238760
1239224
1239703
1240184
1240332
1240918
1241103
1241861
1241914
1241946
1242456
1242846
1243680
1244003
1244948
1247044
1248147
1248634
1248651
1249081
1250321
1250793
1250829
1251086
1251294
1252393
1253151
1253844
1256056
1256591
1256625
1256690
1257317
1257397
1258589
1258981
1258997
1259959
1260427
1260550
1260802
1261668
1262113
1263639
1264437
1264503
1265141
1265947
1266243
1266291
1266368
1266490
1266707
1266885
1267054
1268079
1268654
1268898
1268946
1269163
1269859
1269876
1270716
1271205
1271324
1271702
1271969
1272074
1272415
1272416
1274936
1275324
1275414
1275644
1277831
1278388
1280172
1281220
1281459
1281689
1281859
1282063
1282219
1282253
1282598
1282993
1284687
1285093
1285401
1286034
1286784
1287844
1288501
1288619
1288730
1289612
1289715
1289916
1290035
1290466
1291160
1291495
1292269
1292567
1292762
1293818
1293922
1294927
1295366
1295837
1296631
1298430
1298460
1300162
1300828
1303827
1305456
1305659
1306983
1307802
1307905
1308278
1309354
1310687
1311230
1311849
1312209
1313296
1313444
1315076
1315658
1317162
1318017
1318448
1318530
1318726
1320167
1320729
1320801
1321089
1321823
1321965
1321983
1324360
1324499
1324987
1325453
1326148
1326387
1327219
1327303
1328338
1329453
1330265
1330278
1331197
1332459
1332513
1333071
1333616
1333922
1334671
1334712
1335268
1338333
1339086
1339558
1340235
1340452
1341288
1341783
1341832
1342547
1343616
1344127
1344406
1344453
1344842
1345076
1345992
1346248
1347277
1347315
1347672
1347863
1348001
1348743
1349709
1351953
1352846
1355048
1355067
1355797
1356844
1357475
1358322
1359578
1359882
1360127
1360723
1361225
1361787
1362084
1362250
1362555
1364509
1364547
1364605
1365043
1366104
1366508
1367327
1367658
1367761
1368083
1369309
1369323
1369710
1369919
1370849
1370899
1371224
1371633
1371861
1372187
1372692
1372700
1372936
1373671
1377728
1377748
1378495
1379320
1381788
1381878
1382012
1384541
1385439
1385675
1386044
1386279
1386702
1386868
1387345
1388546
1389060
1389441
1389791
1389856
1392178
1394006
1396431
1397034
1397519
1398331
1398427
1398730
1399257
1399335
1399841
1400208
1400446
1400640
1400952
1401863
1402246
1402517
1403614
1404437
1404692
1405766
1405815
1407145
1407236
1407524
1407600
1408359
1408775
1409307
1409634
1410056
1410799
1411586
1412799
1413755
1414340
1414622
1415098
1415176
1415476
1416114
1417123
1417800
1417886
1418381
1418697
1419266
1419885
1420432
1420856
1421230
1421298
1421655
1422354
1422575
1424176
1424287
1424505
1424707
1425178
1425873
1426372
1426976
1427065
1427578
1427690
1427869
1428695
1429296
1429922
1430352
1430510
1431244
1431472
1431694
1431883
1432047
1432683
1432802
1433066
1433184
1433607
1433716
1436159
1436696
1436965
1437211
1437660
1437705
1437966
1438935
1439545
1440333
1442312
1442348
1444217
1446347
1446650
1447991
1448564
1448574
1449541
1450622
1451184
1451875
1452318
1452544
1452968
1453889
1454362
1455191
1455409
1455639
1457043
1457512
1458002
1459009
1459456
1460467
1461052
1461145
1461310
1461331
1461351
1462798
1462933
1463376
1465200
1465508
1466430
1466925
1466963
1469523
1469808
1470341
1470733
1471164
1472656
1474061
1474854
1475058
1475209
1476286
1476535
1476777
1477467
1477878
1478216
1479043
1479169
1481052
1481405
1481906
1483294
1483495
1483497
1484244
1484431
1484850
1485098
1485183
1485202
1485893
1485935
1486644
1487539
1490047
1490408
1491423
1492163
1492430
1493095
1493301
1494717
1494997
1495031
1495054
1495611
1496134
1496578
1496598
1497046
1497196
1497397
1497422
1497690
1497937
1497959
1498075
1498150
1498414
1498534
1499861
1501300
1501870
1502125
1502265
1502386
1502461
1502708
1502813
1502907
1503164
1503405
1503499
1503752
1505259
1505550
1508383
1508934
1511196
1511273
1511328
1511371
1511675
1512007
1512335
1512744
1513307
1513779
1513790
1514845
1514900
1514922
1515409
1516081
1517031
1518233
1520323
1521424
1521553
1521748
1522257
1522705
1523507
1523671
1527634
1529325
1530337
1531315
1531732
1532009
1532079
1532181
1532579
1534792
1535644
1536803
1537012
1537651
1538078
1539417
1539937
1540152
1541398
1542344
1542915
1543737
1543976
1544311
1544840
1545342
1545419
1545828
1546186
1546554
1546755
1546793
1546850
1547012
1547035
1547218
1548231
1549080
1549244
1550133
1551604
1551975
1553656
1553907
1554065
1554747
1554759
1555544
1555548
1555562
1555681
1556181
1557605
1557809
1560194
1560220
1560429
1561230
1561282
1561724
1562068
1563550
1563830
1564394
1564456
1565174
1565332
1565396
1565793
1565876
1566220
1566483
1567449
1569321
1569823
1570451
1572711
1573733
1573996
1575313
1576167
1577097
1577267
1577550
1578047
1578097
1578448
1579540
1582693
1582759
1583280
1583911
1584149
1584432
1585252
1585647
1585791
1586476
1587214
1588165
1588240
1588279
1588921
1588951
1589253
1589790
1590291
1590633
1590872
1591006
1591624
1591694
1592510
1592547
1593399
1593754
1594855
1595748
1596377
1596730
1597113
1597813
1597919
1598141
1598221
1598630
1598631
1599044
1599199
1599657
1599957
1600150
1601109
1601578
1601630
1602122
1602642
1602644
1602862
1603648
1606515
1606888
1606965
1607750
1608110
1610599
1611007
1611429
1611763
1612210
1612668
1612714
1612959
1613417
1614202
1614487
1614937
1615169
1615231
1616326
1616694
1618472
1618849
1618872
1619874
1620746
1621177
1621327
1622310
1623652
1624062
1624849
1626875
1628209
1628401
1628530
1629141
1629366
1629573
1629998
1630470
1631310
1634420
1634439
1634967
1635244
1635266
1637291
1638140
1638200
1638752
1640426
1641166
1641376
1641667
1642371
1642764
1643384
1644916
1645151
1648679
1648799
1649433
1649606
1649795
1649811
1651534
1651706
1654935
1655439
1655783
1657169
1657390
1657513
1657697
1658200
1659373
1659496
1659793
1661108
1661653
1664379
1664626
1664725
1664756
1665280
1665354
1665857
1666111
1668090
1668316
1668412
1668972
1669026
1669567
1670646
1672595
1672790
1672811
1673288
1674617
1675411
1676180
1677053
1677282
1677608
1679021
1679157
1679679
1680233
1680894
1681165
1681250
1681424
1681767
1682101
1682565
1682947
1684763
1685413
1686080
1687347
1687544
1687993
1689124
1689190
1689281
1689712
1689938
1690044
1690603
1690606
1691024
1691936
1695062
1696697
1696767
1696811
1697122
1700260
1702403
1702987
1703697
1704034
1704077
1706420
1706671
1707856
1707995
1708109
1708494
1709733
1710013
1710383
1710683
1710822
1710903
1710934
1711137
1711308
1711881
1712156
1712220
1712536
1713107
1713289
1713569
1713604
1715825
1716559
1716621
1716714
1717255
1718540
1718852
1718918
1719300
1719390
1719797
1720857
1722019
1723885
1725443
1725491
1725541
1725755
1727399
1727626
1728660
1729031
1729799
1729947
1731049
1731358
1731499
1731553
1732905
1732918
1733127
1733549
1734321
1734755
1735261
1735762
1738180
1739503
1739782
1740190
1740288
1740401
1741029
1741597
1741872
1741969
1742168
1745284
1745308
1745999
1746314
1746761
1747267
1749225
1749613
1750010
1750364
1752010
1752135
1752751
1753055
1754252
1754647
1756185
1758749
1759205
1760417
1760724
1761593
1761777
1762057
1762255
1763595
1764252
1764840
1765520
1765593
1765694
1767281
1767298
1767964
1768746
1768933
1769784
1770163
1770557
1770790
1772803
1772867
1773048
1773240
1773299
1773398
1773498
1774672
1774730
1775322
1775343
1775614
1775991
1776420
1776440
1776760
1777659
1778323
1778773
1778944
1779183
1780974
1781504
1782198
1782298
1782363
1782481
1782570
1783134
1783288
1783667
1783757
1784287
1784862
1784909
1785558
1785874
1786005
1786621
1787741
1788729
1789354
1789964
1790726
1792982
1794040
1794443
1794687
1794714
1795539
1798346
1798519
1798907
1799165
1800154
1800338
1802012
1803779
1804119
1805812
1806041
1807290
1807548
1807706
1809168
1809712
1809982
1810458
1810490
1810498
1811430
1813503
1814540
1814897
1815226
1815971
1816010
1817168
1817185
1818902
1818946
1818961
1819594
1820185
1820311
1820413
1820524
1820532
1820702
1820865
1820896
1821023
1821063
1821813
1822821
1823005
1823006
1823837
1824137
1824695
1825981
1827150
1828050
1828262
1829350
1830107
1830269
1830620
1832165
1832325
1835265
1835588
1835620
1836314
1836505
1836808
1837733
1837908
1838511
1838581
1838745
1838984
1840861
1841521
1842769
1843490
1843988
1844068
1844280
1845481
1845740
1846054
1846344
1847462
1847712
1848213
1848919
1849181
1850057
1850089
1850597
1850608
1851456
1851600
1851837
1851993
1852860
1853655
1854198
1854595
1855895
1857441
1858713
1859558
1860062
1860100
1860519
1860524
1861102
1861984
1862085
1863091
1863803
1865281
1865820
1866722
1867231
1867252
1867386
1869162
1869242
1869688
1869889
1870215
1870638
1870650
1870976
1871288
1871397
1873984
1875441
1875700
1876504
1876530
1877102
1877125
1877747
1878637
1879378
1879588
1880313
1880470
1880647
1881168
1881258
1883056
1883112
1883131
1883258
1883387
1883976
1884460
1884816
1884838
1886055
1886481
1886990
1887079
1887314
1887733
1887839
1887986
1889265
1890101
1891199
1893172
1893299
1893916
1896106
1896411
1896428
1896451
1897100
1897497
1898290
1899140
1899140
1899797
1900623
1900709
1902434
1903995
1904072
1904346
1905526
1905608
1906590
1907043
1907140
1907252
1907567
1909366
1909539
1911146
1911272
1911286
1912738
1912760
1913165
1914306
1915556
1915709
1916128
1916471
1918218
1918463
1919194
1919833
1921087
1921291
1922439
1923679
1925231
1925642
1926231
1926716
1927211
1928390
1930020
1930079
1930684
1930969
1932470
1932761
1933383
1933864
1934506
1934633
1934835
1934914
1934921
1935638
1937319
1938280
1938391
1939533
1939708
1940134
1941512
1943117
1943950
1944273
1944295
1944302
1944797
1946316
1946977
1947316
1947595
1947698
1948038
1948231
1951169
1951317
1952340
1952430
1953211
1953406
1954503
1954937
1955572
1956128
1956523
1956858
1956937
1958028
1958243
1958843
1958963
1960060
1960511
1960524
1960691
1961603
1961861
1961916
1962444
1962524
1962673
1963018
1965007
1965123
1965250
1965290
1965389
1965765
1967072
1968597
1969489
1970063
1970267
1971101
1972098
1972413
1973164
1973847
1974018
1975600
1975815
1977206
1978229
1978535
1979136
1979320
1980336
1980715
1981483
1981950
1982109
1982461
1982669
1983230
1983667
1984418
1985729
1986131
1986927
1988375
1988781
1988987
1989326
1989342
1989667
1990076
1991805
1992378
1992446
1992595
1993099
1994983
1995463
1995687
1996455
1996806
1997280
1997394
1997623
1997766
1997804
1997816
1997873
1998278
1998550
2000364
2001001
2001689
2001870
2002025
2002038
2002321
2002396
2002755
2004193
2004337
2004437
2004785
2004820
2005370
2005530
2006778
2010305
2010452
2011286
2012655
2013008
2014116
2014679
2014730
2015926
2016394
2016453
2017553
2017666
2017853
2017860
2018694
2018703
2021121
2021797
2021928
2022396
2022754
2022845
2024298
2024399
2024793
2025146
2026449
2027017
2027160
2027994
2028919
2029544
2030044
2030835
2030911
2032023
2033329
2035426
2037425
2038189
2038355
2038377
2038729
2039142
2039395
2040479
2040562
2042106
2042299
2042301
2042721
2042741
2043112
2044309
2044326
2044505
2045127
2045531
2045555
2045669
2046169
2047247
2047807
2048270
2048752
2049200
2049289
2049602
2050889
2052271
2052734
2052968
2052991
2053293
2053972
2054594
2055832
2056351
2059866
2060300
2060486
2060706
2060981
2061047
2061290
2061879
2063471
2064507
2064770
2064830
2065165
2065401
2065850
2065951
2066858
2066879
2067178
2067333
2067974
2068577
2069065
2069214
2069532
2069850
2071131
2071298
2071679
2073020
2073484
2074481
2074550
2074999
2075449
2076145
2076231
2076878
2077238
2077373
2077557
2077802
2079167
2079318
2080131
2081645
2081784
2082044
2082104
2082403
2083818
2084251
2086010
2086128
2086534
2087276
2089271
2089477
2089544
2090195
2090843
2091076
2091392
2091524
2092915
2093231
2093961
2094803
2094824
2095191
2095526
2097886
2098405
2098766
2098808
2099076
2099891
2099996
2100529
2102484
2102951
2103912
2104165
2104692
2105145
2105215
2105629
2107133
2107495
2107662
2108683
2108696
2109243
2109531
2110517
2112423
2112730
2113148
2113513
2113887
2114921
2115597
2115650
2115854
2116146
2116586
2116683
2116886
2116920
2117242
2119039
2119429
2119442
2120871
2121203
2122157
2122181
2122799
2124001
2124159
2124226
2125068
2125188
2125447
2126760
2126894
2127068
2127137
2127361
2128049
2128542
2129003
2129474
2130863
2131803
2131822
2133158
2133969
2134203
2134977
2135441
2135597
2136183
2136455
2137286
2139115
2139280
2141414
2142013
2142081
2143075
2143263
2143682
2144086
2144420
2144791
2145089
2145604
2145783
2146814
2146893
2146968
2147057
2147151
2147665
2147754
2147839
2148817
2149483
2149747
2149863
2150748
2150989
2152489
2153965
2154003
2154372
2154724
2155009
2155314
2155507
2155627
2157175
2157211
2159176
2159646
2159935
2160941
2161227
2161746
2161797
2161839
2162378
2162463
2163397
2163608
2163886
2165110
2167317
2167319
2168771
2169226
2169823
2169926
2170295
2170670
2170983
2171279
2171437
2171653
2172288
2174586
2174642
2176117
2177074
2177510
2179032
2179272
2179710
2179726
2180051
2180638
2181314
2186149
2186238
2186272
2186777
2186896
2188292
2188420
2189081
2190085
2191878
2192460
2192951
2193396
2193643
2194676
2195215
2195675
2196294
2196415
2197064
2197591
2197761
2197892
2198019
2198253
2198455
2199167
2199286
2199639
2199839
2200665
2200866
2202507
2202829
2204246
2204864
2205331
2205333
2206152
2206328
2206709
2207995
2208109
2208487
2208726
2208918
2209818
2209859
2211742
2211868
2212649
2212801
2213035
2213686
2214673
2214707
2214805
2215132
2215694
2218020
2218309
2218828
2219014
2219063
2219213
2221479
2222156
2223196
2223656
2224778
2225730
2225922
2226549
2226956
2227978
2229539
2230283
2230322
2230620
2230653
2231081
2231733
2231754
2232326
2232342
2232538
2232772
2234612
2235431
2236138
2236190
2237113
2237973
2238664
2239264
2239664
2239787
2239981
2242057
2242220
2242928
2243554
2243809
2244558
2245636
2245695
2246246
2246366
2246735
2247336
2248003
2248145
2248170
2248293
2248385
2249326
2250398
2251652
2251790
2253814
2254161
2254303
2254777
2258322
2259215
2260388
2260739
2261153
2261527
2261754
2261807
2262716
2263042
2263218
2263621
2266056
2266474
2267110
2267323
2267327
2267555
2267969
2268626
2269750
2270378
2270382
2270444
2270460
2272727
2273860
2274371
2275623
2275631
2276270
2277276
2277340
2277889
2278887
2279765
2279882
2280635
2281021
2281540
2281814
2282086
2282221
2285298
2285824
2287153
2288331
2288428
2288448
2288579
2289799
2289889
2290432
2291132
2292400
2292420
2293263
2294059
2295014
2296065
2297101
2297533
2297845
2299037
2299074
2299631
2300792
2300852
2301071
2301903
2302617
2303421
2303546
2305063
2305918
2306143
2306254
2306515
2308317
2308555
2309128
2309805
2311589
2312130
2313641
2313897
2314358
2315267
2315384
2317637
2317643
2319520
2319788
2320468
2321001
2321058
2321696
2322579
2323931
2324492
2325351
2325557
2325846
2326151
2326223
2326573
2327979
2328292
2329140
2329724
2330011
2330093
2330398
2330879
2331334
2331923
2332952
2333910
2335074
2336295
2336657
2337502
2337737
2339467
2339514
2340496
2340629
2340963
2341016
2342773
2343034
2344065
2344186
2344653
2345385
2345738
2345946
2346433
2347241
2348012
2348683
2351445
2352409
2352878
2352950
2353865
2354339
2354767
2355825
2356712
2356944
2357312
2357344
2358192
2358409
2359377
2359511
2360000
2360602
2360805
2361405
2363097
2363183
2363788
2364195
2365166
2365320
2365876
2366032
2366126
2366620
2367209
2367247
2368294
2368633
2368851
2369048
2369094
2369608
2369628
2369940
2370872
2371515
2371769
2371871
2372790
2373218
2373364
2373445
2373525
2374495
2374540
2375108
2375156
2376211
2376539
2376827
2378082
2378157
2378348
2378477
2378742
2379342
2379570
2380042
2380222
2380706
2382013
2382637
2383018
2383158
2383971
2384453
2384623
2385490
2385570
2385840
2386693
2387190
2387543
2387934
2388730
2389271
2390047
2391214
2391858
2392711
2394194
2394354
2395792
2396859
2399012
2399110
2399301
2399918
2399933
2400425
2400872
2401000
2402076
2402160
2402676
2402795
2402829
2403218
2403330
2404272
2405247
2405379
2405756
2407328
2408908
2410303
2410563
2411336
2411685
2411966
2412036
2412589
2413190
2413208
2413339
2413786
2414183
2414447
2416305
2416448
2417121
2417582
2417924
2418507
2418590
2419182
2419268
2419989
2420099
2421166
2422307
2422346
2422546
2422924
2423769
2424142
2424708
2424872
2425753
2425891
2426408
2426604
2426657
2426724
2426892
2427082
2428385
2428585
2428660
2428931
2430008
2430762
2431119
2431751
2431913
2432091
2432731
2433030
2434099
2434314
2434780
2435164
2435738
2436564
2436836
2437417
2437663
2437865
2438810
2439667
2439722
2440060
2440204
2440695
2440865
2441006
2441487
2441502
2442274
2443451
2444209
2444665
2446482
2446857
2447223
2447410
2448880
2449262
2449905
2450381
2450730
2451103
2451233
2452025
2452164
2452225
2452780
2452818
2452831
2452868
2453045
2453208
2453612
2453671
2454359
2454502
2455116
2455626
2455658
2456197
2456771
2457414
2458186
2458824
2458893
2459703
2459753
2459802
2459832
2459985
2461332
2461624
2461750
2462214
2462257
2462574
2463101
2463663
2463765
2463907
2463977
2464290
2464463
2464782
2464903
2465316
2465333
2465494
2465977
2466386
2466413
2466485
2466686
2467789
2467902
2468675
2469148
2469569
2469730
2469887
2473104
2473231
2473319
2473584
2473879
2474233
2474302
2474883
2475190
2475245
2475441
2475542
2475701
2475865
2477095
2477989
2478115
2478638
2478747
2479796
2482138
2482893
2482988
2483367
2483406
2484069
2484409
2484659
2485226
2487669
2488310
2488998
2489249
2489512
2489879
2491654
2491783
2492123
2492535
2492653
2493385
2493449
2495151
2495661
2495672
2496277
2496358
2497476
2497876
2498287
2500529
2500592
2501055
2501223
2502557
2502605
2504165
2504257
2504401
2505768
2506618
2506924
2507137
2507229
2509944
2510244
2510476
2510934
2511115
2511331
2511406
2511729
2513321
2513367
2513658
2514130
2514792
2515064
2515341
2515698
2515946
2516297
2516957
2517586
2519360
2519536
2520650
2521634
2521673
2521780
2522098
2522477
2522813
2522881
2523433
2524476
2525175
2525506
2525735
2525782
2526013
2527133
2527348
2527606
2528478
2528544
2528847
2530716
2530755
2532137
2533984
2534874
2537210
2537276
2537516
2537546
2537601
2537896
2539369
2540265
2540403
2540778
2540808
2542310
2542412
2543085
2543157
2543793
2543960
2547703
2547735
2547880
2548199
2548201
2549870
2549945
2550276
2550432
2552106
2553120
2553158
2553708
2554315
2554692
2554917
2555034
2555221
2555505
2555684
2556749
2556761
2556872
2557197
2557364
2557585
2557658
2557860
2557976
2558323
2558402
2558481
2559244
2559431
2559578
2561525
2562965
2563073
2563564
2564471
2565071
2566199
2566599
2567508
2570439
2570493
2571519
2572682
2572725
2573225
2573616
2573896
2574248
2574428
2574675
2574952
2575333
2576174
2577442
2577895
2578892
2579801
2580303
2581591
2581764
2581947
2582700
2583461
2585182
2585349
2586798
2588194
2589903
2591038
2591813
2592374
2592494
2593378
2593465
2593501
2593996
2594916
2595286
2595697
2596131
2596157
2596424
2597022
2599440
2600714
2600750
2600984
2601397
2601534
2602583
2602685
2603464
2608102
2608815
2609254
2609592
2609855
2610013
2610149
2610309
2610642
2610712
2611042
2612053
2612369
2613771
2613966
2614491
2614787
2616699
2616719
2617176
2617466
2618458
2619945
2620683
2621067
2621143
2622227
2622415
2622973
2625178
2626047
2627264
2628676
2628817
2629373
2630024
2631489
2631495
2632159
2632613
2632645
2632667
2632841
2632900
2635370
2635377
2635680
2635778
2636264
2637327
2637579
2638056
2638106
2639078
2639291
2639515
2639788
2640275
2640538
2643798
2644019
2644064
2644152
2644355
2644394
2645335
2645636
2645753
2645811
2647584
2647633
2647730
2649106
2649999
2650032
2651165
2651450
2652052
2652657
2653940
2656785
2657295
2658044
2658891
2658954
2659224
2659243
2659314
2659416
2659755
2659874
2659958
2662071
2662357
2663028
2663312
2663844
2664086
2665512
2665712
2666150
2666249
2666451
2666564
2666596
2670163
2670246
2671560
2672911
2673771
2674634
2675649
2675888
2677199
2677454
2677695
2678026
2678574
2678812
2678856
2679169
2679445
2680798
2681108
2681342
2681593
2681626
2681910
2682098
2683641
2684348
2684772
2684777
2687009
2687260
2687365
2687407
2688082
2688519
2688978
2689481
2689509
2689904
2692400
2693086
2694716
2695181
2697719
2700453
2700518
2701301
2701411
2703479
2703541
2703637
2703679
2704055
2705103
2705505
2706391
2706520
2706609
2707032
2707255
2708768
2710056
2710291
2710602
2711133
2711538
2711570
2711660
2712385
2713325
2714009
2714029
2714282
2714519
2714895
2718074
2718730
2719787
2719811
2720033
2720976
2721652
2722209
2722758
2723682
2723831
2724660
2725273
2725904
2725943
2726053
2726890
2726974
2727820
2729983
2730274
2731000
2731079
2732035
2732764
2733118
2733147
2735022
2735196
2736286
2737619
2737847
2737994
2739286
2740216
2741413
2742420
2742451
2742514
2743973
2743980
2744197
2744323
2744558
2745226
2745243
2745486
2745759
2748132
2749684
2749696
2749751
2751360
2751898
2752356
2753876
2754076
2754296
2754659
2756845
2756952
2757212
2757945
2758316
2758717
2759917
2760676
2761207
2761463
2761657
2763385
2763560
2765995
2766023
2766506
2766794
2766921
2767619
2768241
2768874
2769708
2770107
2770202
2770594
2771657
2772540
2772865
2774899
2775176
2775357
2775683
2776010
2776129
2776324
2777007
2777153
2777350
2777615
2778152
2779467
2780054
2780566
2780957
2783569
2783764
2784316
2784377
2784547
2784665
2784804
2786488
2786793
2787258
2787677
2788381
2788612
2788716
2790996
2791044
2793252
2793381
2793748
2794177
2794510
2794988
2795176
2795331
2796473
2796526
2796585
2796643
2796708
2797791
2798190
2799711
2800105
2800225
2800230
2801136
2802398
2802996
2803616
2804661
2804666
2805300
2805305
2805495
2808094
2808399
2808667
2809219
2809220
2809303
2810194
2810351
2810802
2813016
2814019
2815632
2816130
2816323
2816420
2816614
2817876
2818444
2819110
2820717
2821410
2822531
2822995
2823470
2823526
2824767
2828148
2828486
2828830
2829083
2830074
2831059
2832326
2832727
2832770
2832829
2833529
2834858
2834966
2835941
2837140
2838107
2838595
2839158
2839571
2841037
2842006
2842097
2842408
2843321
2843364
2844699
2844819
2844971
2845487
2845560
2845628
2845970
2846307
2847433
2848077
2849199
2849687
2850421
2850566
2850883
2851061
2851290
2851748
2852832
2853062
2853076
2853427
2854532
2854575
2854707
2855129
2855334
2856305
2856777
2856852
2857577
2857968
2858826
2859079
2860159
2860967
2863011
2864161
2864734
2865558
2866629
2867703
2869095
2869484
2869963
2870148
2871995
2872294
2873490
2873759
2874129
2874344
2874344
2874762
2875890
2877103
2877312
2879292
2879411
2881320
2883252
2884100
2885835
2885836
2885918
2886138
2886149
2886507
2888717
2889703
2889823
2890092
2891886
2891921
2892076
2893428
2894114
2894133
2894282
2894689
2896340
2898110
2898627
2898874
2899718
2899889
2899929
2900152
2900155
2900198
2900666
2901065
2903125
2903130
2903269
2903417
2903783
2904159
2904259
2905231
2905613
2905732
2906287
2906892
2907361
2908880
2908914
2910352
2911168
2912215
2913458
2913899
2914588
2915997
2916015
2916095
2916688
2916826
2917024
2917037
2918580
2918933
2920021
2920229
2920975
2921488
2921695
2921834
2922632
2923499
2924849
2925552
2926032
2926359
2927373
2927583
2927589
2927629
2928004
2928508
2929328
2929749
2931092
2931714
2932806
2933113
2933977
2934023
2935583
2936469
2937996
2938071
2938427
2938449
2940568
2941412
2942753
2944555
2944967
2945071
2947062
2947449
2947747
2947767
2948210
2950100
2950139
2951024
2951122
2951934
2952415
2952519
2953105
2953182
2953609
2954497
2955700
2956797
2958924
2959234
2959310
2959597
2959902
2960457
2960535
2960905
2961089
2962110
2963592
2963738
2963788
2964750
2964807
2964909
2964999
2965788
2966581
2967871
2968178
2969316
2970074
2970366
2970502
2971016
2971719
2972098
2972267
2973036
2973216
2976085
2976514
2977523
2977586
2978175
2978375
2978626
2979606
2980732
2981574
2981690
2981717
2981937
2983435
2983511
2983981
2984511
2985283
2985738
2986361
2986587
2987352
2987534
2987862
2988217
2988282
2989287
2989823
2989879
2989964
2990186
2991177
2993589
2993758
2994322
2994402
2994760
2995800
2995953
2996306
2997161
2998880
2999020
2999142
2999287
2999488
