Количество элементов - 100, алгоритм сортировки - ShellSort2, случай - Ordinary, время работы - 0
8464
27509
33670
48060
52450
56031
104170
114869
167320
175785
231817
300648
325343
326559
368185
368857
401007
458147
479598
513957
619609
624037
625215
659455
678231
679924
693342
694199
696713
707515
720215
727013
827940
831183
848465
852286
896071
934958
952103
953706
969154
976251
1002136
1009077
1027096
1039051
1059289
1108891
1178363
1187113
1193882
1214971
1258003
1306157
1310662
1357256
1359813
1468074
1477454
1483112
1530045
1550383
1587187
1629455
1632457
1640851
1680368
1693129
1744635
1846275
1847594
1853930
1965109
1965981
2067257
2185707
2247282
2266781
2333966
2353860
2374456
2437563
2527364
2553695
2566027
2586164
2614077
2646476
2655818
2658492
2665305
2718248
2805748
2849677
2892982
2925513
2947124
2956485
2975058
2977898
