Количество элементов - 5000, алгоритм сортировки - ShellSort1, случай - Ordinary, время работы - 0
95
124
726
1365
1598
3554
3663
3706
4249
5879
7250
8363
9598
10203
11173
11529
12043
12247
14886
15002
17830
18919
20052
20270
21788
21934
22138
22897
23528
23788
23980
24682
24726
26118
26925
27132
27835
28232
28337
28630
29093
29531
30850
33002
33361
33909
34710
35923
36368
37249
37369
37484
37586
39036
39534
39682
40128
41784
43997
45613
45644
45814
47004
47102
49522
49525
50915
50926
50960
51085
51979
52651
52866
53646
56049
56165
56766
57199
58363
58717
60692
60806
61809
61831
62443
62567
63583
64472
64602
64671
64882
65540
65786
65927
66160
67444
67594
68139
68936
69683
70176
71537
72194
73217
73743
75363
76465
76853
77073
77287
79329
80007
81541
82473
82522
82629
82751
82900
84127
84307
85837
86481
86616
86784
87514
88031
88422
88804
89690
90328
91057
91073
93599
94024
94142
94740
95597
98586
98691
98797
100464
101400
101662
102650
102959
103225
104247
105704
108177
109633
109873
110041
110783
111014
111403
111554
111728
112337
112428
112633
113341
113649
115012
115210
115228
115492
117162
119504
119926
120396
120470
120516
120809
120810
122288
123336
124102
124889
124937
125150
125307
125754
127199
127478
127639
128683
129178
129798
129808
131907
132014
132425
132654
134037
134319
134367
135153
136112
136661
137213
137530
137920
138382
139062
139333
139481
139982
140409
140825
141737
141740
142313
142752
143239
143556
143923
144384
145156
145649
146528
147532
149226
149484
149992
151209
151349
151869
152709
154105
154261
154528
155098
157395
159605
160831
160858
160996
162552
162611
162681
164428
165434
165457
165951
166775
166887
167816
167984
169247
169871
170260
171707
172889
172998
173493
174120
174272
174622
175926
176126
176202
176772
176899
177095
179580
179763
180242
180610
181811
182443
182917
183758
184130
184144
186562
186996
188487
188827
189734
190002
190404
191649
191649
192309
193130
193355
193447
194055
194849
195887
195940
196364
197720
198524
199362
199912
201355
201489
202807
204005
205153
205668
205903
205922
205933
206751
206809
207680
208056
208324
208420
208879
209355
209763
210553
210962
210989
211276
212822
212916
213182
213211
213604
214362
214643
215107
215595
216242
216806
218397
219732
221314
222221
222568
222882
224084
224519
224788
225164
226490
226760
227124
229455
229591
229821
231210
231655
232479
233015
233825
233833
236818
237044
237238
237411
237965
238452
238646
239465
239853
241028
241105
241947
242215
242865
246046
246450
246689
246713
248627
248741
250777
251176
251371
251444
252640
252678
253503
253667
255759
255944
256150
256263
256455
257892
258198
258292
259017
259792
259934
260347
260461
261266
261405
262384
262576
264890
265557
266121
266772
267296
268043
268392
268688
269348
269671
270074
270280
271063
271714
272742
273741
273790
273848
274055
275282
275303
275351
275482
276001
276531
276868
277113
277189
279027
279219
281671
282190
282814
283877
284692
285320
285820
286879
287501
288511
288932
289776
290321
290460
290797
291186
292921
294572
294850
296081
296101
296759
297283
300563
302177
302342
302931
303560
305453
305936
306347
306418
306901
307141
307203
307503
307854
308715
309614
310219
310229
310410
310762
310931
310952
311708
311906
312314
313242
313609
313905
314202
314677
314743
315580
316027
316360
316677
316984
317302
317742
317805
318564
318799
318932
319025
319173
320816
320826
321121
322163
322180
322394
323956
324661
324826
325566
325867
326321
326324
327024
327208
328539
330180
331052
332176
333157
334276
335613
335720
335974
336460
336618
338435
338496
339146
339339
339597
340632
341269
341608
342109
342285
342298
344255
344338
344382
344700
344912
345740
346364
347044
347237
347527
348148
348259
348312
349691
349976
350210
350410
350748
350807
351993
353809
354406
354581
355196
355326
355464
356080
356145
356690
356974
356979
357121
357394
357446
358669
358739
358978
359425
360355
360634
361595
361797
361926
363806
363897
363932
365263
366276
366571
366584
367185
368292
369235
369421
369615
369844
369961
371504
371888
372186
372625
372762
373214
373914
375014
375980
376009
376173
376364
376544
377301
377522
378284
378763
379789
380215
380755
380761
380906
381632
382014
382434
382504
382926
383491
385719
386415
386519
386934
387031
387313
387465
387507
388240
388404
388446
389109
389223
389559
391230
392054
392136
392900
393051
393268
394010
394351
394403
394652
396554
396565
398040
398394
398408
398548
400374
400825
402086
402503
402671
402716
404932
405266
405769
406917
407166
408198
408209
410727
412126
412852
413227
413562
413892
414731
414980
415153
415636
415757
416561
417638
417720
417899
418747
418808
419421
419942
421329
421396
421948
422003
422036
422547
423306
423421
426042
426560
427023
428232
428816
428984
429184
429606
429908
430237
430439
430790
431899
432189
432426
432694
432974
433226
433247
433621
433656
433833
434112
434340
434695
437662
437758
437839
438073
438804
439639
439819
440566
441004
441843
442109
442712
443595
444834
444894
445406
447036
447303
447716
448079
448179
448462
449593
450178
450739
451191
451843
452199
452840
452963
454409
454560
454846
455918
455975
458264
458312
458802
459270
460188
460618
461065
462348
462502
462783
462850
463815
463820
463923
464185
464302
465033
465761
465945
465954
465960
466075
466269
466276
466372
468504
468684
468695
470098
470115
470120
470635
471910
472094
473551
473622
473739
474132
474348
474368
475042
475529
476256
477489
478344
478418
479428
479566
479696
479703
481169
481604
481943
482135
482208
484042
484912
484938
485409
486339
486441
486540
486778
487514
488195
488513
489166
489671
490174
490232
490942
490969
491412
491430
492432
492432
492640
493108
493148
493402
493927
494426
494429
494905
495275
496018
496112
496377
496590
496832
498020
498173
498228
498613
498747
500459
500576
500985
501329
501996
502126
502431
502828
505028
505900
506195
506673
509416
510217
510337
511264
511481
511482
512060
513519
514815
515062
515806
516166
516640
517852
517891
518005
518626
520290
520332
521251
521868
523910
524960
525020
525309
526901
527135
527784
528006
529541
529747
530314
530626
532940
534709
534851
534897
534993
535336
535358
536316
536336
536566
537106
537891
538174
538411
538774
538850
538961
539408
539437
539860
540787
540903
541228
541320
541715
542429
542563
542577
543462
545146
545309
545865
547571
547834
547850
547853
548232
548575
549886
550059
550264
550563
550952
551021
551071
552248
553109
553283
553339
555268
555368
555802
556323
556474
556605
556793
557704
557853
558832
559545
559651
560723
560860
560877
561164
561380
561603
562934
563015
564464
564960
565371
566414
566812
566889
567290
567457
568814
569345
569350
569792
570066
570300
570752
571099
571489
571799
572420
572929
573240
573337
573765
574018
574658
575473
577676
578234
578756
578761
579129
579150
580039
580333
580704
581513
583275
583850
584200
584432
584720
586801
587154
587194
587807
588417
588450
588520
588930
588963
589459
589638
590265
591202
592359
592858
593633
594920
595189
595799
595943
595949
596379
596509
597324
598142
598502
598594
598971
599000
599147
599564
599633
600977
601157
601326
601405
602671
602831
603329
603441
603718
603753
604477
605089
607142
607725
608451
609146
610032
610778
610827
610951
612293
613711
613780
614128
615064
615879
615896
616559
616702
616830
617669
618449
619744
620232
620478
620549
620859
620859
621181
621759
621909
622384
623548
623794
624565
624689
624878
625957
626041
627341
627748
628392
628581
628621
628687
628933
630509
630959
631247
631842
632138
632233
632607
633230
633959
634900
636242
637239
637989
638304
638324
638624
638883
639453
639973
640229
640628
640772
642631
642647
642791
643772
644134
644392
644425
644639
645133
645746
646817
647368
647480
648488
649739
650108
650650
652696
652900
653041
654749
655394
656192
657031
657469
659882
660183
660484
661141
661508
661628
661645
662974
663167
663534
665604
665733
666855
667140
669241
669707
670075
672184
672464
672844
672911
673706
674312
674898
676223
676658
677902
678174
678335
678912
679396
679584
680325
680500
681001
681607
682854
683180
683196
683240
683760
684151
684461
684656
685863
686840
687022
687216
688150
689336
689688
689936
690692
691816
693464
693880
694937
695219
696220
697099
697174
697554
697651
698013
698018
698246
698382
699103
700209
700324
700570
700613
701207
701816
704823
704883
705009
705679
706507
706699
706784
707601
707780
708559
708841
709390
709520
709795
710072
710331
710839
711105
711246
712559
712723
713378
713939
713981
716046
716194
717082
718020
718289
718899
719748
719863
721518
722505
722973
723988
724093
724109
724139
725505
726136
726187
726750
727082
727274
727666
728694
729329
729378
729402
729651
729904
730535
730754
731132
732005
732651
732670
732732
733918
734101
735414
736998
737353
737515
738853
738975
739164
739174
739840
740191
740859
741029
741426
741828
741980
742974
743440
743468
744003
744231
745017
746767
747114
748717
750617
751256
751297
751617
752702
752767
754281
754365
754532
754538
754648
755052
755818
756092
756173
756659
757885
758033
758788
759041
759256
759363
760044
760305
761458
761946
762103
762242
762281
762330
762571
762975
763703
764860
765563
765647
765741
766165
766789
766795
766928
768030
768655
768883
768900
769029
769433
770878
771003
771069
772086
772562
772933
773160
773823
774380
774439
774737
775333
776115
776363
776458
776575
776868
777523
778517
778760
778777
779767
780385
780581
780582
782572
783146
783185
783852
784233
784304
784634
785025
785033
785499
787412
788251
788357
788725
788735
788787
788864
788868
790712
790714
791422
791896
791910
792032
792445
792514
792519
793326
793936
795206
795500
796258
796984
797890
798101
798894
798931
799060
799659
800799
801287
801511
801835
802141
802903
803823
803914
804100
806078
806130
806532
807489
807623
808218
808802
808804
809156
809644
811987
812240
812532
812704
812970
813144
813823
814528
814708
814940
815119
815727
816419
816601
816847
817466
818103
818637
820624
821155
821765
822716
822837
824701
825805
827872
828229
829465
829927
830020
830919
830928
831141
831890
832946
833064
833336
833765
834450
836065
836368
837490
837680
839607
840135
841028
841077
842012
842026
843903
844323
845164
846180
847943
848872
848995
849116
849474
850777
851308
852974
853803
854284
854792
856004
856029
856508
856687
858290
862845
863558
864768
865307
865852
866088
868055
868702
868820
872254
872497
872717
873104
873120
873234
873699
873730
874346
874490
874665
874821
874901
875102
877080
877256
877945
878423
879692
879702
883497
883877
883999
884567
884857
885051
885306
885458
885515
885930
885962
886272
886483
886894
887161
887275
888337
889666
889978
890304
892808
893732
894683
894834
897250
897549
897748
897927
898619
900220
901741
901878
902911
904701
904841
904908
905436
905543
906832
907114
907487
907904
908049
908862
909317
910052
910421
910714
911089
912463
912718
912961
913608
913625
914122
914170
914256
914515
914959
915486
916505
916780
917370
917810
918708
918742
918888
919204
920252
920450
920479
921666
921973
922779
922963
923485
923602
925250
925471
925931
926763
927161
927460
927819
928030
928195
928337
928647
928803
929094
929159
929256
930275
931808
932750
933180
933877
934219
934285
934514
934545
934653
935326
935512
937767
937936
938011
938176
938672
938677
938714
939103
940267
940306
941378
941425
941864
942060
942664
943722
944978
946032
946085
946777
946939
948792
950803
953700
953783
954036
954142
954386
954920
955381
956402
958149
958181
958811
959183
959580
959937
960305
961617
961980
962357
962926
964517
965281
965621
965921
965956
967547
968153
968297
969001
969793
970686
970695
971686
972676
972956
973190
973328
975254
975483
977100
977932
977948
977949
978494
980345
980732
981661
982004
982038
982059
982755
983428
984049
984476
986470
987848
988369
989429
989820
990116
990822
991017
991092
991700
992731
994970
996089
996968
999054
999745
1000379
1000703
1001162
1001259
1002088
1002563
1002732
1003271
1003517
1003572
1003940
1003945
1004639
1004938
1005286
1005412
1005863
1006508
1007321
1007327
1007343
1008356
1008941
1009321
1009964
1010627
1010858
1011166
1011961
1012236
1012550
1012658
1013454
1014713
1014895
1015396
1015667
1019481
1019931
1021282
1021324
1024650
1025114
1025239
1026386
1027526
1027625
1029512
1029601
1030549
1031739
1034133
1035390
1035393
1035436
1036816
1037265
1039124
1039242
1039246
1039633
1040512
1042084
1042288
1042967
1043792
1045251
1046837
1047220
1048033
1048298
1049153
1049677
1049945
1050220
1050301
1050412
1051814
1052464
1052736
1053077
1053094
1054005
1054026
1054680
1054819
1055935
1056131
1056652
1056682
1056805
1057011
1057552
1058193
1058586
1060364
1061325
1061622
1063724
1064521
1064766
1065213
1065263
1065800
1066372
1066424
1067190
1067368
1067374
1067808
1068411
1069173
1069952
1069959
1070153
1070871
1071305
1074191
1075254
1075309
1076076
1076091
1076504
1076854
1077605
1077634
1078483
1078733
1079189
1080020
1080291
1080557
1081692
1081717
1081995
1083450
1083529
1084930
1085017
1085406
1085592
1086139
1086438
1086899
1087421
1088250
1090648
1091022
1091152
1091850
1091884
1093302
1093571
1094365
1094950
1095828
1096202
1096239
1096552
1096745
1096911
1097863
1098014
1098832
1098895
1099655
1099936
1101458
1103171
1103342
1103422
1103428
1103850
1104230
1104250
1105151
1105200
1105794
1105916
1106806
1110140
1110365
1110798
1112834
1112870
1112950
1113109
1113165
1113284
1114617
1115292
1115344
1115511
1115794
1115817
1116281
1116337
1118341
1118749
1119007
1119371
1119384
1121207
1122167
1124023
1124232
1124529
1125864
1125979
1126145
1126236
1127628
1127817
1127827
1129598
1130719
1130911
1131338
1131431
1131640
1132058
1133010
1133287
1133347
1134283
1136643
1137771
1138138
1138214
1138489
1138934
1139631
1139746
1140437
1140995
1141422
1141650
1143686
1143915
1143938
1144093
1144449
1145552
1145565
1145893
1147380
1147582
1149382
1150164
1150981
1151944
1151971
1152463
1152748
1156175
1156969
1157723
1157746
1157907
1158253
1158543
1158902
1161331
1162578
1163109
1163181
1163548
1164271
1164375
1164523
1164821
1165493
1166041
1166299
1166623
1170049
1170222
1170359
1170461
1171668
1171993
1172195
1172753
1172755
1172960
1173457
1174036
1174189
1174287
1176601
1176790
1177638
1177828
1178067
1178213
1181306
1181811
1182404
1184497
1184741
1185940
1186466
1186504
1186625
1187448
1187568
1188789
1189129
1189141
1189615
1189798
1190072
1190506
1191238
1192413
1192599
1193370
1194066
1194114
1194940
1194971
1195641
1196433
1196674
1196677
1197583
1197745
1197994
1199581
1199992
1200080
1200924
1201046
1201708
1201937
1201988
1203752
1203891
1204037
1204361
1205251
1206741
1207197
1207689
1208334
1208379
1208439
1208705
1208751
1208780
1209629
1210471
1211300
1211491
1212286
1213782
1214213
1214698
1215354
1215788
1216359
1217753
1218553
1220634
1221985
1223814
1224802
1224956
1225990
1226024
1226311
1226373
1226527
1227032
1228176
1231082
1232508
1232662
1233004
1233140
1233183
1233641
1235200
1238026
1238462
1238613
1238629
1239629
1239766
1240065
1240597
1240661
1241352
1242951
1244177
1245346
1246076
1247014
1247240
1247885
1248156
1248210
1248260
1248692
1248790
1252203
1252693
1252916
1252985
1253275
1253406
1253750
1253774
1254281
1254517
1254572
1254635
1255653
1256224
1256605
1257132
1257487
1257594
1258632
1259735
1260336
1260892
1262507
1263497
1263905
1264316
1264941
1265112
1266011
1266582
1266585
1267602
1268187
1270146
1271893
1272258
1272573
1276012
1276318
1276546
1276869
1277065
1277665
1278899
1279471
1279705
1280074
1280345
1281544
1281569
1282374
1282547
1283205
1283799
1284594
1284768
1284846
1285217
1286786
1286896
1289477
1289946
1290799
1291606
1291716
1292592
1292610
1293751
1293902
1294971
1295145
1296394
1296628
1296668
1297740
1297993
1298843
1299099
1299497
1300463
1301004
1301321
1301366
1302713
1303489
1303866
1304206
1304847
1305809
1306330
1306508
1306656
1306713
1307129
1307230
1307391
1307466
1308339
1308641
1308956
1309584
1311107
1311707
1312356
1312416
1314968
1315071
1315758
1316072
1316248
1316427
1317153
1317199
1317492
1317953
1318719
1319175
1319228
1319497
1319559
1319563
1319927
1319988
1320061
1320253
1321086
1321148
1321630
1321795
1321871
1322899
1323126
1323703
1323708
1324389
1325533
1329079
1329322
1329599
1329820
1330304
1331544
1331981
1332434
1333072
1333493
1334455
1334463
1334973
1335894
1336093
1336133
1336220
1336366
1336995
1337004
1337400
1339723
1339745
1340428
1341023
1342099
1342492
1342526
1343232
1343285
1344578
1345164
1345573
1345613
1345996
1346807
1349252
1349284
1349430
1349473
1350285
1350869
1350989
1351457
1351463
1352668
1353200
1353860
1354383
1355471
1355680
1357191
1357810
1359184
1359270
1362526
1362602
1363523
1364082
1365443
1366859
1366974
1367233
1367329
1367384
1369115
1369888
1370223
1370329
1370331
1370487
1371705
1372010
1372737
1373221
1373614
1373636
1373651
1376131
1377781
1378460
1381374
1382540
1383226
1385157
1385596
1385622
1385834
1386382
1387409
1388636
1389122
1389322
1389404
1389740
1389923
1390131
1391468
1391512
1391750
1392698
1392714
1393278
1394248
1399421
1399484
1399539
1400411
1400669
1400715
1401859
1401964
1403015
1403422
1403925
1404177
1405459
1406348
1407058
1407541
1407838
1407872
1407911
1408836
1409997
1410089
1410582
1410650
1410756
1410771
1410920
1411320
1411589
1411799
1412052
1412153
1412647
1414381
1414698
1414738
1416404
1416510
1419982
1420011
1421395
1421685
1422603
1424262
1424594
1424614
1425386
1425409
1426400
1426898
1427619
1427627
1428320
1429371
1429636
1429880
1430493
1430504
1431267
1431805
1432212
1434987
1439599
1439986
1440018
1440688
1441857
1443866
1444292
1444372
1445114
1445527
1447002
1447104
1447568
1448559
1449393
1451177
1451428
1451516
1451651
1452564
1452746
1453872
1454573
1454644
1454652
1455018
1455144
1455154
1456494
1457034
1457378
1457699
1457947
1458035
1458317
1458599
1459354
1459361
1459558
1460730
1461303
1462124
1462478
1462992
1463502
1464067
1464794
1464949
1466174
1467773
1467818
1468179
1469367
1472268
1473953
1474956
1476123
1476204
1476910
1477843
1478214
1479855
1480841
1482081
1482395
1482706
1482948
1483292
1485085
1485261
1485421
1485862
1486376
1486617
1486734
1487355
1487854
1487978
1488229
1488304
1488917
1490443
1491885
1493878
1493945
1494251
1496244
1496665
1496798
1497435
1498085
1499986
1500213
1500502
1502292
1504164
1504357
1504717
1504734
1504735
1504867
1504919
1507815
1508162
1509131
1509174
1509472
1509502
1509770
1510270
1510554
1511437
1511798
1511942
1511974
1512106
1512629
1513246
1513280
1514238
1514613
1514921
1516665
1517158
1517602
1517694
1517769
1517773
1517988
1518107
1518517
1518624
1518780
1519562
1520527
1521416
1522187
1522278
1524094
1524219
1524899
1525225
1526402
1527290
1527479
1527896
1528666
1530476
1532281
1532370
1533219
1533702
1533761
1534059
1534108
1534169
1535696
1536050
1536128
1537302
1537330
1538842
1538999
1539030
1540187
1540257
1540896
1541625
1543947
1544860
1545507
1545511
1545966
1546083
1546720
1547597
1547604
1548185
1549189
1549950
1550488
1550939
1551821
1552000
1552208
1553478
1553667
1554711
1556515
1556649
1556960
1557322
1558399
1558651
1558907
1559248
1559307
1559927
1560137
1560735
1560913
1562129
1562685
1562789
1563421
1563873
1565435
1569032
1569171
1570092
1570842
1570850
1570952
1571843
1571946
1572248
1573895
1574136
1575103
1575632
1575823
1575831
1575873
1577004
1577434
1577497
1578102
1578556
1579284
1579828
1580091
1580177
1580282
1580933
1581545
1581832
1582490
1582568
1582656
1584249
1584451
1585109
1585532
1585567
1586882
1587583
1588017
1588057
1588416
1588960
1589070
1589133
1591684
1592364
1592719
1593552
1594020
1594139
1597068
1598402
1598472
1599006
1599771
1600009
1600246
1600656
1601055
1601552
1603209
1603210
1603711
1603999
1604582
1604750
1605813
1605888
1606704
1607405
1607692
1608460
1609519
1609955
1610348
1611829
1612464
1612503
1613207
1613237
1614058
1614512
1614711
1616993
1618501
1619065
1619479
1619614
1619868
1620323
1620542
1620772
1622553
1623306
1623433
1623806
1623992
1627130
1627171
1627211
1627587
1627902
1628604
1628686
1628747
1628862
1630104
1630877
1633924
1634057
1634897
1635802
1636134
1636848
1637275
1637390
1639308
1639829
1640030
1640877
1641626
1642068
1643110
1643936
1644705
1644925
1644932
1645808
1645842
1645884
1646220
1646962
1648167
1648655
1649779
1650231
1650455
1651976
1652283
1652695
1652936
1654135
1654978
1655415
1655709
1656283
1656903
1657111
1657490
1657979
1658541
1659751
1660126
1660855
1663242
1663634
1664604
1664933
1665030
1665647
1665802
1665825
1665936
1665936
1667664
1668249
1670498
1671711
1672635
1672902
1674927
1677080
1677629
1678228
1678492
1678855
1679606
1680057
1680951
1681046
1681424
1681960
1682860
1683096
1683648
1683765
1685365
1685433
1685639
1685874
1686024
1686053
1686078
1686085
1686631
1687298
1688833
1689443
1690578
1691538
1691971
1692336
1693042
1693180
1693330
1693444
1694169
1695755
1696438
1697714
1698236
1698737
1698874
1699298
1699625
1699750
1702529
1702676
1706650
1707267
1707465
1708003
1708641
1708777
1709185
1709335
1711305
1711925
1712697
1712883
1713743
1713882
1714162
1714898
1716506
1716988
1717582
1718734
1718858
1718878
1718900
1719323
1719906
1721134
1721381
1724539
1724638
1724705
1725268
1725863
1726679
1727058
1727335
1727450
1727921
1727957
1728270
1728798
1730294
1730721
1731936
1732296
1733046
1733048
1733826
1734331
1734540
1734552
1735528
1735592
1735684
1735900
1736119
1736907
1737236
1737645
1738022
1740543
1741989
1743306
1744220
1744389
1744940
1746364
1746466
1746599
1748814
1749129
1749481
1750084
1750190
1750233
1750330
1750340
1750666
1750938
1752052
1753761
1756289
1756340
1756695
1757573
1758475
1758761
1758845
1758938
1759290
1759300
1759527
1759529
1759750
1759757
1760698
1763010
1764102
1764196
1764615
1764826
1765234
1765532
1768342
1769730
1769768
1770209
1770772
1771575
1771639
1771698
1771784
1772399
1773708
1774520
1774768
1775917
1776229
1776261
1776716
1777175
1777275
1778345
1779223
1779815
1779885
1780494
1780604
1780768
1781522
1783879
1785031
1786371
1786599
1786905
1787143
1788091
1788726
1788788
1789600
1789817
1789972
1790761
1790839
1790944
1791038
1792370
1794673
1795202
1795416
1795476
1796582
1796808
1798725
1799052
1799110
1799185
1801980
1802212
1802234
1802565
1802717
1803393
1804891
1805716
1806143
1806415
1807004
1807535
1807850
1810479
1810779
1811303
1811484
1811941
1812539
1812794
1813219
1813915
1814818
1815213
1815266
1815291
1816555
1816679
1818054
1819187
1819386
1820312
1821254
1822230
1822509
1822786
1823186
1823238
1823357
1823536
1823740
1823808
1825945
1826063
1826404
1826430
1827203
1828117
1829707
1830009
1831141
1831205
1833199
1834498
1834601
1835037
1835240
1836236
1836766
1836984
1837306
1837414
1840470
1840783
1840847
1842885
1844433
1844885
1845213
1845319
1845639
1845708
1845721
1847949
1848373
1848921
1851008
1851954
1852213
1853191
1853252
1853502
1853724
1855223
1855792
1856994
1857511
1858916
1858958
1859232
1860675
1860941
1861649
1861832
1861856
1862522
1863083
1863412
1863802
1864751
1864890
1869977
1870532
1870776
1871738
1872225
1872588
1872994
1874545
1874747
1875797
1875812
1876366
1876421
1876748
1877794
1880574
1883281
1883285
1883959
1884001
1884886
1885211
1885229
1885496
1885760
1885829
1885858
1886144
1886280
1886534
1886846
1888040
1888076
1888410
1890548
1890647
1891072
1891124
1892325
1892645
1893130
1893303
1894289
1896329
1896334
1897347
1899763
1900309
1900489
1900907
1901002
1901411
1901551
1901674
1902504
1903144
1903451
1903891
1903906
1904104
1904304
1904625
1905120
1906970
1908491
1908852
1909061
1910166
1910827
1911009
1911186
1912004
1913835
1914475
1917292
1917502
1919260
1919862
1920217
1921214
1921340
1922302
1922549
1922637
1922717
1922720
1922940
1923383
1923553
1926163
1926867
1927603
1929130
1929269
1929494
1929511
1930596
1931659
1931820
1932700
1932743
1932874
1933393
1933975
1935460
1935641
1937152
1938390
1939545
1939703
1939928
1941030
1941080
1941761
1943582
1943665
1943845
1943973
1944247
1945657
1945878
1946166
1947282
1947352
1947838
1948457
1948459
1948949
1949331
1949481
1950434
1950619
1952190
1952206
1952259
1952998
1953172
1953454
1953614
1953858
1954017
1954165
1956471
1957364
1958028
1958722
1958851
1959487
1959650
1961207
1962583
1962787
1962887
1963087
1963163
1963650
1963788
1964506
1965846
1965933
1966005
1966856
1967126
1968065
1968909
1971761
1972254
1973352
1973632
1974081
1974534
1975691
1977048
1977268
1977785
1978335
1979160
1979307
1980500
1981334
1981556
1981692
1982484
1987318
1987334
1987818
1988368
1988521
1988607
1989666
1989948
1990872
1991040
1991111
1991611
1991707
1991972
1993713
1993754
1994835
1996219
1997148
1997342
1998108
1999370
1999409
1999860
2000396
2000773
2002948
2003534
2003962
2004079
2004175
2004660
2006830
2006998
2007149
2007535
2008361
2008437
2009213
2011098
2011226
2011529
2011634
2011732
2014933
2016660
2017204
2017423
2017945
2018065
2019331
2019737
2020034
2020740
2021897
2022536
2024299
2024710
2027602
2029243
2031670
2032955
2033558
2034677
2037327
2037825
2038743
2038842
2039510
2039650
2041464
2041515
2041605
2042828
2043165
2043353
2043529
2045150
2045475
2045588
2046068
2046662
2046770
2046843
2047313
2047916
2048068
2048982
2049987
2051837
2052303
2052785
2053292
2053302
2053368
2053692
2054387
2054989
2055298
2055321
2055636
2056269
2057006
2057817
2058020
2058156
2058156
2058887
2059031
2059570
2060002
2061600
2061750
2062768
2063520
2064348
2064690
2065537
2066245
2066824
2067661
2068529
2070269
2072092
2073803
2073952
2074522
2074620
2074687
2076163
2076834
2076938
2079856
2079882
2080869
2081186
2081307
2081526
2081998
2082466
2082627
2083090
2083182
2083337
2084134
2084250
2085187
2085675
2086288
2088963
2088986
2089148
2089357
2089491
2089522
2089528
2090239
2091384
2091657
2091789
2092837
2093541
2095189
2095453
2096536
2096553
2097181
2097883
2098375
2099378
2100227
2100387
2100802
2101582
2103043
2104182
2104563
2105358
2105383
2106613
2106681
2107110
2107663
2107844
2107877
2107953
2108807
2109510
2109743
2110280
2112349
2112668
2112770
2112821
2113528
2115253
2115580
2115650
2116333
2116480
2116661
2116816
2116878
2116912
2117118
2117245
2118427
2118443
2119427
2120161
2121285
2121384
2121584
2121633
2121978
2122176
2122396
2122524
2122698
2122710
2122969
2123966
2124872
2125693
2128218
2128318
2128541
2130288
2130670
2131285
2131432
2131886
2131962
2132026
2132428
2133069
2133071
2135853
2136229
2136337
2136552
2136745
2137843
2140027
2142951
2143300
2143412
2144944
2145008
2145328
2145440
2145837
2146410
2146527
2146871
2147533
2147668
2147819
2147828
2148183
2148204
2148859
2148865
2150329
2150680
2150819
2150995
2151248
2151685
2152359
2152872
2154185
2154186
2154329
2154850
2154955
2156468
2156661
2157141
2157851
2158327
2159125
2159575
2159670
2160550
2160690
2161265
2161641
2161695
2162202
2162241
2162244
2162292
2162419
2162654
2164012
2164153
2164193
2164321
2165204
2165590
2165655
2165856
2168577
2170320
2170426
2170509
2170804
2170994
2171361
2172038
2172700
2172960
2173638
2173762
2175140
2175292
2175545
2176271
2176768
2177437
2177467
2177903
2177948
2178718
2179006
2179598
2180456
2182914
2182946
2183087
2183821
2183895
2184802
2184914
2185348
2185999
2186236
2186435
2186634
2189840
2190793
2191368
2191679
2191772
2192210
2192681
2193439
2193484
2194232
2194301
2195119
2195220
2195238
2195272
2195740
2195925
2197088
2197717
2197821
2198046
2198529
2199668
2199974
2200321
2201120
2201809
2201818
2202168
2202823
2202974
2203979
2204683
2207228
2207288
2208067
2208416
2208641
2209486
2210185
2210974
2211634
2211736
2213707
2215029
2217106
2217279
2217435
2218150
2219489
2219545
2219640
2221963
2222051
2222370
2222508
2222600
2222690
2222852
2223346
2223968
2224090
2224236
2225725
2225822
2226019
2226246
2226461
2226542
2226734
2226738
2227371
2227928
2230506
2230647
2230691
2232903
2233241
2235121
2235331
2235358
2235519
2236822
2236948
2237264
2237719
2238256
2239386
2239970
2240115
2241281
2241437
2242117
2242432
2242459
2243401
2244435
2244507
2245050
2246050
2246431
2247436
2248884
2250056
2250286
2250563
2251209
2251601
2252608
2252624
2253285
2253655
2253812
2254794
2255060
2255737
2255786
2257782
2258367
2258775
2259334
2259617
2261168
2261199
2261984
2262190
2262332
2264163
2265402
2265576
2267197
2267769
2269104
2269777
2270050
2270062
2271285
2271340
2271757
2274017
2274190
2274279
2274664
2275055
2275419
2275570
2276145
2277628
2277986
2278480
2279343
2279777
2280829
2281588
2281680
2281947
2283556
2283587
2286386
2286625
2286841
2286982
2288674
2289324
2289409
2289750
2290561
2290863
2291139
2291452
2294250
2294447
2295230
2296355
2296846
2296928
2297161
2297425
2298262
2298464
2298628
2299120
2300369
2300681
2301111
2301383
2301487
2301607
2301610
2301715
2302118
2302293
2303372
2303528
2303804
2303931
2306169
2306263
2307161
2308137
2308232
2309178
2309544
2309674
2310908
2311165
2311545
2312271
2313774
2314965
2315981
2316363
2317152
2317943
2318500
2318591
2318711
2319364
2319554
2320213
2320295
2321304
2321568
2321683
2323116
2324062
2326307
2326631
2326897
2327502
2327526
2328298
2328466
2329196
2329469
2331812
2331831
2332269
2332736
2333038
2333341
2335016
2335177
2336030
2336344
2336614
2336624
2337072
2337092
2338088
2339360
2339525
2339681
2339782
2340418
2340614
2340639
2341224
2341966
2342282
2343813
2344296
2344624
2345461
2346074
2346799
2347795
2348160
2349073
2349205
2349375
2350434
2351491
2351762
2352036
2352056
2352193
2352210
2352981
2353340
2353426
2353936
2354079
2355641
2355869
2357272
2357908
2359015
2359118
2359823
2360087
2361434
2362563
2363521
2364706
2365520
2368856
2369752
2370088
2371958
2373896
2374150
2377579
2377720
2377775
2378182
2378232
2379423
2381232
2381739
2381857
2381902
2382718
2383227
2383839
2383982
2383996
2384909
2385746
2386324
2387195
2387199
2387237
2387242
2387402
2388161
2389010
2389226
2389609
2389973
2390033
2390200
2390599
2390842
2391282
2391437
2391758
2392284
2392311
2392961
2393810
2394533
2394700
2394845
2395172
2397222
2398511
2399488
2399787
2399980
2400732
2401413
2402322
2402778
2406778
2407141
2409813
2409841
2409917
2410030
2410444
2411323
2411373
2411464
2412343
2412928
2412949
2414430
2415256
2415716
2415825
2417099
2417444
2417667
2417696
2417908
2418168
2419163
2419506
2419772
2421871
2422510
2423007
2423068
2423358
2423683
2423940
2426451
2426481
2426533
2426629
2427019
2427369
2428454
2431451
2431742
2432538
2432673
2433220
2434508
2434814
2434915
2435177
2435344
2435404
2435463
2435843
2435922
2435968
2436222
2436501
2436860
2437408
2437428
2437817
2438318
2438813
2439481
2439759
2439956
2440529
2440808
2441889
2442567
2443769
2444155
2445301
2445669
2446030
2446111
2446783
2447150
2448101
2448320
2448641
2448837
2450524
2452089
2454506
2454963
2456258
2457062
2457063
2458301
2458741
2458863
2458890
2459744
2461481
2461549
2462462
2464007
2464638
2465119
2465362
2465812
2466094
2466321
2466387
2466524
2466535
2466817
2467613
2467690
2468014
2468551
2468756
2469911
2471559
2471613
2471949
2472817
2474579
2474784
2474821
2476091
2478870
2481456
2481576
2481740
2483460
2483899
2484466
2484917
2484931
2485344
2485951
2486613
2487038
2488188
2488859
2489067
2492171
2492172
2492686
2493904
2494010
2494097
2494305
2494682
2494984
2495322
2496726
2497045
2498098
2498671
2499240
2499392
2500273
2500331
2501170
2501599
2501827
2504854
2505772
2507160
2507291
2507614
2507770
2508060
2508537
2508980
2509001
2509289
2509299
2510290
2510624
2510906
2510985
2511775
2512375
2513038
2513606
2514835
2514884
2515837
2516949
2517079
2517167
2517848
2518448
2518553
2519938
2520463
2521079
2521466
2521579
2523539
2524370
2524979
2525036
2526213
2526403
2527319
2527430
2527926
2528151
2528525
2529051
2529103
2530626
2531213
2532157
2534017
2534562
2535134
2536220
2536765
2537583
2537682
2537768
2538332
2540206
2540582
2542130
2543924
2543958
2543993
2544644
2545756
2545805
2546228
2546452
2547056
2547195
2547452
2547818
2548120
2549571
2549701
2551529
2551596
2551959
2552220
2552266
2555495
2556112
2556531
2556797
2557760
2557960
2558062
2558277
2558743
2560516
2561051
2561647
2562150
2562918
2562984
2563996
2564480
2564794
2566331
2566335
2566503
2566859
2567693
2568978
2569855
2570640
2571397
2571602
2573238
2573566
2574092
2574880
2574884
2575467
2576130
2576207
2576361
2576540
2576628
2577928
2579814
2579892
2580281
2580448
2581632
2581770
2581792
2582246
2583834
2584987
2586228
2586258
2586668
2587173
2587344
2588996
2589078
2590146
2590905
2591419
2591638
2591769
2591881
2592802
2592846
2592997
2593321
2593664
2593676
2594449
2594965
2597373
2597589
2598439
2598735
2598836
2598858
2598986
2599736
2599861
2600358
2601629
2602700
2604045
2604416
2605215
2606926
2607665
2607826
2607842
2608255
2610107
2610623
2610899
2611409
2611728
2611934
2613846
2614297
2614483
2614518
2614951
2614957
2615245
2615954
2617353
2617689
2617737
2619507
2620631
2620823
2621034
2621517
2623266
2623283
2624469
2625195
2626384
2626675
2630064
2631407
2631939
2632256
2632450
2632624
2632916
2633552
2633784
2633984
2634016
2635059
2635091
2636050
2636087
2636250
2636284
2636543
2636915
2638298
2639110
2639783
2639901
2639983
2640144
2640325
2640351
2640576
2641085
2641362
2642500
2642564
2643301
2643717
2644002
2644145
2644802
2644841
2644885
2645061
2646453
2647481
2647834
2648694
2649357
2649485
2649720
2650129
2650593
2651219
2651283
2651291
2651898
2652295
2652349
2652907
2653776
2654122
2654277
2654613
2655592
2655647
2656396
2657197
2657218
2657675
2658048
2658321
2658686
2658864
2658887
2659062
2659088
2659868
2660844
2661093
2662387
2662499
2663987
2664548
2664827
2665683
2665730
2666195
2667492
2668641
2669537
2669809
2670565
2670910
2671029
2671535
2671589
2671909
2672041
2672334
2672617
2672643
2672930
2673247
2673949
2674454
2674667
2674783
2675113
2675530
2675737
2676053
2676314
2676598
2677222
2677417
2677461
2678378
2679060
2679108
2680859
2680871
2681184
2681837
2682237
2682304
2683107
2683330
2684463
2684649
2685471
2686792
2688102
2688306
2690141
2690306
2690699
2691728
2692316
2692464
2692779
2693069
2693836
2694800
2695479
2695600
2696216
2696312
2696346
2696475
2696624
2696771
2697551
2698130
2699026
2699112
2699113
2699652
2699659
2700114
2700393
2700605
2700713
2701320
2701587
2702015
2703165
2703317
2704534
2705484
2705512
2706799
2706857
2707088
2707268
2707551
2708021
2708153
2708218
2708778
2709008
2709252
2710144
2710219
2710621
2710863
2711214
2711374
2711395
2711913
2713113
2713521
2714925
2715003
2715203
2715212
2715405
2715869
2715984
2716012
2716399
2717370
2717599
2718478
2719239
2719368
2719585
2719777
2720091
2721907
2722005
2722150
2722210
2722867
2723218
2724070
2724617
2725687
2726107
2726841
2727884
2727906
2727926
2729159
2729413
2729436
2729524
2729571
2729942
2729958
2731815
2733596
2733849
2734865
2734935
2735156
2735190
2735477
2735727
2735999
2736226
2737158
2737583
2737720
2738626
2738863
2738904
2739018
2740758
2741902
2746789
2747334
2747357
2747877
2748649
2749982
2751909
2752056
2752296
2753203
2754165
2755102
2755596
2757039
2757718
2757873
2758205
2758813
2759118
2760020
2761322
2762672
2764464
2765102
2765246
2766207
2766271
2766911
2767784
2767819
2769474
2769499
2769904
2771126
2771387
2771553
2772086
2772399
2772431
2772616
2772830
2772893
2773059
2773397
2773606
2773817
2773944
2773972
2774742
2775129
2776245
2777064
2778755
2779329
2780330
2780333
2781227
2781280
2781325
2781750
2781992
2782356
2782455
2783456
2783905
2785610
2786227
2786859
2787268
2787561
2787820
2791381
2793235
2794433
2794468
2794816
2796248
2797084
2797797
2798110
2798197
2798357
2799017
2799501
2799753
2801321
2801883
2801991
2802224
2802311
2802338
2802427
2803684
2803758
2804663
2804725
2804815
2806012
2806928
2807604
2809327
2809442
2811096
2811829
2812559
2812562
2813996
2814488
2814778
2815097
2815797
2816559
2817235
2817896
2817911
2819007
2819207
2819307
2821007
2821416
2821958
2822235
2824102
2824434
2825076
2828047
2828114
2828788
2828937
2828972
2829170
2829926
2830014
2830206
2830279
2830331
2832821
2833696
2833921
2834210
2834529
2836233
2836428
2836988
2837094
2838714
2839258
2839866
2840500
2841168
2841291
2841826
2842852
2842929
2843179
2843690
2843715
2844266
2845041
2845095
2845807
2846636
2847334
2847445
2847646
2848241
2848264
2848281
2848423
2848873
2849390
2850599
2851293
2851463
2853406
2854191
2854338
2854825
2854906
2854926
2855041
2855094
2855481
2855502
2856001
2856605
2856739
2857274
2857921
2858354
2858394
2858693
2858841
2860489
2861112
2861418
2862075
2862120
2863083
2864633
2864746
2864979
2865497
2865835
2865871
2866054
2866213
2866775
2867299
2869365
2869619
2869914
2870774
2871400
2872387
2872703
2872820
2873234
2873889
2874150
2875008
2875511
2876949
2877094
2877326
2877858
2878011
2878177
2878692
2879057
2879419
2879581
2879628
2880090
2880536
2880564
2880819
2881472
2881506
2882711
2882731
2883395
2883960
2885324
2885391
2885567
2887459
2887970
2888550
2888889
2890272
2890928
2891328
2891783
2892042
2893177
2894464
2895040
2895058
2895952
2896294
2896605
2898060
2898780
2898930
2900571
2900940
2902343
2905268
2905407
2905750
2906139
2907048
2908323
2908338
2908352
2910339
2910571
2911834
2912049
2913138
2913707
2914305
2914589
2914706
2915785
2917251
2917776
2917930
2917938
2918067
2918226
2919511
2919754
2920091
2920283
2920437
2921859
2923000
2923318
2923349
2924506
2924593
2927532
2928769
2929125
2929137
2929657
2929692
2930897
2931447
2931456
2931490
2932478
2932932
2933229
2933834
2933917
2934414
2935237
2935600
2935607
2936065
2936181
2936596
2936920
2937081
2937138
2938546
2939647
2940071
2940247
2940880
2941136
2941816
2941962
2943042
2943941
2944066
2944778
2946177
2946797
2946863
2947333
2947548
2947899
2948817
2949101
2949256
2950129
2950640
2951678
2952224
2952768
2953811
2954691
2956307
2957205
2957896
2958244
2959051
2959671
2960604
2960663
2960930
2961969
2962211
2962646
2963205
2964058
2964104
2965330
2966966
2969236
2969388
2969565
2969566
2970569
2970915
2971194
2971208
2971461
2971500
2972691
2973230
2973741
2974200
2975643
2975711
2976013
2977217
2977342
2977444
2978036
2978356
2978635
2978964
2980675
2984533
2985206
2985560
2985765
2987668
2988661
2990712
2991525
2992666
2992849
2994968
2995384
2997240
2997579
2999147
2999856
