Количество элементов - 500, алгоритм сортировки - ShellSort2, случай - Ordinary, время работы - 0
6263
7322
7755
14651
18215
19962
20914
23030
24824
25866
28514
38328
40518
40999
44295
47900
70170
77998
78835
84423
105409
116903
119405
122418
126845
132028
148299
148898
149431
149587
150244
163974
165228
165592
171734
173529
181544
192997
196682
199149
200375
209996
221999
229754
230915
235339
238265
246228
247460
260394
265640
266379
269671
270591
277859
280950
283327
284584
286866
291353
298064
305538
313517
322510
326038
328309
328416
350927
352389
354833
371423
374552
378228
386564
388030
396208
399080
401097
425715
426820
439755
440798
441630
459730
464008
464786
465348
470046
477691
481967
482285
484742
493797
503166
505969
509931
510968
516058
516584
517981
534883
541011
541577
550564
556824
560648
562173
570231
578294
581511
588766
588806
591216
595987
599946
603721
606858
608811
624959
643575
648409
649733
658402
660881
663352
664417
666081
684809
710299
712792
714973
719072
721748
722706
725166
726792
734151
737355
742864
756010
756446
760928
770662
780660
786875
788074
805220
806920
808887
817371
824838
826700
829482
835645
838370
846596
849006
854991
855231
855950
871238
874284
880638
883641
886551
887705
903472
905345
907176
909609
910510
911609
939032
940653
947400
954920
959072
959849
961253
969009
972274
978624
979377
981129
1001351
1007892
1032726
1035307
1060579
1076090
1079506
1080197
1081006
1081181
1103679
1105672
1107324
1110618
1115036
1116235
1120872
1128868
1129957
1135086
1139278
1154494
1155893
1158324
1177613
1181271
1184900
1195015
1198763
1201148
1206255
1231818
1232717
1245457
1273972
1283023
1303156
1303212
1307881
1322144
1327318
1329660
1330158
1336775
1343284
1346827
1352127
1359357
1367270
1367694
1372965
1374452
1377556
1379118
1380272
1391246
1418525
1426639
1427286
1431207
1431296
1434003
1444941
1459130
1473001
1473703
1476823
1487652
1498060
1503048
1507258
1511510
1522377
1523536
1523934
1527316
1535392
1540099
1564205
1574949
1581315
1582606
1593357
1600442
1600715
1604806
1607528
1624162
1625205
1651078
1653435
1657442
1663734
1669196
1671864
1684142
1685754
1686620
1687033
1697565
1701790
1704957
1705476
1707256
1722698
1730599
1731594
1732825
1747979
1750542
1757717
1763848
1771043
1783172
1784931
1793655
1802658
1818638
1825273
1835433
1835443
1835568
1843463
1849743
1849831
1851706
1856687
1864453
1865686
1871830
1873663
1876712
1885368
1900434
1903656
1915422
1925016
1925316
1928081
1931580
1931790
1933256
1940599
1940654
1965424
1969862
1979333
1983481
1985024
1988265
1992098
1997146
1997657
1999263
2009145
2009590
2016326
2022231
2030418
2035808
2063941
2067951
2077424
2088124
2094292
2102837
2105623
2111881
2111969
2115676
2139894
2150271
2151117
2153684
2160477
2161574
2179041
2185869
2186882
2196753
2197548
2201401
2209897
2209996
2210138
2214444
2215840
2215841
2216268
2218162
2221767
2224317
2235284
2241540
2244652
2247234
2254192
2259453
2265458
2280530
2281865
2293838
2312305
2323464
2324828
2351836
2376963
2377368
2379689
2379936
2386600
2390303
2391983
2407636
2419592
2426761
2430425
2445582
2454301
2467678
2467866
2485369
2493837
2505029
2505855
2513144
2519264
2521061
2533162
2535157
2536248
2541632
2544685
2553521
2562535
2566700
2567196
2582136
2585684
2594786
2598737
2605646
2615134
2632059
2634712
2635363
2637640
2639412
2642686
2643197
2647390
2650060
2653954
2658032
2659662
2664206
2670640
2671838
2673040
2677433
2684316
2685154
2695365
2705932
2707957
2708040
2712582
2717301
2719382
2723963
2727052
2735397
2743329
2749475
2753613
2772505
2783736
2786366
2787591
2794950
2801031
2805564
2819288
2834626
2834914
2838472
2843189
2844235
2850234
2857364
2858053
2863175
2866850
2870822
2871335
2873500
2893610
2897833
2903857
2904703
2909548
2920021
2923770
2929510
2930586
2950480
2952929
2959325
2960323
2971105
2978962
2988851
2996314
2997818
2999311
2999911
