Количество элементов - 100, алгоритм сортировки - ShellSort1, случай - Ordinary, время работы - 0
25916
35687
54317
62212
84932
115361
132798
146638
150101
177095
183426
184754
194601
222758
226442
253031
278948
279437
288304
292580
310830
408871
458891
508544
528259
535666
563947
626173
644054
674187
676765
735441
742263
752645
790092
849763
858942
860476
870496
872919
898018
936865
951360
981275
1053394
1104615
1116722
1238148
1239469
1240759
1243619
1267047
1443510
1473568
1480940
1504530
1505723
1558848
1559756
1613738
1624578
1628453
1726598
1778719
1793487
1795890
1805107
1838764
1854194
1869624
1894805
1907169
1913881
1920468
1939126
1956003
2021257
2053588
2123704
2126254
2144644
2240348
2350239
2376679
2394318
2419660
2424450
2457510
2514160
2588600
2599949
2693908
2741229
2780908
2811359
2885905
2936807
2948779
2966589
2970218
