Количество элементов - 1000, алгоритм сортировки - ShellSort2, случай - Ordinary, время работы - 0
1487
6126
6782
11412
14329
14693
18030
22791
25430
25913
26709
27759
28260
30444
31792
33731
36251
42395
45262
46118
47968
56276
58850
61097
64108
64670
66002
66143
72559
74528
76599
82986
83764
87341
91805
92503
96315
97669
98199
100571
101507
109950
110303
113613
115298
118614
125526
136262
138958
142548
147006
147983
150479
157325
157966
166909
168054
168586
172859
184517
186432
187623
188057
189475
190249
191178
193289
193987
198285
200437
203648
204619
209434
214502
215870
216184
224975
231658
234083
235556
235623
236485
244320
246511
252231
255176
260200
260873
261144
261896
266561
271375
275288
275428
277765
281122
281445
286880
286947
287061
291535
295945
296435
300508
305964
308353
308549
311840
312180
314923
315272
319595
323018
329456
333113
338339
339542
344605
347272
353831
356699
358186
359808
361702
363634
367223
368713
370628
372034
375214
381289
385113
387827
388658
391575
392099
393892
393925
397213
398266
398459
399949
401872
404095
405970
408400
408713
410574
414156
414678
416165
419812
422885
428949
430001
434019
435500
443445
444503
447774
447783
456355
476230
478186
478364
481598
486108
489503
490296
490373
494450
497309
501143
508555
511041
514831
515059
515997
517635
525749
529389
535011
535747
538341
558321
558880
562708
567128
567902
573708
574435
574858
581108
582308
586123
586417
600678
604270
618931
621088
621642
629362
641715
642558
645290
646533
647630
648479
652963
656995
657129
659777
663200
665880
679466
679940
683421
684268
685370
690328
691043
695824
696795
703740
706301
706949
706998
715781
717217
723082
724298
732302
736386
736717
737136
740882
744420
745062
749190
750467
751060
751995
753834
756891
757235
757314
771057
774352
777799
779555
787901
790748
794959
795950
798860
799077
804979
805731
807552
815665
816810
816967
817648
820522
823227
824827
825224
827920
835396
835966
855137
856634
857275
859809
859841
863490
867328
876739
876840
882825
883075
886767
887471
888101
892418
893641
895736
898150
898177
900737
906293
908434
910830
916929
916949
917690
917834
918593
932417
934219
937633
937686
942608
945185
945298
947745
949766
950425
951194
956686
959544
959734
962740
965749
968636
975584
977275
977373
979724
981606
981927
984833
988030
992427
994301
997351
1007983
1010688
1010713
1017575
1022221
1033909
1034780
1040369
1044359
1048617
1050200
1050774
1051446
1055352
1057287
1059195
1061147
1061322
1067696
1067753
1068756
1068987
1071987
1073203
1075343
1080099
1091500
1097083
1101198
1103065
1105045
1110658
1117977
1125764
1126096
1126202
1130183
1133212
1137639
1139282
1141464
1142927
1158191
1176210
1179771
1185079
1185449
1187695
1194537
1196274
1196851
1197272
1199338
1199863
1201684
1207200
1207538
1213132
1217256
1217384
1217564
1221133
1226280
1228133
1229922
1231627
1236722
1243365
1248265
1255381
1256871
1260552
1260919
1261840
1264741
1264795
1266540
1267204
1268183
1274057
1275927
1276165
1276739
1283207
1283462
1285825
1287171
1290564
1296017
1296179
1304542
1304906
1306071
1307646
1310421
1311311
1311779
1312320
1315786
1316160
1321409
1335198
1339779
1339973
1341079
1347712
1348358
1351122
1351685
1351833
1362318
1362793
1366591
1368246
1369962
1373190
1373818
1375222
1378729
1383410
1386326
1387644
1389392
1392997
1399594
1400771
1409300
1413249
1413378
1416082
1416211
1418739
1422329
1430527
1435423
1435993
1436658
1441369
1444331
1447001
1447656
1452271
1456271
1456854
1458980
1462137
1462523
1463424
1465359
1467715
1478288
1478737
1480172
1481237
1484107
1484358
1486396
1493193
1493646
1495822
1496542
1498586
1503439
1508732
1512326
1517108
1524201
1525751
1526566
1529935
1531421
1531735
1532074
1535214
1541064
1557913
1560882
1562686
1564429
1565250
1589587
1596401
1602511
1604271
1608678
1613921
1617696
1619164
1621225
1623543
1624924
1630143
1640083
1644994
1645164
1645668
1648553
1652723
1655427
1657974
1662007
1663121
1665230
1666288
1666749
1668319
1672129
1675198
1678161
1682552
1683357
1683541
1684478
1686881
1688541
1690530
1694431
1694671
1694990
1695270
1696638
1701596
1702466
1706505
1708612
1711496
1713321
1713868
1714111
1716015
1718833
1720607
1721536
1722842
1724492
1725342
1732181
1733746
1734531
1737574
1741617
1742554
1748389
1749317
1755020
1758192
1758424
1762019
1763773
1764399
1764444
1766207
1766736
1767788
1768259
1768675
1775739
1778482
1779135
1779382
1787357
1789256
1793166
1793175
1793279
1795389
1795756
1802076
1802768
1806722
1807700
1813049
1816782
1823541
1824194
1826271
1827037
1834169
1834560
1840690
1845331
1845783
1848149
1850304
1853620
1855521
1856903
1859504
1859666
1860773
1863174
1867565
1873095
1873441
1873942
1875280
1875874
1880104
1881624
1887232
1887571
1887911
1891501
1893786
1894354
1897628
1901201
1904532
1905654
1916997
1921061
1925496
1928254
1933067
1943150
1945066
1946597
1946676
1950433
1953872
1961017
1961598
1962111
1962467
1965284
1966515
1977108
1977852
1978214
1982835
1987541
1990916
1991965
1996053
1996811
1997934
1999068
1999822
2002615
2003412
2007904
2009753
2013856
2018696
2019861
2021500
2024807
2029052
2030423
2034267
2037821
2040806
2043940
2045305
2046648
2047002
2051638
2052989
2060762
2061712
2061923
2064191
2064548
2065719
2067432
2072562
2074214
2078071
2080228
2080906
2084453
2086242
2094621
2096901
2105385
2109075
2109667
2114080
2115619
2118749
2123529
2124861
2125933
2133124
2133711
2135819
2136006
2138662
2140943
2141467
2141887
2148547
2149628
2149658
2150569
2155606
2155672
2160329
2167350
2168219
2174090
2177294
2178387
2179761
2182881
2182898
2183488
2183572
2184206
2184441
2185557
2186289
2186852
2200589
2202184
2205957
2207003
2209291
2209875
2213805
2217624
2217753
2231084
2234917
2241879
2244143
2245641
2249728
2249889
2254067
2266786
2267562
2269159
2275067
2275745
2277875
2281053
2285363
2287813
2294615
2295829
2299908
2308998
2309164
2309440
2310823
2311374
2312231
2314568
2315014
2321785
2321999
2326322
2329905
2331676
2332869
2334119
2335936
2336031
2336164
2336737
2343724
2345178
2350867
2354465
2359962
2360209
2362716
2363603
2364077
2370473
2370615
2370894
2372590
2374587
2377577
2379016
2384909
2385031
2388332
2391420
2391785
2391938
2402921
2409685
2412459
2413398
2414216
2415267
2416196
2416675
2418763
2421507
2421828
2424918
2431829
2432651
2441154
2442345
2445002
2446817
2449768
2460072
2460344
2462557
2463591
2470917
2471086
2471259
2471564
2472415
2474205
2474689
2477527
2479944
2480486
2495600
2496094
2496263
2514783
2517847
2518002
2521719
2524654
2526903
2528772
2530760
2532196
2538636
2539273
2541631
2543434
2544288
2551189
2551332
2560175
2565190
2565618
2570994
2572010
2576951
2583678
2590837
2592644
2593762
2598547
2601396
2606514
2612004
2615607
2618221
2622817
2633843
2635580
2636317
2636657
2639672
2641669
2644118
2653678
2655853
2659578
2670851
2675902
2681580
2683658
2686062
2687436
2689627
2692103
2692636
2696768
2696919
2700733
2701674
2703016
2711213
2711316
2712370
2724063
2724396
2724899
2737482
2737801
2737809
2739274
2739592
2740028
2743951
2745344
2755586
2755618
2755754
2758566
2759872
2760220
2763408
2765007
2765842
2777450
2778250
2778972
2781211
2781316
2783149
2786482
2793036
2794225
2802502
2807199
2810031
2813374
2821435
2825572
2827892
2828568
2828803
2829461
2830520
2833993
2835984
2838575
2838834
2840005
2840013
2841431
2841842
2847540
2850694
2851563
2852734
2852910
2868072
2879624
2887165
2889871
2893054
2895697
2899201
2901045
2902234
2902473
2908122
2910551
2911359
2911933
2913206
2914250
2914966
2916268
2918648
2929039
2931373
2937406
2940465
2940803
2942860
2954144
2960243
2960326
2965629
2970469
2971880
2972807
2972855
2973051
2973515
2976371
2978333
2978907
2978982
2984387
2992663
2999499
