Количество элементов - 500, алгоритм сортировки - ShellSort1, случай - Ordinary, время работы - 0
10599
15556
16315
24970
28473
38964
42567
46022
46040
49597
59001
70008
70370
71441
78367
80489
86404
89073
93599
100217
100553
100758
102434
102817
109797
114308
115313
122324
125186
129913
131283
140225
146435
164073
177725
185716
187289
192675
203751
214821
226950
244267
245323
251664
254581
256534
259204
260139
262264
263102
263217
267478
276136
283614
289278
289618
307798
310098
314867
315490
318149
323728
330081
336091
341643
342513
343820
349569
353792
376544
380191
386561
386595
390469
396054
409490
434148
446352
448958
454229
460738
461089
466137
483241
483288
501745
518944
521172
550569
554359
557917
560652
569464
570634
581771
586390
589247
596910
602369
605029
612573
624855
626804
631964
637266
640387
643070
648231
653744
657990
658034
664151
665822
669523
677629
681805
687050
688773
690573
694494
700557
702052
704643
713425
716677
731658
734279
735658
742817
744148
746597
748785
751562
760215
768915
773396
777730
790172
800412
802490
803015
808010
808780
815870
819995
820732
821930
823014
823387
842700
847745
853806
855208
857689
860139
863644
875007
884369
887907
893751
895103
919964
930653
932048
934099
934170
942622
951440
960789
964832
975453
980051
980211
980895
994174
1001038
1004680
1020518
1023927
1052017
1052668
1055358
1063257
1069210
1072469
1088153
1090567
1121909
1122043
1136492
1137560
1150498
1153116
1162084
1166947
1170732
1173362
1177485
1179008
1179374
1181215
1195410
1203064
1204778
1208432
1212300
1223190
1234682
1241696
1249133
1254927
1257021
1260838
1262301
1270634
1284848
1292790
1292942
1300099
1308892
1309599
1314699
1322499
1324905
1332497
1341959
1351567
1360970
1363667
1365727
1366875
1367312
1387264
1389555
1409915
1410708
1416289
1416677
1421951
1424702
1428609
1435686
1439678
1442176
1447976
1448074
1451871
1458681
1461507
1467394
1472584
1473479
1476385
1476754
1518301
1519106
1523098
1529052
1531278
1535221
1537403
1539748
1553848
1556895
1562468
1563549
1574145
1577070
1580986
1582409
1589348
1594388
1598314
1606814
1607380
1616579
1621118
1630190
1635003
1646103
1649734
1650351
1650628
1652581
1656028
1662700
1664748
1675479
1675548
1675770
1677058
1684215
1690062
1691575
1692125
1695487
1708157
1715215
1716819
1722736
1726809
1739692
1747039
1753470
1760818
1765443
1769303
1777133
1777682
1778791
1781658
1782463
1790483
1790490
1791323
1798194
1799790
1818901
1823226
1836698
1839440
1859822
1862903
1863253
1868266
1874937
1875089
1876053
1884881
1901472
1903457
1905210
1906390
1906733
1908023
1911420
1916697
1936905
1947360
1969797
1971834
1976959
1979441
1981715
1990672
2000138
2001578
2007261
2017212
2019610
2022302
2024392
2030348
2041454
2060921
2065820
2068025
2073081
2077318
2081719
2082031
2089276
2105443
2111288
2115111
2117991
2118128
2134352
2136768
2141270
2143517
2157344
2164445
2174349
2178729
2181079
2183550
2184660
2189804
2197208
2197335
2203242
2206462
2214065
2226605
2238701
2255960
2261568
2264427
2265330
2266978
2270364
2276566
2277202
2277574
2281185
2289004
2300812
2301874
2316223
2324023
2324026
2327243
2327473
2328927
2339647
2344094
2344228
2356561
2359954
2360619
2365628
2379737
2384798
2386017
2386161
2395432
2403312
2404998
2410080
2426020
2428471
2433935
2444335
2452842
2464296
2473000
2487952
2488626
2512331
2516467
2523330
2538538
2539621
2546784
2561588
2567162
2574440
2595106
2595988
2600663
2613813
2615183
2627688
2638844
2640131
2648281
2666358
2673792
2677033
2677601
2680834
2688629
2689515
2695557
2704477
2709182
2720772
2735352
2741930
2755253
2755342
2760957
2769903
2777791
2782142
2782404
2782577
2789227
2789263
2791829
2799327
2805976
2819940
2832202
2836059
2839217
2852151
2856651
2859868
2864958
2866146
2870906
2877001
2877695
2888849
2893889
2906937
2912653
2926498
2951311
2953712
2963512
2972055
2979275
2981372
2985037
2985695
2998047
2999627
