Количество элементов - 10000, алгоритм сортировки - ShellSort1, случай - Ordinary, время работы - 2
315
384
781
1789
2063
2196
2361
3210
3847
4160
4859
5480
5821
5992
6100
6123
6686
6823
6928
6960
7021
7954
7959
8340
8613
9754
10237
10293
11475
11910
12512
12975
14063
14101
14846
14860
14873
14910
14919
15128
15555
15705
15706
15870
16030
16156
16242
16289
16686
16714
17062
17075
17147
17442
17620
17823
18162
18317
18325
18465
19233
19509
19841
20156
20342
20712
20793
20898
21337
21976
23333
23587
23640
24007
24607
24655
24716
25086
25087
25242
25266
25666
26721
27213
27492
28094
28604
28763
29114
29750
30692
31169
31318
31467
31804
32251
32886
32945
33084
33199
33302
33321
34117
34507
35049
35411
35783
35857
36165
36339
36830
37138
37367
37858
38201
38293
38319
39569
39837
40089
40202
40427
40667
41024
41261
41265
41416
41677
42699
42813
42882
43739
43752
43767
43825
46784
46934
47531
47658
47735
47789
47846
48097
48290
48787
48862
49127
49462
49792
50010
50627
50948
51152
51368
51615
51664
52240
52471
52486
53287
53455
53466
53531
53937
53971
54163
54332
54413
54922
55316
55414
56007
56424
57008
57874
58029
58221
58516
58915
58972
59019
59874
59917
60332
60690
60715
61330
61335
61490
61575
61715
62216
62377
63096
63263
63281
63382
63432
63517
63587
64000
64127
64152
64291
64963
64978
65047
65116
65660
65818
66436
67214
67670
67774
68440
68747
68982
69178
69534
69728
69892
70125
70423
70629
70994
71390
71481
71798
71953
72067
72154
72189
72341
72443
72689
72960
72987
73126
73140
73565
73734
73771
74736
74786
74852
74925
75066
75199
76363
76411
76428
77466
78068
78452
78707
79495
79869
79915
80086
80255
80259
80475
80709
81327
81365
81447
81646
81934
82343
82495
82519
82530
83187
83598
83979
84244
84569
84733
85004
85595
85616
85814
86220
86376
86646
87004
87230
87348
87500
87629
87862
88392
88539
88918
89595
89813
90459
91137
91421
91993
92449
92473
92601
92992
93151
93166
93240
94254
94311
94633
95002
95344
95697
96028
96369
96380
96802
97189
97322
97603
97807
98013
98303
98522
98982
99230
99244
99340
99824
99893
99937
99997
100244
100763
100806
101450
101456
101773
102265
102411
102859
103145
103468
103545
103828
104507
104794
105309
106402
106496
106548
106780
106879
107060
107958
108085
109432
109557
110068
110145
111064
111338
111350
112014
112541
112638
112769
112888
113112
113353
113595
114041
114091
114308
114503
114668
114844
114894
114981
115474
115475
115616
115636
115842
116446
116446
116636
116753
116894
116921
117347
117379
117544
118322
118333
118425
118519
118702
119217
119265
119723
119821
120564
120583
121707
122268
122823
123480
123486
124113
124280
124406
124573
125096
125108
126103
126359
127220
127470
127817
128284
128690
129002
129684
130206
132871
133063
134407
134983
135043
135102
135505
135880
136091
136091
136462
136746
137357
137583
138459
139179
139192
139639
139777
140601
140616
141008
141067
141613
141704
141776
141804
142133
142831
142870
142909
142979
143494
143779
143953
143962
144115
144242
144264
144408
144835
145241
145353
145384
145860
146554
146657
146839
146919
147093
147232
148493
148686
148937
149797
150136
150691
151209
151634
151822
152670
152983
153477
153588
153835
154224
154552
154855
155815
155907
156046
156078
156574
156885
157246
157416
157782
157853
158161
158315
158533
158692
158777
158800
158861
159181
159810
160177
160224
161740
162040
162167
162354
162389
162770
163117
163146
163198
163481
163585
163630
164079
164153
164995
165005
165413
165591
165596
165919
166137
166942
167399
167404
167628
168886
169004
169050
169051
169193
169307
169370
169510
169826
170133
170245
170261
170304
170367
170557
170799
171163
171585
171909
171964
172867
173101
173451
174143
174476
174899
175785
176090
176310
176524
176731
177256
177283
177365
177425
177542
177700
177736
177977
178504
179599
179622
179720
180424
180978
180986
181270
181520
181791
181996
182634
182664
182964
183404
183500
184332
184855
185010
185118
185169
185678
186031
186662
186858
186918
187757
187915
187997
188220
188355
188429
188831
189153
189156
189287
189609
190077
190181
190466
190653
190685
190761
190772
191086
191348
192496
192622
192667
193558
193634
193739
193759
194203
194300
194691
194974
195200
195218
195571
195920
195963
196359
196840
196942
197036
197058
197961
197971
197994
198188
198730
199371
199532
199805
199903
200038
200051
200366
200487
200737
201029
201134
201273
201555
201980
203251
203637
204056
204623
205019
205117
205505
205509
205599
205625
206196
206653
206681
206698
206884
207868
208512
208569
208623
208671
210524
210564
210637
211557
211780
211790
212216
213461
213646
214006
214467
214906
215096
215635
215855
215943
215992
215998
216322
216537
216550
216640
216753
216755
217241
217435
217704
217758
218184
218286
218417
218500
218668
219392
220143
220334
220748
221382
221502
221704
221753
221812
221817
221843
222027
222291
222376
222432
223068
224049
224087
224214
224507
224854
224878
225316
225767
226135
226171
226271
226296
227621
227863
228539
229128
229840
230192
230590
231905
232240
232531
232800
232987
233305
233811
233816
233909
234882
235153
235159
235223
235564
235617
235638
235729
235859
236224
236590
236622
236770
237025
237091
237215
237264
237364
237481
237835
237966
237975
238420
238789
239504
239955
240189
240342
240408
240617
241013
242017
242271
242930
243481
244105
244486
244642
245382
245460
245948
246001
246165
246470
246487
246820
247046
247213
247342
247446
247704
247823
248408
248606
248703
248903
249180
249260
249273
249813
250493
251838
251929
252090
252647
252777
252798
252808
252904
253046
253127
253128
253132
253718
254043
254508
254787
254867
254934
255666
256204
256512
256802
256957
257245
257363
257487
257513
257641
258423
258530
258657
259547
259582
259593
259991
260157
260865
260989
261067
261461
261501
261582
262202
262864
263412
263621
263711
264103
264168
264186
264594
264851
265071
265131
266513
266691
266857
266900
267093
267148
267286
267603
267745
267763
268328
268807
269341
269667
270338
270619
270803
270930
271155
271203
271346
271673
271989
272102
272139
272211
272553
272891
273551
274136
274168
274600
274605
274832
275073
275923
275997
276422
276572
276668
276719
276882
277855
278085
278502
278676
280128
280364
280441
280525
280758
280762
280872
281216
281846
282027
282582
282585
282937
283312
283352
283607
283634
283994
284068
284198
284329
284513
284605
285471
285659
285939
286157
286174
286770
287145
287212
287269
287550
287572
287619
288286
288368
288928
289072
289410
289629
289689
290033
290443
290963
291483
291843
292173
292871
293055
293426
293501
293799
294502
295232
295705
295716
295719
296202
296680
296737
296999
297036
297270
297282
297491
297583
298496
298848
299059
299255
299622
299800
299808
300047
300932
301122
301458
301993
302010
302353
302444
302719
302822
303002
303436
304953
305430
305864
305930
306399
306561
307142
307146
307271
307999
308095
308168
308475
309106
309299
309310
309378
310049
310550
310763
310892
311044
311230
311688
311733
311908
311974
312024
312190
312464
313155
313259
313274
313877
313881
314254
314860
315064
315388
315516
316826
317780
317804
317810
317826
318019
318061
318980
319115
319700
320365
320643
320934
321248
321599
321754
322179
322974
322984
323132
323339
323659
324370
325240
325353
326701
326807
326832
327609
327738
327883
327971
328365
329100
329405
329809
329890
330273
331678
332015
332029
332050
332300
332733
332949
333507
333556
334067
334348
334428
334535
334581
334718
335037
335128
335152
335171
335910
336537
337090
337276
337645
337994
338283
339585
339974
340032
340068
340314
340488
340941
341710
341940
342345
342404
343045
343288
343482
343568
343811
344005
344859
345100
345172
345635
345752
345966
346158
346455
346525
347700
347702
347824
348346
348382
348658
349346
349495
349541
349589
350620
350652
350989
351138
352372
352397
352398
352495
352564
352790
352912
352915
353546
353788
355410
355855
355882
356503
357138
357706
358062
358422
358500
358949
359031
359082
359325
360141
360189
360856
360914
361632
361728
362413
362819
363242
363318
365400
366075
366850
366990
367017
367093
367310
367405
367722
368287
368660
368711
368739
369041
369454
370088
370257
370649
370807
370988
371275
371373
371594
372095
372178
372353
372731
372836
373331
374234
374249
374726
375724
375786
375805
376167
376510
377370
377432
377540
377721
377910
378289
378924
379191
379685
380944
381466
381845
382242
382290
382691
382883
383698
384164
384572
384616
385555
386039
386270
387197
387275
387620
387848
387875
387955
388219
388746
388798
389428
389717
389826
389847
390463
390751
390822
390966
391076
391535
391633
391823
392119
392793
394634
394987
395097
395508
395561
396114
396258
396357
396375
396433
396439
396514
396750
396758
396885
397028
397036
397040
397656
397750
398412
398703
399517
399891
399956
400137
400675
400726
400982
401258
401974
402661
402776
402786
402909
402950
403343
403431
403577
403699
403738
404110
404502
404828
405021
405306
405468
405533
406037
406499
406594
406626
407418
407425
407467
407979
408298
408689
408823
409896
411066
411486
411724
413159
413428
413434
413652
414089
414545
415164
415397
415405
415578
415754
415943
416056
416610
416784
417384
417473
417492
417897
417953
418438
418959
419332
419552
419879
420007
420165
420218
420383
420429
420873
422476
422601
422909
423024
423444
423785
424061
424569
424627
424646
425046
425295
426061
426488
426621
426882
426918
427022
427219
427581
427649
427684
427794
427878
428543
429009
429212
429995
430151
430629
431445
431493
431553
431899
431958
432434
432553
432588
432638
432908
433022
433301
433489
433700
434021
434069
434300
434359
434425
434583
435081
435760
435951
435970
436257
436452
437125
437658
437727
437987
438040
438071
438182
438269
438502
438658
438897
439023
439494
440205
440215
440591
440666
441288
441592
441703
441851
442305
442354
442428
442536
443599
443730
444384
444442
445206
445948
446014
446113
446827
446948
447195
447379
447444
447568
447717
448045
448209
448433
449994
450099
450322
450470
450521
450622
450757
451448
452063
452865
453364
453554
453930
454591
455069
455201
455746
456204
456347
456600
456765
457077
457111
457203
457273
457585
457699
457831
458069
458777
459767
461347
461462
461648
462369
463007
463213
463401
464078
464391
464552
464922
465283
465365
465658
466461
466644
466904
467267
467508
467887
468069
468158
468630
468693
468722
468900
469000
469376
469456
469895
470715
470811
471167
471420
472725
472922
473405
474318
474643
474845
474886
474966
475064
475578
475610
475647
475914
476554
477246
477432
477603
478326
478886
479934
479958
480700
480745
480994
481025
481260
481340
483395
483866
484074
484312
485297
485312
485632
485682
485807
485909
486193
486576
486772
486880
487828
488250
488371
488717
488811
488985
489134
489538
489579
489864
489964
491597
492217
492256
492333
492477
492627
492836
493526
493625
494093
494097
494236
494275
494506
494681
494944
495202
495224
495412
495580
495698
496059
496438
497297
497398
497458
497636
497757
497849
498131
498364
498621
498640
498706
499174
499266
499398
499588
500883
501238
501420
502470
502703
503061
503415
503454
504399
504510
504638
504691
504733
504814
505685
506554
506560
507154
507285
507682
507824
508263
508534
509232
509399
509495
509797
510618
510832
511245
511374
511639
512395
512861
513163
513318
513458
513665
513688
513892
513912
514057
514172
514340
514480
514484
514549
514998
515175
515809
516126
516137
516295
516458
516462
517043
517162
517208
517276
517341
517398
518191
518301
518724
519590
520469
520503
520574
520720
521628
521944
522739
522926
522927
523194
523593
523868
523884
524124
524365
524987
525375
526065
526461
526496
526511
526644
527156
527458
527614
527653
528013
528024
528188
528250
528415
528808
528900
529119
529278
530003
530197
530216
530272
530488
530572
530819
530848
531209
531498
531567
531901
532141
532169
532274
532400
532749
533185
533239
533273
533748
533760
534023
534532
534588
534598
534722
534947
535047
535086
535199
535306
536693
537038
537113
537259
537498
537547
537554
537752
538092
538323
539240
539579
539627
539671
540162
540380
541319
541764
542177
542362
542692
543083
543202
543583
544181
544790
544840
544840
545598
545966
546118
546817
547029
547552
547669
547758
547774
548890
549460
549525
549585
549639
549763
549808
550008
550195
550512
550994
551116
551769
552269
552517
552619
552819
553013
553589
553974
554573
554764
555000
555445
556050
556344
556602
556725
556819
556838
557106
557866
558303
558376
558458
558990
559012
559759
559810
560098
560308
560514
560673
560964
560995
561053
561356
562466
562827
563069
563198
563971
564075
564852
565071
565278
566419
566420
566589
566640
566917
567082
567592
567643
568090
568403
568765
568851
568879
569059
569247
569733
570360
570898
571892
572015
572342
572404
572531
572652
572691
572831
573109
573307
573582
573730
573806
573807
574175
574680
574881
574944
575013
575074
575153
575471
575885
576318
576649
577244
577424
577568
577873
578078
578098
578210
578991
579363
579587
579938
579961
580430
580471
580717
581011
581047
581549
581858
582004
582546
583417
583421
584319
584486
584694
584911
584947
585204
585467
585998
586153
586735
586736
587078
587915
588046
588264
588749
589175
589303
589572
589875
590031
590163
590913
591009
591838
592041
592733
592855
593782
594179
594278
594414
594611
594892
594946
595227
595277
595842
595899
596023
596120
596499
596888
597540
598377
598721
598964
599147
599167
600210
600789
601146
601749
601756
602187
602221
602237
602310
602701
603463
603904
603993
604968
605073
605394
605638
605840
606225
606450
606533
606687
606800
607152
607916
607967
608475
608749
608933
609661
609798
610604
610685
610785
611726
611755
611839
612130
612781
613503
613508
613641
614097
614325
614557
614822
615190
615371
615964
616589
616839
617044
617107
617127
617436
618148
618330
619026
619250
619894
620030
620109
621618
621787
621962
623220
623339
624649
625018
625134
626420
626521
626615
626828
626985
628711
628762
629410
629567
629599
629742
629897
629936
630310
630375
630449
630575
631474
631498
632216
632327
632363
632737
632927
633295
633600
633623
633848
634040
634632
634698
635309
635496
635521
635547
636353
636482
636603
636980
637342
637358
637440
637533
638108
638603
638727
638885
639028
639037
639106
639276
640282
640538
640908
640951
640979
641085
641420
641614
641641
641652
641862
642254
643019
643650
644089
644209
645193
645426
645642
648772
649009
649034
649712
650359
650723
651059
651289
651568
651667
651710
651721
652188
652213
653674
653700
653827
654057
654179
654992
655044
655945
656135
657219
657746
657771
658625
658789
659390
659410
659614
660700
661764
661856
662236
662437
662465
662859
662938
663030
663265
663575
663771
664105
664179
664208
664284
664857
665474
665776
666057
666106
666610
666712
667151
667176
667376
667388
667661
667824
668433
668652
669846
670496
671058
671375
671409
672238
672442
672470
672666
672791
672796
673527
673739
673744
674113
674142
674694
674930
675249
675494
675733
675771
676270
676416
676994
677072
677653
677950
678066
678150
678234
678545
678667
678742
678901
678910
679081
679959
680340
680475
680795
681059
681846
681882
682089
682717
683094
683746
683859
684272
684612
684629
684811
685060
685226
685285
685811
685871
686188
686438
686475
686528
686569
687359
687375
687669
687823
688066
688446
688996
689197
689365
690229
690665
691174
691760
691998
692507
692537
692863
693014
693058
693198
693236
693248
693701
693733
693886
694162
694464
695424
695962
696189
697049
697254
697299
697729
697838
698038
698237
698255
698597
698702
698918
699272
699353
699539
699556
699684
699889
700033
700172
701167
701565
701656
701673
702491
702656
703087
703205
703368
703376
703497
703533
703792
704206
704357
705192
705229
705715
707490
707548
707604
708085
708890
708926
709568
709658
709681
709707
710010
710487
710557
710753
711272
711913
712188
712520
712794
712815
712914
713373
713596
713846
714018
714091
714109
714793
714919
714953
714976
715351
715597
715854
715979
716387
716706
717045
717725
718400
718899
719169
719861
720292
720757
720842
720930
721247
721263
721277
722065
722322
722546
723334
723619
723622
724401
724659
724778
724937
725209
725275
725494
725504
725754
725852
725944
726072
726242
726772
726951
727065
727213
727704
728167
728323
728655
729237
729281
729449
729630
729686
729961
730017
730136
732056
733057
733069
733099
733370
733426
733433
733479
734129
734194
734553
734839
734873
735157
735264
735847
736281
736586
737386
737514
737624
737734
737813
738274
738674
738682
738688
738861
738875
739207
739452
740348
740576
740910
741084
741785
742413
742663
742841
742976
743170
743618
744521
744828
744934
745183
745349
745366
745411
746305
746346
746529
746592
746737
746788
747010
747246
747395
747506
748243
749493
749527
749611
749950
750817
751004
751019
751204
751498
751811
751993
752052
752160
752339
752703
753159
753667
753937
754382
754577
754615
754754
755235
755315
755429
755609
756281
756306
756887
757340
757886
758149
758243
758366
758583
758615
758808
758811
758874
759026
759161
759493
760065
760244
761352
761429
761672
761796
762013
762656
763387
764328
764556
764735
764979
765952
765966
766213
766482
766572
766630
766718
766840
766845
767031
767670
768521
768526
768552
768660
769063
769404
769534
769540
770387
770510
770570
770757
770844
771254
772202
772271
772321
772775
773276
773893
774069
774805
774863
775173
775196
775220
775242
775462
775697
775814
776234
776390
776595
777327
777578
777877
777954
778821
779169
779368
779751
780143
780269
780621
780723
780977
781377
782016
782047
782207
782319
782344
783731
784379
784459
784591
784726
784804
784859
785761
785761
786257
786826
787406
788019
788259
788573
788610
788784
789501
789538
789612
789800
789839
789919
789927
789931
789952
790013
790336
790488
791746
791809
792028
792163
792394
792629
793131
793481
794607
795270
795524
796182
796393
796405
797229
797670
797683
797766
798226
798653
798924
799225
799457
799778
800045
800435
800482
801282
801488
801688
801709
802043
802052
802239
802432
802500
802561
802837
803797
803810
804436
804576
804594
805172
805643
805759
806153
806195
806660
806665
807769
808060
808090
808372
808645
808669
808807
809161
809314
809326
809549
809961
810315
811325
811476
811552
811685
812109
812395
812831
813446
813598
814182
814340
814966
815045
815806
815885
816172
816223
816947
817074
817425
817499
817894
817932
818076
818095
818139
818535
818693
819066
819088
819092
819456
819515
819700
820063
820130
820800
820877
820909
820974
821807
821914
822562
822777
823424
823463
823657
823727
823757
823966
824005
824066
824433
825489
825639
825724
825743
826158
826339
826791
827027
827079
827210
827274
827303
827838
827974
828116
829342
829857
830092
830162
830417
830499
830600
830826
830956
831074
831548
831753
832189
832368
832707
833116
833581
833893
834275
834667
835585
835933
836511
836873
837019
837503
837615
837824
837913
837956
837969
837994
838243
838980
839223
839293
839322
839476
839810
840119
840119
840813
841015
841902
842082
842282
842316
842414
842647
842986
843329
843642
844126
844221
844747
845315
845417
845728
845909
846214
846550
846806
846852
847417
848115
848276
848914
850842
851568
851575
851666
851731
852346
852431
852936
853005
853032
853139
853233
853271
853697
853875
854808
854972
855201
855232
855680
856213
856308
856311
856521
856655
857196
857873
858092
858425
858603
858878
858946
859558
860261
860274
860575
860741
861055
861328
861381
861478
861479
861534
861611
862016
862051
862688
863074
863520
863543
863834
864245
865017
865502
865782
865843
865890
866515
866545
867455
867738
868109
868853
868958
869206
869865
870396
870821
871471
871624
872338
872431
872438
872545
872586
872603
872615
873011
873638
874705
874777
875221
875862
875889
876064
876659
876764
877466
877987
878378
878407
878480
878695
878708
878714
880585
880634
880650
880803
881044
881083
881326
881422
881852
882024
882827
883149
883230
883355
883372
884444
884670
884935
886323
886424
886446
887150
887342
887657
887816
887852
889102
889365
889690
890880
890978
891333
891561
892130
892363
892481
892492
892701
892928
892978
893230
893416
893501
893622
893733
893966
894589
895037
895271
895299
895763
895875
896426
896629
896801
897017
897641
898116
898595
898666
898890
899257
899338
899591
900003
900429
900768
900779
901172
901221
901277
901769
901942
902137
902205
902399
902537
902557
902824
902864
903266
903317
903628
903871
904475
905064
905325
905366
905643
905741
905793
906457
906802
907043
907227
907482
907564
907713
907877
907967
908217
908302
908632
908684
908771
909042
909056
909250
909276
909301
909604
909761
910313
910825
911166
911225
911480
911678
911935
911945
912119
912347
912390
912869
912870
912894
913386
913532
913539
913617
913876
914534
914605
915333
915366
915439
915519
916450
917072
917932
918195
918211
919265
919455
920220
920278
920353
920371
920828
921144
921166
921222
921480
921678
922125
922232
922243
922536
922580
922721
922769
923059
923750
924026
924159
924371
924382
924420
924461
924647
925070
925196
926270
926940
927297
927538
928030
928077
928261
928289
928475
928946
929583
929998
930337
930474
930816
931100
931138
931654
931814
931844
931895
932023
932203
932218
932676
932774
935143
935403
935481
935563
935962
936820
936859
936866
937361
937420
938132
940157
940808
940831
941374
941428
941458
941713
941885
941931
942510
943194
943585
943687
943770
943793
944189
944539
944613
944748
944831
945626
946214
946264
946764
947013
947071
947456
947612
947632
947928
947930
948187
949103
949224
949340
949543
949705
950181
950327
950551
950812
950826
951133
951156
951259
951297
951703
951770
952216
952217
952222
952606
953216
953252
953265
953318
953566
953704
954630
954732
954925
954957
955255
955313
955345
955727
955773
955886
955921
956571
957748
957934
958424
958472
958510
958881
959146
959333
959429
959592
960213
960703
960783
960785
960800
960960
961508
962531
962655
962687
963211
963442
964306
964416
964431
964585
965037
965173
965617
965924
966023
966496
966527
968353
968498
968791
969209
969505
969917
970395
970426
971780
971847
972349
972542
973092
973953
973985
974054
974249
974570
974971
975192
976601
977023
977132
977339
977423
978438
978546
978711
978857
978872
979444
979623
979800
979825
980041
980159
980228
980445
980617
982397
982433
982643
982670
982797
983305
983338
983408
983826
983844
984037
984093
984205
984207
984326
984755
985221
985237
985294
985328
985602
985700
986030
986178
986263
986388
986451
986567
986912
987214
987656
987664
988198
988392
989259
989617
989706
989859
989978
991185
991309
991318
993019
993320
993989
994343
994524
994623
995107
995383
995857
996310
996577
997228
997827
998118
998784
999050
999098
999677
1000925
1000972
1001160
1001186
1001366
1001704
1002265
1002299
1002959
1002973
1003006
1003017
1003233
1003457
1003979
1005503
1005556
1005608
1005618
1006140
1006506
1006647
1007015
1008211
1008769
1009252
1009803
1009888
1010310
1010313
1011065
1011194
1011378
1011545
1011763
1011985
1011991
1012059
1012100
1012155
1012380
1012392
1013311
1013312
1013453
1013455
1013650
1014442
1014626
1015451
1015462
1015741
1015934
1015965
1016397
1016435
1016493
1016785
1016988
1017124
1017203
1017982
1018245
1018730
1018901
1019107
1019268
1020497
1020701
1020985
1021565
1021656
1021738
1021841
1022240
1022583
1022713
1022756
1023165
1023854
1024598
1024772
1024803
1024945
1025039
1025077
1025276
1026100
1026284
1026386
1027678
1028786
1029110
1029272
1029389
1029904
1030420
1030592
1030823
1031292
1032562
1032584
1032814
1032874
1032986
1033489
1033742
1033770
1034265
1034359
1034427
1034600
1035675
1036696
1036849
1036869
1037164
1037358
1038115
1039257
1039693
1040228
1040451
1040452
1040814
1041463
1041738
1041844
1042004
1042419
1043054
1043283
1043612
1043691
1044167
1044234
1044259
1044347
1044371
1045399
1046283
1046668
1046809
1047226
1047508
1047988
1048417
1048467
1049175
1049223
1049248
1049750
1049808
1050244
1050746
1050964
1051094
1051135
1051344
1051423
1051808
1052502
1052523
1052574
1052900
1053931
1054054
1054634
1054704
1054922
1054948
1055178
1055193
1055390
1055566
1055774
1055856
1055969
1057475
1057579
1057653
1057854
1058012
1058099
1058471
1059348
1059788
1059923
1059928
1059930
1061591
1061635
1061641
1061776
1062855
1063138
1063180
1063384
1063514
1063754
1063983
1063991
1064133
1064884
1065300
1065428
1065488
1066037
1066361
1066411
1066990
1068794
1068853
1068927
1069183
1069253
1069464
1069540
1069650
1069723
1069941
1070376
1070911
1071045
1071134
1072675
1072818
1073150
1073197
1073335
1073974
1074009
1074129
1074774
1074910
1074977
1075057
1075057
1075357
1076034
1076221
1076226
1077118
1077255
1077447
1077491
1077559
1077650
1077840
1077868
1078173
1078601
1079983
1080102
1080278
1080461
1080870
1080944
1081427
1081737
1082183
1082283
1082329
1082492
1082771
1083013
1083744
1084262
1084304
1084656
1085538
1085911
1086529
1087215
1087533
1087985
1088768
1088806
1089075
1089466
1089789
1090011
1090275
1090278
1090327
1090444
1090676
1090977
1091606
1091657
1091856
1092037
1092383
1092565
1092841
1093203
1093370
1093475
1093795
1093954
1094409
1094613
1095092
1095228
1095268
1096012
1096059
1096442
1096883
1096966
1098052
1098561
1098671
1099046
1099407
1099477
1099574
1099869
1099891
1100261
1100458
1100615
1100767
1100908
1101013
1101428
1101647
1101858
1102157
1102786
1103409
1103454
1103594
1104139
1104486
1104620
1105010
1105304
1105515
1105723
1105929
1105952
1106363
1106385
1106422
1106493
1106804
1106981
1107098
1107384
1107921
1107929
1107932
1108118
1108812
1109327
1109591
1109811
1109884
1109913
1110091
1110594
1111228
1111564
1111720
1111808
1112195
1112290
1112309
1112423
1113016
1113016
1113025
1113127
1113157
1113352
1113494
1113557
1114005
1114424
1114984
1114994
1115258
1115310
1115856
1115900
1116045
1116124
1116186
1116248
1116608
1116659
1116800
1116966
1117523
1117609
1117875
1118620
1119623
1120010
1120294
1121618
1121965
1122804
1122852
1122885
1123103
1123416
1123436
1123541
1123555
1123617
1123880
1123920
1124731
1125662
1126225
1126657
1126718
1127704
1127832
1128114
1128426
1128804
1128908
1129216
1129540
1129618
1129944
1130313
1130512
1130593
1131819
1131820
1131890
1132012
1133474
1133795
1133858
1134184
1135404
1135699
1135811
1135912
1136169
1136319
1136448
1137866
1138117
1138328
1139861
1139922
1139924
1140231
1140641
1140778
1141967
1141971
1142120
1142166
1142346
1142565
1142575
1143007
1143157
1143363
1143507
1143872
1144040
1144390
1144485
1144611
1144769
1144888
1145139
1145328
1145503
1145564
1145678
1146603
1146731
1147024
1147155
1147169
1147507
1147629
1147648
1147693
1147795
1148135
1148225
1148532
1148795
1149016
1149525
1149895
1149987
1150213
1150404
1151286
1151293
1151311
1151763
1152331
1152525
1152550
1152949
1153001
1154184
1154338
1154379
1154736
1154810
1155362
1155467
1155512
1155658
1155756
1155860
1155953
1156069
1156692
1157367
1157367
1157505
1157652
1157736
1157910
1158367
1158587
1158681
1161383
1161568
1161591
1161689
1161840
1161947
1162072
1162143
1162291
1162554
1163041
1163232
1163743
1163986
1164212
1164466
1165108
1166142
1166384
1166444
1166480
1166537
1167078
1167135
1167307
1168036
1168202
1168224
1169964
1170131
1170274
1170441
1170444
1170728
1170879
1172407
1172687
1172724
1173051
1173366
1173879
1174111
1174550
1175046
1175374
1175458
1175956
1176077
1176450
1176643
1176993
1177072
1177429
1177556
1177595
1178162
1178502
1179872
1179947
1179953
1180162
1180296
1180330
1180661
1180703
1181355
1181526
1181880
1181925
1182255
1182297
1182548
1182607
1182648
1182898
1183046
1183353
1183358
1183983
1184009
1184415
1184433
1184510
1184746
1185778
1185953
1186017
1186048
1186211
1186403
1186559
1187468
1187722
1187951
1187980
1188005
1188073
1188562
1188579
1188630
1188674
1188796
1189588
1189801
1189818
1190051
1190055
1190132
1190459
1191114
1191209
1191310
1191368
1191723
1191923
1191948
1192133
1192625
1193196
1193245
1193365
1193508
1193852
1194024
1194119
1194213
1195476
1196344
1197162
1197561
1197884
1198026
1198562
1198645
1199012
1199944
1200116
1200391
1200500
1200695
1200800
1200819
1201172
1201808
1201814
1201990
1202154
1202717
1202751
1203119
1203544
1203570
1203828
1203930
1204148
1204165
1204424
1205311
1205402
1205459
1205744
1206103
1206409
1208341
1208385
1208420
1208577
1210387
1210950
1211060
1211258
1211331
1212159
1212262
1212320
1212434
1212882
1213018
1213399
1213903
1214007
1214470
1214540
1214860
1214968
1215098
1215421
1215550
1215702
1215818
1215865
1215901
1216004
1216053
1216135
1216202
1217060
1218125
1219036
1219273
1219325
1220474
1220502
1220960
1222283
1222463
1222475
1222702
1223407
1223574
1223814
1223976
1224040
1224183
1224379
1224733
1224816
1225234
1225282
1225543
1225576
1225811
1226391
1226560
1227052
1227148
1227193
1227501
1228190
1228754
1229138
1229390
1229390
1229843
1230107
1230459
1230479
1231071
1231794
1232243
1232282
1232414
1232750
1233087
1233486
1233796
1234824
1235023
1235031
1235677
1236185
1236308
1236359
1236853
1237014
1238529
1238600
1238755
1238850
1238871
1238905
1239003
1239114
1239419
1239561
1239561
1239676
1240012
1240475
1240529
1240604
1240838
1241058
1241176
1241478
1241629
1241855
1242040
1242507
1242901
1243236
1243550
1243807
1243857
1244065
1244188
1244307
1244753
1244837
1244996
1245129
1245339
1245420
1245738
1246137
1246446
1246765
1246968
1247604
1247763
1247927
1248641
1249228
1249590
1249851
1250333
1250596
1250727
1250800
1251007
1251109
1251630
1251985
1252236
1252309
1252531
1253012
1253124
1253171
1254358
1254456
1254535
1254581
1254802
1254834
1255378
1255870
1255894
1256881
1256941
1257209
1257610
1257676
1258852
1258964
1259220
1259754
1260036
1260081
1261121
1261246
1262097
1262542
1262899
1263179
1263514
1264087
1264232
1264759
1264872
1265181
1265534
1265559
1265684
1265849
1265911
1266490
1266786
1266871
1268007
1268249
1268290
1268537
1268662
1268711
1268759
1268782
1268943
1269059
1269104
1269961
1270102
1270247
1270340
1270724
1271140
1271280
1271388
1272899
1272904
1272973
1274694
1274840
1274980
1275812
1275946
1276006
1276650
1276805
1276845
1277282
1277625
1278485
1278490
1279029
1279618
1279830
1280417
1280920
1282160
1282282
1282657
1282785
1282890
1283358
1283535
1283977
1284928
1284929
1284963
1285016
1285692
1285745
1285986
1285990
1286426
1286854
1287195
1287511
1288102
1288107
1288776
1289571
1289735
1289835
1290305
1290572
1290593
1290736
1291606
1293036
1293545
1293717
1293738
1294037
1294058
1294612
1295589
1295738
1295813
1296147
1296187
1296481
1297041
1297390
1298043
1298524
1298537
1298558
1299002
1299322
1299582
1299679
1299736
1300011
1300170
1302600
1302604
1303119
1303131
1303690
1303979
1304001
1304212
1304224
1304408
1305253
1305584
1305628
1305782
1305863
1306046
1307147
1307176
1307464
1307566
1307959
1308644
1308753
1309149
1309993
1310071
1310145
1310668
1310966
1311556
1311580
1312642
1313273
1313893
1314031
1314267
1314401
1314784
1315752
1315798
1316112
1316315
1316836
1317046
1317546
1317687
1318717
1318883
1319437
1319724
1319753
1320500
1320536
1321544
1322273
1322398
1322413
1322439
1322485
1322625
1323187
1323210
1323362
1323664
1324618
1324632
1324871
1325656
1325747
1325847
1325915
1326061
1326816
1327403
1327761
1327988
1328474
1329286
1329314
1329631
1329767
1330363
1330558
1331505
1331566
1331789
1332072
1332284
1332517
1332968
1333181
1333961
1334018
1334704
1334828
1334865
1335019
1335099
1335376
1335659
1336166
1336480
1336482
1336608
1336756
1336866
1337083
1337225
1337400
1337404
1338008
1338676
1338692
1338713
1339419
1339505
1339542
1339674
1339690
1339838
1340095
1340146
1340160
1340182
1340408
1340523
1341023
1341163
1341810
1342170
1342308
1342408
1342919
1343035
1343185
1343476
1343631
1343716
1344103
1344303
1344680
1344718
1344900
1345049
1345143
1345272
1346621
1347602
1347722
1347722
1347921
1348512
1348680
1348702
1348715
1348746
1349446
1349732
1349778
1349905
1350133
1350185
1350346
1350402
1350558
1351310
1351458
1351962
1352269
1352526
1352644
1353030
1353122
1354074
1354300
1354368
1354421
1354798
1354874
1354950
1355502
1355969
1356141
1356141
1356237
1356439
1356610
1357246
1358923
1359896
1359949
1360020
1360826
1361163
1361258
1361737
1361987
1362336
1362581
1362913
1363229
1363644
1363789
1363790
1364025
1364175
1364803
1364883
1365432
1365571
1365774
1365980
1366559
1366610
1366963
1367220
1367342
1367533
1367908
1368018
1368459
1368813
1369060
1369291
1369394
1371127
1371521
1371555
1371596
1372766
1372920
1373001
1373151
1373293
1373607
1373842
1373927
1374109
1374282
1374424
1374865
1375191
1375279
1375327
1375718
1376291
1376299
1376322
1376386
1376728
1376832
1376943
1376962
1377125
1377127
1377147
1377176
1377196
1377411
1377756
1378219
1378220
1378440
1378468
1379048
1379137
1379262
1379318
1379579
1379603
1379712
1380098
1380199
1380361
1380548
1381246
1381463
1381815
1382075
1382485
1382931
1383078
1383761
1383958
1384249
1384300
1384316
1384414
1384542
1384602
1384869
1384899
1385226
1385460
1385632
1385935
1385980
1386147
1386339
1386427
1386752
1387033
1387049
1387444
1387808
1387846
1388354
1389760
1390525
1390887
1391910
1392128
1392354
1393124
1393704
1393719
1393776
1393977
1394198
1394260
1394663
1394769
1395226
1395322
1395329
1395344
1395438
1395515
1395998
1396251
1396515
1397410
1397478
1397819
1397990
1398026
1398049
1398100
1398766
1398836
1399353
1399582
1399590
1399712
1399820
1400006
1400238
1400269
1400278
1400450
1402277
1402536
1402799
1402851
1403260
1403272
1403370
1403834
1403969
1404657
1405390
1406223
1406422
1406460
1407083
1407210
1407312
1407669
1407716
1407879
1408569
1408597
1408669
1408728
1409530
1410060
1410249
1410264
1410278
1410378
1410658
1411404
1411455
1411765
1411817
1412433
1412446
1412555
1412976
1413090
1413335
1413360
1415068
1415109
1415245
1416118
1416469
1416521
1417331
1417868
1418355
1418620
1418666
1418820
1419735
1419869
1419871
1420116
1420478
1420478
1420612
1420669
1420829
1420938
1421140
1421176
1421185
1421220
1421246
1421651
1421774
1422016
1422449
1423222
1423397
1423912
1425140
1425269
1425926
1425980
1426165
1426231
1426257
1426308
1427170
1427341
1428201
1428248
1428578
1428853
1429104
1429360
1429410
1429632
1430232
1430268
1430561
1431220
1431305
1432016
1432760
1432771
1433065
1433513
1433605
1433797
1434260
1434731
1435103
1435431
1435892
1436186
1436281
1436330
1436565
1436662
1437376
1437981
1438526
1438716
1438941
1439890
1439949
1440045
1440296
1440617
1440721
1440859
1440885
1441070
1441860
1441949
1443094
1443121
1443135
1443342
1443352
1443791
1444504
1445466
1445773
1445816
1445922
1446117
1446473
1447136
1447262
1447515
1447783
1447965
1448080
1448417
1448670
1448844
1448866
1449629
1449769
1449786
1449888
1450344
1450346
1450349
1450525
1450541
1450999
1451589
1451768
1451870
1452159
1452202
1452295
1452341
1452353
1452415
1452441
1452951
1453065
1453100
1453134
1453160
1453712
1453926
1453931
1454040
1454122
1454193
1454681
1454773
1454923
1455117
1455471
1455563
1455740
1455875
1455913
1456358
1456816
1456942
1456986
1457297
1457542
1458226
1458445
1459403
1459714
1459747
1460005
1460054
1460271
1460360
1460573
1460739
1460897
1461099
1461973
1462876
1463502
1463564
1463583
1464149
1464503
1464656
1465286
1465784
1466140
1466856
1466997
1467329
1467360
1467788
1467904
1467960
1468072
1468363
1468416
1468882
1469513
1469755
1470119
1470405
1470435
1470775
1470925
1471239
1471572
1471635
1471645
1471674
1471773
1472369
1473405
1473407
1473867
1474567
1474593
1475075
1475479
1475656
1475730
1475777
1475895
1476905
1476930
1477006
1477335
1477549
1477866
1479301
1479587
1480636
1480749
1481152
1481249
1482548
1483311
1483620
1483741
1483758
1483898
1484035
1484230
1484231
1485369
1485392
1485412
1485737
1485781
1485948
1486000
1486256
1486442
1486610
1487005
1487078
1487134
1487457
1488084
1488705
1488715
1489315
1489404
1489522
1489551
1490393
1490471
1490962
1491314
1491333
1491606
1491977
1492902
1493002
1493199
1493269
1493479
1493898
1493908
1494838
1494849
1495225
1495584
1495711
1496318
1496392
1497047
1497081
1497125
1497470
1497619
1498361
1499000
1499002
1499208
1499348
1499768
1500175
1500213
1500325
1500414
1500552
1500926
1501063
1501175
1501874
1501924
1502223
1502343
1502470
1503002
1503168
1503267
1503705
1503753
1504068
1504336
1504432
1504849
1505456
1505672
1506067
1506106
1506147
1506698
1507131
1507197
1507474
1507781
1508270
1508302
1508393
1508542
1508602
1509277
1509330
1510255
1510413
1510502
1510549
1510605
1511111
1511397
1511443
1511619
1511935
1512540
1512548
1512691
1513163
1513219
1513577
1513725
1513789
1513827
1514984
1515044
1515177
1515226
1515301
1515582
1515997
1516152
1516663
1517605
1517910
1518300
1518527
1518678
1518699
1519020
1519205
1519353
1520113
1520449
1521421
1521857
1521949
1523063
1523226
1523318
1523480
1523972
1524445
1524560
1524700
1524969
1524989
1525581
1525656
1525887
1525962
1526044
1526075
1526092
1526393
1526790
1527332
1527689
1528230
1528370
1528481
1528551
1528860
1529065
1529369
1529705
1530040
1530102
1530638
1530689
1530868
1530966
1531272
1531422
1532208
1532722
1532870
1533352
1533801
1533819
1533919
1534016
1534247
1534612
1534772
1535059
1535116
1536480
1536599
1536619
1536634
1537049
1537975
1538293
1538333
1538534
1538696
1539210
1539230
1539273
1539857
1539992
1540327
1540812
1541009
1541216
1541485
1541606
1541618
1541724
1541746
1542239
1542270
1542536
1543436
1543608
1543723
1543762
1544483
1544754
1544873
1545200
1546218
1546251
1546361
1546807
1546895
1547181
1547298
1548011
1548213
1549296
1549361
1549510
1550155
1550259
1550355
1550368
1550759
1550964
1551428
1551527
1551612
1551736
1552179
1552520
1552952
1554046
1554087
1555136
1555163
1555206
1555695
1556316
1556426
1556875
1556946
1557663
1558096
1558149
1558605
1559200
1559494
1560316
1560481
1560569
1560826
1561236
1561247
1561390
1562047
1563017
1563390
1564205
1564215
1564232
1564235
1564418
1564986
1565160
1565171
1565371
1565716
1565827
1566161
1566230
1566596
1567052
1567628
1567807
1568113
1568274
1568585
1568743
1568930
1569016
1569257
1569569
1569753
1570052
1570149
1570187
1570661
1570719
1571071
1571083
1571404
1571629
1571719
1571793
1572118
1572735
1573410
1573867
1574009
1574071
1574227
1574449
1574911
1574934
1574982
1575010
1575036
1575683
1576140
1576178
1576209
1576507
1576746
1577432
1577809
1578220
1578787
1578796
1578818
1579216
1579992
1580213
1580381
1580546
1581312
1581404
1581701
1581854
1581912
1582083
1582347
1582454
1583279
1583657
1583832
1584000
1584539
1584640
1584775
1585060
1586103
1586995
1587178
1587487
1587587
1588138
1588307
1588441
1588552
1588823
1588963
1589131
1589583
1589720
1590184
1590410
1590460
1590667
1591123
1591230
1591286
1591464
1591606
1591681
1592638
1592730
1592731
1593806
1593872
1594130
1594188
1594379
1594747
1595131
1595325
1596004
1596097
1596506
1596891
1596918
1597392
1597482
1597925
1598056
1598258
1598671
1598797
1598909
1598936
1599389
1599606
1599903
1600005
1600346
1601590
1602309
1602448
1602840
1602916
1603150
1603883
1603924
1604139
1604205
1604495
1604719
1604787
1605066
1605103
1605252
1605951
1606043
1606136
1606156
1606190
1606296
1607642
1608041
1608139
1608280
1608437
1608494
1609278
1609660
1610108
1610311
1610631
1611310
1611768
1611967
1612192
1612961
1613307
1613651
1614058
1614073
1614232
1614250
1614314
1614340
1614404
1614634
1614763
1614781
1614871
1615135
1615236
1615451
1615489
1615679
1615752
1616319
1616381
1616912
1617054
1617197
1617748
1617957
1618151
1618245
1618322
1618396
1618551
1618687
1618731
1618819
1618915
1619022
1619271
1619677
1619770
1620159
1620535
1621021
1621135
1621207
1621550
1621718
1621728
1622219
1622549
1622782
1623122
1623577
1623977
1624380
1624394
1624487
1624941
1626415
1626421
1626474
1626524
1626558
1626992
1627084
1627163
1627205
1627396
1627801
1628186
1628514
1629318
1629648
1630153
1631380
1631405
1632013
1632276
1632284
1632306
1632726
1632786
1633154
1633166
1633757
1634352
1634984
1635161
1635248
1635260
1635846
1636132
1636529
1637205
1637452
1637698
1637858
1637893
1638304
1638312
1638470
1638601
1639050
1639424
1640557
1641243
1642512
1643390
1643891
1644221
1644463
1645097
1645481
1645634
1646447
1646458
1646475
1646573
1646614
1646769
1646823
1646869
1647229
1647601
1648133
1648226
1648315
1649160
1649821
1649852
1649866
1651297
1652161
1652358
1652806
1653306
1653343
1654413
1654417
1654490
1654662
1654767
1654915
1655398
1655886
1656192
1656264
1656326
1656523
1656957
1657486
1657793
1658570
1658678
1658742
1659301
1659487
1660040
1660301
1660465
1660711
1661035
1661090
1661489
1661564
1661822
1662192
1662726
1663134
1663156
1663259
1663964
1664083
1664233
1664263
1664667
1665533
1665773
1665921
1666005
1666391
1666681
1667037
1667095
1667198
1667238
1667731
1667758
1667825
1668127
1668157
1668450
1668840
1669173
1669183
1669204
1669590
1669751
1670173
1671171
1671269
1671339
1671655
1671937
1672019
1672414
1672847
1672935
1673304
1673583
1673694
1673711
1673857
1673988
1674072
1674388
1674517
1675409
1675567
1676147
1676409
1677147
1677333
1677565
1678037
1678065
1679624
1679643
1680323
1680699
1681352
1681533
1681569
1682256
1682354
1682509
1682515
1682694
1682828
1682840
1683007
1683277
1683747
1684041
1684150
1684767
1685105
1685364
1685571
1686573
1686825
1687471
1687821
1687950
1688115
1688337
1688569
1688931
1689375
1689479
1689483
1689853
1690118
1691767
1692297
1692341
1692471
1692679
1693172
1693985
1693996
1694183
1694390
1694757
1694763
1695375
1695866
1696172
1696418
1696501
1697023
1697263
1697695
1698420
1698646
1699003
1699052
1699424
1699537
1699673
1700416
1700725
1701309
1701400
1701483
1701645
1701655
1701769
1702117
1702810
1703197
1703299
1703736
1704629
1705623
1705825
1705909
1705911
1706229
1706516
1706666
1706782
1707317
1707648
1707783
1708295
1708696
1708945
1708989
1709282
1709302
1710439
1710697
1710746
1710834
1711227
1711335
1711564
1711947
1711962
1712064
1712098
1712194
1712288
1712997
1713098
1713311
1713328
1713912
1714168
1714311
1714461
1715503
1715529
1715976
1716341
1716603
1716981
1716989
1717260
1717765
1718013
1718310
1718938
1719105
1720114
1720178
1720325
1720725
1721195
1721330
1721386
1722260
1722498
1722833
1723416
1723734
1724014
1725281
1725379
1725518
1725541
1725645
1725775
1726052
1726387
1726800
1726810
1726946
1727523
1727540
1727878
1728870
1729098
1729653
1730786
1731053
1731080
1731102
1731299
1731799
1731823
1731969
1732443
1732660
1732779
1733300
1733417
1733574
1733942
1734228
1734745
1734981
1735250
1735660
1735985
1736105
1736214
1736419
1736443
1736473
1736844
1737049
1737668
1737671
1737693
1737842
1738115
1738169
1738330
1739129
1739234
1739251
1739324
1739604
1739891
1740370
1740430
1741072
1741153
1741493
1742030
1742291
1742494
1742763
1742834
1742899
1743102
1743478
1743644
1744263
1744703
1744765
1744907
1745460
1745529
1745905
1745957
1746617
1746831
1747140
1747683
1748810
1749689
1750123
1750199
1751114
1751347
1751439
1752024
1752675
1752697
1753210
1753521
1753941
1754204
1754750
1755013
1755155
1755165
1755364
1756546
1756807
1756911
1757015
1757093
1757461
1757880
1757978
1758168
1759221
1759469
1759591
1759786
1759826
1760003
1760408
1760734
1760742
1761024
1761147
1761280
1761357
1762058
1762371
1762821
1763571
1763712
1764147
1764361
1764401
1765339
1765545
1765595
1765733
1765907
1766028
1766344
1766465
1767132
1767410
1767440
1767481
1767573
1767609
1767640
1767734
1767796
1767955
1767956
1768058
1768333
1768388
1768590
1768624
1769302
1769412
1769415
1769792
1770116
1770357
1770365
1770993
1771907
1772504
1772603
1773148
1773395
1773697
1773783
1774402
1774443
1775175
1775604
1775739
1776150
1776386
1776436
1776898
1777228
1777575
1778473
1778492
1778556
1778767
1779639
1779914
1780147
1780659
1780969
1781020
1781593
1781854
1782123
1782868
1783480
1783691
1783775
1784127
1784220
1784389
1786230
1786534
1786875
1787079
1787131
1787335
1787792
1787849
1788342
1788521
1788993
1789203
1789245
1789755
1789778
1790355
1790654
1790780
1791065
1791274
1791732
1791760
1791858
1791977
1792120
1792569
1792572
1792575
1794183
1794258
1794275
1794547
1794718
1794919
1795015
1795290
1795820
1796120
1796176
1796356
1797239
1797990
1798688
1799100
1799192
1799592
1799685
1799947
1800213
1800468
1800760
1800805
1800889
1800936
1801177
1801387
1801832
1802210
1802356
1802529
1802621
1803600
1803803
1804099
1804124
1804248
1804368
1805099
1805219
1806163
1806607
1806783
1807106
1807107
1807418
1807588
1807887
1809161
1809342
1809864
1809875
1810011
1810055
1810088
1810227
1810229
1810599
1810990
1811066
1811077
1811358
1811378
1811537
1811665
1812118
1812156
1812456
1812835
1813897
1814604
1814669
1814702
1814903
1815330
1816130
1816376
1817538
1817618
1817753
1817795
1818394
1818395
1818685
1819273
1819618
1820012
1820104
1820205
1820536
1820726
1821363
1821376
1821475
1821654
1821754
1821899
1822326
1822423
1823019
1823096
1823206
1823905
1824312
1824330
1824467
1824501
1824694
1824992
1825160
1825336
1826438
1826511
1827376
1827394
1827780
1828025
1828253
1828505
1828541
1829099
1829438
1829717
1830401
1830586
1831108
1831232
1831270
1831452
1831777
1831966
1832812
1832863
1833832
1834519
1834659
1834676
1834840
1834992
1835192
1835307
1835510
1835559
1835675
1836985
1837470
1837554
1838089
1838148
1838832
1839183
1839217
1839390
1840720
1840880
1841288
1841364
1843475
1843506
1843526
1843679
1843679
1843776
1843935
1843952
1844630
1844932
1845183
1845190
1845603
1846146
1846983
1847039
1847125
1847128
1848214
1848356
1848561
1848744
1849622
1849660
1849727
1850086
1850862
1851039
1851451
1851547
1852190
1852539
1852990
1853572
1853664
1854299
1854615
1855084
1855231
1855876
1855925
1855959
1856273
1856719
1856753
1856876
1857422
1857626
1857746
1858182
1858656
1858869
1859038
1859055
1859090
1860232
1860603
1861238
1861750
1862591
1862701
1862706
1862945
1863141
1863495
1863598
1863868
1864678
1864787
1864877
1865128
1865374
1865422
1866115
1866554
1866754
1867285
1867287
1867459
1868235
1868840
1869249
1869905
1870025
1870156
1870479
1870617
1870745
1871726
1871850
1872376
1872435
1872673
1872750
1872857
1872867
1873486
1873571
1873718
1873997
1874012
1874074
1874501
1874703
1874848
1874936
1874939
1875143
1875400
1875685
1876059
1876269
1876695
1877264
1877943
1878000
1878002
1878289
1878314
1878603
1878686
1879023
1879311
1879672
1879967
1880008
1880421
1881050
1881215
1881410
1881438
1881840
1882019
1882731
1882743
1882874
1882918
1883191
1883415
1883739
1883883
1884087
1884422
1885652
1886240
1886549
1887003
1887355
1887463
1887504
1887665
1887821
1888571
1888902
1889083
1889090
1889374
1889617
1889680
1890293
1890663
1890871
1891760
1891894
1892222
1892349
1892523
1892785
1892990
1893009
1893536
1893661
1893708
1894254
1894663
1894960
1895053
1895645
1895790
1895808
1895935
1896246
1896714
1897206
1897308
1897374
1898724
1899144
1899398
1899424
1899699
1899916
1900580
1900876
1901047
1901275
1901463
1901491
1901492
1902592
1903077
1903355
1903600
1904400
1904917
1905055
1905370
1905412
1906004
1906106
1906135
1906423
1906511
1906765
1906902
1907052
1907238
1907360
1907708
1908441
1908492
1908496
1908836
1908934
1909028
1909037
1909562
1910144
1910165
1910181
1910550
1910887
1911170
1911586
1911618
1911999
1912147
1912580
1913511
1913685
1914260
1914759
1914856
1914863
1915322
1915791
1915874
1916042
1916330
1916668
1916946
1917092
1917292
1917475
1917840
1918122
1918123
1918198
1918315
1918824
1918843
1919297
1919397
1920275
1920480
1920754
1920785
1920964
1921736
1921860
1922085
1922536
1922598
1922749
1923125
1923418
1923747
1923847
1923962
1924599
1924689
1924718
1924748
1924771
1925020
1925308
1925642
1925679
1925836
1926300
1926603
1926606
1926961
1927071
1927334
1927346
1927396
1927610
1928885
1929001
1929244
1929738
1930524
1930759
1932296
1933331
1933451
1933962
1934180
1934605
1934635
1935380
1935763
1936302
1936346
1936391
1936786
1937172
1937332
1937594
1937727
1937737
1937960
1938086
1938243
1938419
1939720
1939979
1940808
1941325
1941558
1941649
1942295
1942358
1942503
1942528
1942603
1942963
1943112
1943260
1944238
1944689
1944806
1944968
1945655
1946002
1946028
1946192
1946289
1946371
1946599
1946790
1947936
1948131
1948164
1948349
1948420
1948839
1948872
1949437
1949562
1949630
1950509
1950565
1950588
1950997
1951017
1951067
1951408
1951462
1951575
1952146
1952265
1952311
1952596
1952899
1953527
1953908
1954280
1954595
1954726
1954906
1955489
1955943
1957135
1958180
1958214
1958325
1958644
1958785
1958978
1959807
1959945
1960012
1960468
1960488
1960545
1960873
1961674
1961710
1961798
1962144
1962188
1962630
1963128
1963222
1963230
1963546
1963618
1963805
1963826
1964045
1964062
1964506
1964684
1964851
1964958
1965499
1965680
1965818
1966096
1966611
1967106
1967143
1967191
1967412
1967535
1967761
1967846
1968147
1968196
1968945
1969096
1969308
1969801
1970021
1970408
1971709
1971899
1971981
1971987
1972011
1972448
1972457
1972777
1972796
1973268
1973448
1973467
1973621
1973865
1974855
1974919
1975168
1975190
1975577
1975923
1976803
1977130
1977417
1977675
1978039
1978053
1978057
1978305
1978367
1978616
1979350
1979429
1979456
1979683
1979906
1979974
1979976
1980420
1981022
1981568
1982831
1983146
1983479
1983549
1983849
1983878
1984703
1984918
1985605
1985731
1985940
1985967
1986153
1987455
1987619
1987722
1987858
1989345
1989404
1989682
1990807
1991594
1992051
1992081
1992262
1992439
1992457
1992680
1993342
1993517
1993707
1993946
1993989
1994062
1994324
1994862
1995622
1995847
1995851
1995895
1995932
1996219
1996884
1996885
1997481
1997515
1997594
1997747
1997778
1997983
1998142
1998310
1998832
1999558
1999706
2000523
2001241
2001625
2002374
2002406
2002658
2002703
2002713
2003139
2003256
2003786
2004453
2004547
2004842
2005375
2005562
2005632
2005683
2006097
2006976
2007436
2007481
2007581
2007631
2008030
2008235
2008720
2008991
2009335
2010212
2010807
2011080
2011437
2011742
2012130
2012223
2012270
2012789
2013188
2013244
2013319
2013399
2014504
2014678
2015067
2015937
2016185
2016208
2016240
2016517
2017059
2017204
2017786
2018733
2019136
2020475
2021585
2021683
2021928
2021950
2022261
2022378
2022722
2022730
2022840
2022998
2023241
2023648
2023978
2024094
2025178
2025515
2025603
2025613
2025854
2025866
2026754
2027067
2027772
2027946
2027949
2028578
2028910
2029623
2030417
2030726
2031235
2031288
2031460
2031756
2031803
2032542
2032827
2033035
2033088
2033526
2033969
2035176
2035487
2035500
2036670
2036699
2036711
2036851
2037250
2037513
2038203
2038350
2038597
2038660
2038776
2038880
2039100
2039174
2039440
2039635
2039698
2039747
2040001
2040326
2040449
2040703
2041061
2041939
2042142
2042879
2043233
2043337
2043712
2044151
2044867
2045755
2046283
2046561
2046593
2046639
2047064
2048087
2048349
2048578
2048712
2050077
2050188
2050870
2051039
2052557
2052846
2053322
2053545
2053788
2054186
2054589
2055251
2055489
2055514
2055571
2055939
2056538
2056809
2057222
2057435
2057801
2058353
2058537
2058842
2059964
2060128
2060130
2060416
2060490
2060990
2061741
2062414
2062454
2062467
2062940
2063068
2063122
2063774
2064218
2064427
2064589
2064628
2064960
2065138
2065273
2065376
2065682
2065729
2066068
2066326
2066922
2068180
2068669
2069040
2069402
2069827
2070213
2070245
2070278
2070775
2070811
2070826
2070969
2071110
2071122
2071546
2071786
2072073
2072182
2072350
2072930
2073002
2073516
2073789
2074306
2074516
2074573
2074587
2074716
2074948
2075104
2075166
2075350
2075400
2075648
2075919
2076013
2076899
2077401
2077817
2078189
2078455
2078598
2078670
2078895
2079562
2079897
2081099
2081131
2081304
2081480
2082074
2082199
2082202
2082365
2082539
2082606
2083257
2083636
2083699
2083735
2084393
2084637
2084935
2085636
2085690
2085895
2086018
2086538
2086815
2087478
2087524
2087540
2087842
2088140
2088458
2088676
2088884
2088893
2088934
2089401
2089741
2089824
2090686
2090784
2090794
2090841
2091382
2092066
2092405
2092419
2092493
2092599
2093085
2093343
2093623
2093962
2093994
2094248
2094357
2094715
2095025
2095218
2095562
2095984
2096006
2096140
2096271
2096298
2096351
2096370
2096614
2096686
2097081
2097562
2098869
2099364
2099462
2100243
2100568
2100576
2100766
2100768
2101183
2101423
2101803
2102069
2102325
2102392
2102576
2103097
2103463
2103465
2103644
2104410
2104697
2104814
2105076
2105338
2105465
2105760
2106318
2106629
2106981
2107297
2107780
2107826
2108297
2108520
2109039
2109133
2109244
2109346
2110823
2110906
2110982
2111000
2111126
2111441
2111455
2111676
2111778
2112713
2113293
2113295
2113324
2113551
2113912
2114599
2115243
2115255
2115307
2115467
2115563
2116051
2116326
2116458
2117014
2117089
2117196
2117215
2117869
2118106
2119182
2120366
2120609
2120912
2121015
2121408
2121484
2122821
2123058
2123889
2124137
2124396
2124469
2124987
2125463
2126042
2126183
2126218
2126389
2126458
2127175
2127395
2127540
2127759
2128555
2128695
2128741
2128777
2128976
2129033
2129069
2129097
2129307
2129934
2131297
2132156
2132193
2132371
2133017
2133297
2133628
2133635
2133785
2133809
2134305
2134923
2134935
2135073
2135590
2136131
2136670
2137102
2137149
2137430
2137589
2138218
2138228
2138496
2138508
2138518
2139364
2140038
2140077
2140175
2140456
2141222
2141384
2141678
2141893
2141902
2141955
2142588
2142621
2142782
2142917
2143232
2143317
2143513
2143605
2143711
2144164
2144333
2144783
2144822
2144832
2144895
2145027
2145783
2145858
2146194
2146748
2146853
2147056
2148455
2148594
2148774
2149052
2149110
2149149
2149178
2149326
2149415
2149632
2150031
2150179
2150382
2150607
2150957
2151227
2151793
2152621
2153420
2153463
2153839
2153970
2153990
2154417
2154671
2154779
2154822
2154847
2155043
2155227
2155295
2156063
2156215
2156315
2156862
2156945
2157018
2157365
2157593
2157929
2158143
2158362
2158422
2158474
2159144
2159200
2159378
2159436
2159569
2160047
2160128
2160495
2160696
2160867
2161258
2161999
2162125
2162315
2162499
2163261
2163511
2163884
2163887
2164182
2164249
2164507
2164843
2165352
2165760
2166163
2166180
2166266
2166401
2166998
2167011
2167211
2167471
2167669
2167702
2168820
2169017
2169508
2169518
2169675
2169913
2169988
2170299
2170361
2170618
2170630
2170680
2171060
2171351
2171368
2171665
2172486
2172702
2172910
2173130
2173357
2173816
2173865
2174108
2174755
2174768
2174798
2174839
2175473
2175561
2175627
2175670
2175760
2175943
2176113
2176173
2176282
2176329
2177235
2177251
2177309
2177596
2177785
2178429
2178697
2179276
2179359
2179740
2180154
2180450
2180552
2181511
2183043
2183111
2183124
2183137
2183198
2183465
2183758
2183860
2183921
2183987
2184706
2184956
2185028
2185521
2186002
2186102
2186135
2186301
2186356
2186444
2186474
2186607
2186864
2187173
2187626
2187695
2187880
2187909
2188431
2188551
2188767
2188767
2189089
2189452
2189650
2190214
2190219
2190462
2190899
2191008
2191666
2192630
2192765
2193101
2193245
2193400
2193971
2194251
2194299
2194515
2194663
2195700
2196145
2196436
2196448
2196648
2197117
2197335
2197560
2197644
2197822
2198384
2198594
2198903
2199452
2200164
2200363
2202065
2202108
2202235
2203606
2204147
2204371
2204652
2204848
2205016
2205242
2205258
2205424
2205717
2205810
2206222
2206467
2206528
2207058
2207440
2207478
2208754
2208845
2208997
2209019
2209410
2209422
2209909
2210176
2210541
2210923
2211585
2211711
2211882
2212116
2212436
2213276
2213287
2214135
2215608
2215735
2215858
2215900
2216319
2216494
2216811
2216853
2217502
2217675
2217918
2218227
2218666
2218667
2218698
2219197
2219680
2220875
2221055
2221080
2221193
2221419
2221465
2221548
2221568
2221784
2222185
2222246
2222322
2222325
2222348
2222416
2222475
2222671
2222692
2222740
2222965
2222997
2223080
2223502
2223591
2223797
2224337
2224664
2224675
2225163
2225800
2226158
2226989
2227738
2228129
2228398
2228401
2228774
2228788
2228978
2230205
2230244
2231204
2231603
2231931
2231965
2232524
2233172
2233342
2233933
2234249
2234321
2234392
2234958
2235203
2235218
2235229
2235304
2235324
2235550
2235969
2236019
2236336
2236485
2236515
2236589
2236807
2237005
2237347
2237656
2237860
2238007
2238175
2238182
2238414
2238852
2239258
2239521
2239562
2239651
2239870
2240077
2240418
2240471
2241635
2241768
2242224
2242802
2242882
2243244
2243293
2243517
2243685
2244365
2244880
2245858
2246022
2246079
2246344
2247496
2247569
2248354
2248450
2248508
2248638
2248781
2249029
2249087
2249169
2249326
2249708
2249772
2249779
2249956
2250250
2250530
2250577
2251174
2251226
2251605
2252550
2252806
2252933
2253319
2254354
2255484
2255650
2255692
2255901
2256137
2256264
2256874
2257029
2257144
2257256
2257405
2257405
2257451
2257815
2257984
2257998
2258147
2258494
2258905
2259034
2259086
2259143
2259287
2259764
2260313
2260419
2261751
2261782
2261952
2262065
2262407
2262418
2262453
2262703
2264465
2264660
2265355
2265491
2266441
2267012
2267700
2267836
2268445
2268493
2268741
2269202
2269498
2269560
2269737
2270570
2271031
2271855
2272261
2272337
2272346
2273023
2273043
2273280
2273913
2274170
2274820
2274843
2275073
2275572
2275704
2275745
2275820
2276317
2276341
2276925
2277200
2277257
2277564
2277734
2278188
2278313
2278500
2279549
2279629
2279721
2280219
2280419
2280462
2280518
2280914
2281042
2281064
2281145
2281186
2281411
2281948
2282084
2282204
2282391
2282697
2282830
2283773
2284712
2285550
2285576
2285827
2285977
2286167
2286470
2286602
2286631
2286636
2286851
2286967
2287001
2287114
2287360
2287825
2288021
2288321
2288434
2288690
2288828
2289025
2289053
2289483
2289555
2289680
2289697
2289864
2290088
2290435
2290913
2291216
2291253
2291959
2292565
2293032
2293895
2294372
2294381
2294859
2295392
2295650
2295788
2295968
2296291
2296480
2296972
2297137
2297354
2297789
2298209
2298701
2299280
2299438
2299813
2299841
2300102
2300500
2300781
2300879
2300986
2301074
2301373
2302471
2302540
2302769
2303533
2303824
2303862
2304019
2304120
2304185
2305700
2306024
2306200
2307546
2307920
2308350
2308770
2309106
2309141
2309172
2309288
2309623
2309712
2309725
2309899
2309951
2310123
2310670
2311047
2311117
2311799
2311894
2312304
2312337
2312364
2313050
2313052
2313603
2314248
2314335
2314570
2314622
2314885
2315302
2315326
2315498
2315706
2316018
2316236
2316446
2316584
2317095
2317729
2318430
2318519
2318633
2318705
2319352
2319863
2320899
2320999
2321447
2321641
2322270
2322289
2322548
2322598
2322911
2323111
2323136
2323186
2323317
2323676
2323822
2323834
2324191
2324494
2324558
2324894
2324988
2325125
2326634
2327323
2328061
2329212
2329877
2329879
2330397
2330622
2330775
2331104
2331251
2331742
2331773
2331993
2332006
2332036
2332177
2332490
2332549
2333000
2333672
2334422
2334721
2335254
2335587
2335716
2336046
2336053
2336166
2336628
2337538
2337832
2338099
2338651
2338943
2339057
2339102
2339227
2339460
2339535
2339829
2339837
2340028
2340689
2340844
2341351
2341799
2342049
2342244
2343121
2343139
2343646
2343709
2344072
2344188
2344287
2344319
2344678
2345036
2345124
2345148
2345691
2346378
2346471
2347216
2347285
2347727
2348287
2348391
2349048
2349120
2349552
2349566
2349724
2350868
2350967
2351184
2351238
2351651
2351802
2351896
2352349
2352463
2352940
2353186
2353320
2353558
2353996
2354047
2355017
2355650
2356889
2357181
2357233
2357333
2358606
2359159
2359376
2359701
2359719
2359829
2360196
2361017
2361077
2361290
2361358
2361500
2361945
2361994
2362147
2362148
2362153
2362365
2362459
2362756
2363033
2363417
2363626
2363820
2364422
2364423
2364555
2364624
2364721
2365296
2365744
2366202
2366425
2366447
2366979
2367008
2367107
2367347
2367416
2367652
2368139
2368516
2368579
2369173
2369769
2369866
2370105
2370486
2370528
2370691
2370755
2371528
2371558
2371607
2371915
2372822
2372941
2373494
2373618
2373878
2373936
2374296
2374460
2374508
2374699
2375607
2376256
2377111
2377187
2377435
2378959
2379069
2379236
2379459
2379962
2380472
2380847
2381550
2381664
2381668
2382322
2382892
2382964
2383215
2383294
2383423
2383497
2383627
2383784
2384017
2385021
2385733
2386190
2386528
2386559
2386666
2386775
2386954
2387292
2387409
2388059
2388134
2388654
2388821
2389265
2390028
2390620
2390654
2390701
2390733
2390848
2390875
2390931
2391216
2391245
2391339
2391956
2392337
2392411
2392442
2392589
2392648
2392956
2392995
2393432
2393434
2393674
2393700
2393747
2393768
2394079
2394235
2394451
2395084
2395226
2395557
2395875
2396905
2397099
2397542
2397719
2397769
2397840
2398257
2398893
2399256
2399377
2399579
2400049
2400435
2400919
2401974
2402318
2402565
2402642
2402969
2403105
2403396
2403831
2404040
2404269
2404441
2404604
2404920
2404977
2405115
2405521
2405640
2406201
2407195
2407271
2407321
2407551
2407752
2407971
2408003
2408149
2408292
2408600
2408674
2408928
2409213
2409467
2409890
2410587
2410915
2411316
2411446
2411461
2411488
2412109
2412176
2413125
2413210
2413224
2413261
2413480
2413709
2414139
2414220
2414270
2415227
2415332
2415986
2416214
2416312
2416375
2416468
2416716
2416746
2416820
2416910
2416955
2417063
2417157
2417415
2418149
2418192
2418243
2418559
2418798
2418962
2419697
2419718
2420321
2421409
2421832
2421868
2422084
2422389
2422936
2423235
2423520
2424351
2424541
2424905
2424913
2425450
2425842
2426415
2426552
2426840
2427643
2428902
2429048
2429651
2429805
2430150
2430233
2430430
2430504
2430814
2430996
2431847
2432671
2432763
2432938
2433091
2433558
2433636
2433708
2433765
2433995
2434094
2434339
2434475
2434949
2434983
2435135
2436923
2437164
2437633
2438366
2438421
2438470
2438471
2439309
2439456
2439838
2439994
2440014
2440827
2440870
2441114
2441303
2441457
2441471
2441801
2442727
2442882
2443216
2443665
2444182
2444318
2444399
2445410
2445857
2446010
2446095
2446237
2446556
2447060
2447099
2447116
2447129
2448362
2448489
2448665
2448681
2449093
2449320
2449404
2449903
2450103
2450135
2450194
2450382
2450430
2450962
2451052
2451305
2451699
2451905
2452074
2452546
2453969
2454117
2454382
2454545
2454546
2455054
2455686
2455795
2455855
2456328
2456496
2456532
2456705
2456818
2457706
2458084
2458197
2458435
2458824
2459981
2460086
2460725
2460935
2460944
2461094
2461177
2461228
2461338
2461670
2461776
2461784
2462717
2462893
2462917
2463263
2463421
2464093
2464338
2464637
2464934
2465674
2465898
2467305
2467561
2467656
2467894
2467973
2468201
2468864
2468912
2469067
2469511
2469590
2469959
2470128
2470564
2471626
2471716
2472314
2472449
2473257
2473398
2473442
2473503
2473642
2473849
2474463
2474632
2474935
2474980
2475182
2475274
2475317
2475406
2475628
2475675
2475743
2475947
2476334
2476349
2476501
2476766
2476834
2476834
2477117
2477260
2477696
2478136
2478164
2478593
2479017
2479103
2479497
2479767
2481823
2481868
2481988
2482107
2482287
2482318
2482741
2484188
2484384
2484970
2485132
2485543
2485587
2485589
2485907
2485913
2486292
2486330
2486429
2486546
2487147
2487410
2487935
2488097
2488758
2489348
2489696
2489835
2490454
2490549
2490697
2491182
2491583
2491613
2492407
2492665
2492779
2493149
2493342
2493973
2494349
2494428
2494936
2494945
2495115
2495254
2495418
2495504
2495749
2495753
2495925
2496234
2496331
2496588
2496595
2496840
2497423
2497757
2497973
2498192
2498292
2498458
2498818
2499102
2499335
2499495
2499585
2499715
2499800
2500023
2500193
2501301
2501766
2502328
2502997
2503339
2503774
2504286
2504475
2504555
2504916
2505129
2505229
2505374
2505415
2505427
2505547
2505814
2505883
2505993
2506590
2506802
2506928
2506963
2507274
2507525
2507916
2508164
2508743
2508836
2508874
2509284
2509371
2509524
2509579
2509998
2510679
2511029
2511332
2512007
2512706
2513026
2513225
2513335
2513832
2514234
2514913
2515372
2516194
2516276
2516486
2516547
2516776
2516844
2517157
2517335
2518040
2518082
2518206
2518510
2518601
2518642
2518972
2518995
2519049
2519074
2519187
2519610
2519725
2519769
2520435
2521121
2521669
2521753
2521809
2521878
2521949
2522235
2522496
2522672
2522820
2522887
2523115
2523927
2524076
2524273
2524343
2524502
2524704
2524724
2524758
2524807
2525383
2525514
2525669
2525797
2526129
2527012
2527049
2527815
2527913
2527948
2528429
2529108
2529267
2529430
2529491
2529625
2529786
2530027
2530296
2530562
2530910
2531062
2531308
2531344
2532015
2532767
2532892
2532935
2533236
2533237
2533238
2533682
2533995
2534373
2535136
2535223
2535741
2535767
2536085
2536276
2536602
2536931
2537282
2537344
2537723
2537838
2537912
2538080
2538223
2538246
2538260
2538365
2538772
2538942
2539925
2540843
2540885
2541211
2541493
2542558
2542642
2542731
2543008
2543271
2543909
2543997
2544327
2544838
2544875
2545515
2545937
2546036
2546187
2546357
2546775
2546777
2546789
2546795
2546876
2546948
2546954
2547056
2547502
2547607
2547792
2547937
2547963
2548274
2548387
2549167
2549392
2549463
2549879
2549926
2550347
2550959
2552043
2552631
2552737
2553004
2553038
2553775
2553800
2553829
2554311
2554480
2554679
2554858
2555149
2555185
2556765
2556767
2556871
2557368
2557811
2558005
2558290
2558639
2558940
2559246
2559733
2560239
2560584
2560960
2561383
2561443
2561488
2561948
2562323
2562817
2562847
2562899
2563547
2563721
2564535
2564619
2564742
2564837
2564889
2565076
2565520
2565589
2565872
2566361
2566447
2566755
2566953
2567218
2567732
2567999
2568144
2568690
2569078
2569168
2570944
2571359
2571505
2572129
2572189
2572826
2573091
2573203
2573494
2573528
2573559
2574173
2575025
2575052
2575296
2576553
2576896
2576950
2577958
2578263
2579122
2579291
2579317
2580635
2581036
2581039
2581397
2582255
2582602
2582726
2583162
2584229
2585154
2585212
2585426
2585736
2585752
2586051
2586363
2586521
2586548
2586608
2586730
2586907
2587085
2587898
2587980
2588138
2588158
2588401
2588444
2588756
2589052
2589362
2589483
2590032
2590201
2590782
2590833
2591261
2591645
2591648
2592952
2593554
2593613
2593659
2593906
2594330
2594379
2594426
2594493
2594940
2595262
2595500
2595645
2596409
2596543
2596631
2596699
2597025
2597323
2597440
2597751
2597943
2597955
2598531
2599024
2599226
2599343
2599353
2599842
2600187
2600196
2601316
2601347
2602468
2603061
2603123
2603281
2603439
2603452
2603947
2604576
2604766
2604818
2605530
2606027
2606047
2606466
2607285
2607489
2607825
2607827
2607964
2608203
2608304
2608650
2608754
2609550
2609693
2609730
2610647
2611202
2611943
2612010
2612327
2613557
2613689
2613825
2613925
2614486
2614783
2614788
2615168
2615415
2616572
2618194
2618406
2618440
2618932
2619023
2619212
2619261
2619282
2620362
2620624
2620702
2620855
2620904
2621036
2621656
2622193
2622398
2622640
2622649
2622818
2622853
2623062
2623203
2623248
2623300
2623814
2624674
2624750
2624801
2624910
2625164
2625213
2625439
2625840
2626249
2626522
2626570
2626773
2627342
2627596
2628396
2629286
2629320
2629796
2629891
2629920
2630026
2630113
2630119
2630326
2630350
2630993
2631076
2631517
2631587
2632220
2632738
2633387
2633392
2633680
2633686
2633954
2634243
2634427
2634537
2634776
2635148
2635736
2635984
2636973
2637114
2637214
2637743
2638006
2638121
2638634
2638878
2639712
2639721
2640437
2640870
2641037
2641343
2641870
2642913
2643286
2643750
2643809
2643855
2643911
2643957
2644054
2644180
2644333
2644387
2644404
2644641
2644688
2644830
2644840
2644927
2645161
2645314
2645521
2645813
2646607
2646734
2647639
2647665
2647743
2649245
2649583
2649909
2650433
2650450
2650552
2650709
2650731
2650851
2650938
2651218
2651258
2651398
2651608
2651810
2652150
2652519
2652861
2653193
2653275
2653673
2653779
2653813
2653869
2653871
2653914
2654606
2655042
2655389
2656058
2656203
2656689
2656746
2656761
2657434
2657508
2658004
2658498
2659036
2659092
2659848
2659855
2660010
2660107
2661007
2661217
2661219
2661273
2661664
2662011
2662015
2662267
2662734
2662986
2663895
2664647
2664740
2665045
2665311
2666244
2666544
2666553
2667496
2667553
2667986
2668349
2668399
2668553
2669688
2670042
2670212
2670313
2670665
2670733
2670893
2671414
2671479
2671514
2672421
2672449
2673162
2673285
2673288
2673344
2674153
2674365
2674993
2675090
2675103
2675375
2675468
2676536
2677514
2677849
2677907
2677998
2678789
2679002
2679005
2679145
2679328
2679399
2679477
2679528
2679933
2680458
2680670
2680982
2681003
2681403
2681889
2681907
2681950
2682126
2683831
2684289
2684415
2684610
2685077
2685630
2685891
2686615
2687017
2687383
2687986
2688000
2688057
2688358
2688374
2688441
2688732
2688939
2689338
2689425
2689447
2690922
2691019
2691202
2691257
2691325
2691476
2691934
2692057
2692081
2692667
2692860
2693784
2693948
2694662
2695099
2695403
2695610
2695777
2695932
2696600
2697263
2697297
2697614
2697634
2697972
2698007
2698068
2698380
2698833
2698944
2699287
2699481
2699500
2699737
2699933
2700386
2700445
2700586
2700902
2701131
2701175
2702003
2702436
2702690
2702708
2703308
2703479
2703617
2703724
2703739
2703815
2704385
2704614
2704635
2704639
2704768
2705127
2706726
2706794
2706924
2707495
2707725
2709553
2709559
2709710
2709816
2709845
2710430
2710720
2711112
2711138
2711236
2712327
2712783
2712863
2713396
2713584
2713629
2714163
2714167
2714228
2714374
2714545
2714722
2714774
2715013
2715062
2715598
2715600
2716039
2716910
2717261
2717497
2718301
2718927
2719109
2719345
2719583
2719656
2719704
2719780
2719944
2721332
2721643
2722007
2722222
2722338
2722669
2723026
2723496
2723808
2723919
2723949
2724415
2724503
2725147
2725237
2725515
2725685
2725730
2725850
2725852
2725890
2726357
2726541
2726963
2727630
2727789
2727826
2728023
2728460
2728465
2729090
2729125
2729170
2729181
2729249
2729526
2729691
2730193
2730227
2730396
2730911
2731039
2731417
2731934
2732034
2732360
2732423
2734091
2734454
2734643
2734652
2736822
2737092
2737314
2737498
2737533
2737675
2737875
2738413
2738747
2739037
2739470
2740244
2740267
2741570
2741638
2741731
2742104
2742646
2742867
2743183
2743329
2743929
2744098
2744155
2744180
2744498
2744500
2744750
2744835
2744855
2745055
2745165
2745191
2745396
2746099
2746803
2747033
2747042
2748176
2748190
2748559
2748674
2748921
2749050
2749066
2749117
2749670
2749756
2749858
2750002
2750378
2750596
2750811
2751435
2751594
2751602
2751666
2752415
2752478
2752622
2752853
2752871
2753066
2753229
2753471
2753472
2753776
2754351
2754354
2754710
2755021
2755046
2755058
2755067
2756252
2756450
2756468
2756699
2758341
2758537
2758571
2759782
2760271
2760959
2760967
2761527
2761592
2761770
2762140
2762201
2762567
2762670
2762688
2763050
2763302
2763348
2763458
2763514
2763515
2764821
2764868
2765057
2765522
2765708
2766519
2766708
2766815
2767038
2767104
2767134
2767240
2767782
2768170
2768324
2768554
2769243
2769491
2769866
2769928
2769976
2770221
2770266
2770857
2770965
2771295
2771555
2772271
2772461
2772498
2772564
2772615
2773007
2773132
2773190
2773270
2773322
2773420
2774335
2774442
2774444
2774838
2775025
2775228
2776257
2776957
2777911
2777920
2778086
2778463
2778623
2778635
2779079
2779269
2779542
2779799
2779977
2780443
2780995
2781183
2781360
2781899
2782437
2782508
2782648
2782996
2783032
2783061
2783585
2783823
2784375
2784461
2784734
2784750
2785140
2785742
2786035
2786079
2786203
2786212
2786279
2787843
2787871
2787918
2787969
2788134
2788660
2789260
2789698
2789739
2789939
2789951
2790001
2790134
2791368
2791441
2791582
2791593
2792256
2792830
2793174
2793813
2794328
2795190
2795692
2796351
2796448
2796463
2796549
2796585
2797111
2797290
2797295
2797388
2798111
2798113
2798165
2798193
2798419
2799101
2799164
2799177
2799502
2799748
2799965
2800229
2800345
2800499
2800543
2800563
2800771
2801185
2801372
2801383
2801499
2801533
2801556
2801600
2801809
2802185
2802837
2803535
2804586
2804967
2805410
2805850
2806028
2806054
2806319
2806530
2806869
2806972
2807683
2807988
2808038
2808050
2808356
2808443
2808522
2808545
2808678
2808815
2809188
2809965
2810295
2810367
2810386
2811367
2811633
2812020
2812562
2812989
2813128
2813477
2814295
2814631
2814987
2815302
2815333
2815342
2815427
2815625
2815888
2816266
2816384
2816697
2816976
2817058
2817351
2817358
2817702
2817793
2818072
2818142
2818270
2818495
2818627
2818641
2819033
2819203
2819532
2819621
2819636
2819803
2819838
2820179
2820236
2820374
2820584
2820749
2821096
2821116
2821322
2821759
2821934
2821985
2823128
2823330
2823592
2824117
2824168
2824171
2824456
2825321
2825662
2826022
2826837
2827172
2827327
2827460
2828567
2829064
2829343
2829666
2829755
2829853
2829968
2830153
2831504
2832141
2832167
2832437
2832527
2833018
2833153
2834472
2835660
2835735
2836407
2837126
2837250
2837852
2838629
2838720
2838864
2839473
2839536
2839538
2839643
2840321
2840323
2840467
2840767
2841124
2841375
2841609
2841724
2842237
2842850
2843024
2843170
2843454
2843722
2843995
2844286
2844598
2844739
2845324
2846009
2846315
2846662
2847554
2847700
2847990
2848210
2848215
2848737
2848875
2848965
2850146
2850714
2850799
2850959
2851002
2851604
2851959
2852421
2852480
2852792
2852923
2853060
2853286
2853292
2854395
2854539
2854558
2854625
2855049
2856325
2856351
2856537
2857206
2857714
2858079
2858414
2858422
2858648
2858917
2859233
2859774
2859803
2859958
2860102
2860539
2860575
2860878
2861527
2861675
2862319
2862327
2863062
2863077
2863180
2863500
2863729
2864082
2864236
2864363
2864607
2864636
2864708
2864720
2864928
2865035
2865049
2865120
2865288
2865374
2865817
2865974
2866122
2866247
2867038
2867079
2867630
2867752
2868026
2868357
2868464
2868574
2868919
2869075
2869144
2869505
2869665
2869684
2869723
2870161
2870260
2870684
2870884
2871415
2871949
2872142
2872276
2872392
2872846
2873143
2873356
2873775
2874389
2874920
2874965
2875242
2875466
2875691
2876294
2876631
2877058
2877125
2877301
2877312
2877990
2878609
2878626
2878633
2878932
2878982
2879258
2879499
2879598
2879659
2879832
2880036
2880126
2880174
2880332
2881000
2881588
2881726
2881826
2881954
2882026
2882291
2882458
2883188
2883290
2884861
2884947
2885098
2885171
2885180
2885869
2886374
2886566
2886772
2887103
2887489
2887565
2887622
2888562
2888999
2889651
2890026
2890320
2890443
2890444
2890580
2890979
2891216
2891901
2891970
2892015
2892311
2892560
2892673
2893133
2894159
2894400
2894473
2894694
2894797
2894938
2895026
2895384
2895586
2895747
2896300
2896446
2896792
2897345
2897818
2897917
2897978
2898194
2898843
2898859
2899169
2899203
2899315
2899378
2900380
2900413
2900562
2901454
2901648
2901733
2902200
2902264
2902287
2902468
2902844
2903795
2904220
2904423
2904898
2905065
2905432
2905704
2905763
2906063
2906284
2906885
2907282
2907666
2907719
2907838
2908472
2908529
2908591
2908868
2908890
2909232
2909617
2910118
2910752
2910756
2911176
2911327
2911343
2911844
2912201
2912480
2912962
2913024
2913107
2913414
2913504
2913749
2914155
2914176
2914407
2914555
2915051
2915678
2915877
2916190
2916629
2916703
2916750
2917306
2917370
2917739
2917764
2918119
2918204
2918698
2918771
2919870
2919978
2920096
2920285
2920454
2920694
2920838
2921051
2921100
2921103
2921324
2921469
2922096
2922432
2922698
2923013
2923389
2923511
2923739
2925201
2925276
2925295
2925312
2925349
2925388
2925470
2926130
2926294
2926467
2926505
2926703
2927481
2927974
2928360
2929331
2930021
2932166
2932282
2932700
2933350
2933927
2934039
2934391
2934459
2934498
2934928
2934985
2935227
2935345
2935625
2935814
2935979
2936635
2937045
2937430
2937632
2937854
2938160
2938317
2938692
2939103
2939522
2940113
2940144
2940161
2940285
2940380
2940433
2940542
2940728
2940855
2941092
2941387
2941403
2941624
2941890
2942351
2942396
2942564
2942682
2942959
2943914
2943997
2944032
2944408
2944409
2944672
2945082
2945359
2945398
2945490
2945536
2946344
2946405
2946470
2946471
2946722
2946852
2947805
2947810
2948156
2948711
2949198
2949777
2950265
2950311
2950593
2950702
2950771
2950818
2950924
2951684
2951741
2951905
2952245
2952597
2952831
2953013
2953018
2953069
2953151
2953412
2953554
2953623
2953655
2953826
2953934
2954213
2954594
2954603
2954682
2954935
2955400
2956209
2956292
2956371
2956535
2956884
2957652
2957767
2957871
2957899
2957993
2958021
2958047
2958050
2958078
2959074
2959074
2959789
2960244
2962325
2962621
2962833
2962962
2963173
2963214
2963758
2963966
2964759
2964848
2964860
2966197
2966761
2967421
2967526
2967957
2968208
2968453
2968592
2969177
2969770
2969814
2969915
2970000
2970272
2970491
2970855
2970971
2971278
2971653
2972145
2972358
2972635
2972712
2973206
2973475
2973531
2973921
2974019
2974094
2974678
2974689
2974791
2975715
2975907
2977313
2977434
2977717
2977748
2977845
2978232
2979203
2979227
2979723
2980414
2980520
2981119
2981122
2981261
2981384
2981722
2981895
2982401
2982529
2982575
2982589
2983373
2983464
2983849
2983957
2984114
2984742
2985560
2986027
2986321
2986506
2986626
2987092
2987192
2987555
2987613
2987859
2988036
2988283
2988303
2988438
2988458
2988540
2988818
2989158
2989340
2989880
2990321
2990351
2990351
2990419
2990509
2990741
2990835
2990869
2991258
2991601
2991728
2991836
2992158
2992245
2992489
2992953
2993333
2993619
2993874
2994389
2994928
2995246
2996714
2997039
2997219
2997379
2997435
2997779
2997894
2998172
2998380
2998519
2998536
2998982
2999212
2999970
