Количество элементов - 5000, алгоритм сортировки - ShellSort2, случай - Ordinary, время работы - 1
87
172
2465
2965
3141
3741
3858
4635
5180
6293
6365
6680
8410
8452
8660
9213
9384
9597
11295
11342
11905
12485
13642
15134
15439
15630
15758
15886
17462
18619
18909
19400
19725
20494
21580
22045
22497
23194
23864
24087
24236
24278
24387
24947
26647
27098
27601
27688
28113
28187
28992
29775
30114
30275
31662
31878
31957
31998
32383
32389
33854
33945
34631
34693
34800
35122
35518
36656
37448
37715
38739
38911
40799
41328
41675
41758
42151
43111
43940
44708
44897
45030
45929
46960
47320
47848
50760
50832
51235
51502
52454
52903
53338
53773
54327
54722
55094
55144
56186
57720
58806
59432
59750
59830
59885
60154
61259
61761
62897
63752
63775
67008
67169
69571
69712
71535
71576
72077
72300
72788
73025
73220
74060
75402
76946
76967
77541
79335
79394
80302
80513
81344
82562
82595
83191
83876
84114
86786
87731
87767
88435
88460
88821
92098
92909
93303
93394
94925
95075
95408
95985
96180
96193
97217
98661
98907
99288
99608
100159
100222
101110
101298
102628
103105
103118
103202
103569
104340
104542
104667
105690
106006
106237
106330
106518
106698
108869
109795
111917
113864
114516
115719
116572
116763
117199
117456
117965
118736
120161
120575
122084
123493
124042
124146
124293
124748
124947
124991
125082
125317
129054
129056
129674
130381
131121
131254
131264
131402
131677
131894
132090
132255
132406
132755
132981
134212
135390
135557
135835
136127
136781
137220
137518
138093
138713
139288
139345
139428
139859
141059
141486
143593
143692
143743
143773
144519
145504
146802
147093
147285
147645
148345
149069
149069
149571
149573
150271
150955
151752
152007
153192
153515
154149
154326
154569
155265
156386
156593
157232
158513
160342
161224
161240
161539
162545
164163
164265
164323
164341
165238
166752
167344
167557
167797
168243
169150
170231
171696
172597
172912
173115
173696
174895
174994
175507
175976
176052
176182
176265
177475
179466
179893
180689
181082
181691
183051
183228
184276
187158
187775
187886
187938
189175
189183
189661
190441
191087
191345
191741
192268
192833
193575
194784
195143
195300
196035
197608
197901
199294
199394
200218
200360
201140
201845
202338
202667
203190
203653
204042
205272
206011
206428
206973
207524
207707
207765
208316
208782
208807
209190
209266
209632
211794
212227
212767
212904
213058
213768
213831
213896
214218
214840
217007
218494
218554
219177
219246
219380
219512
219627
220333
220571
220711
220733
220830
221009
221248
222798
222850
223666
223839
224147
224517
225644
226512
226891
227626
228041
228681
229120
229684
230478
230868
230971
232134
232206
232415
233409
235407
235544
235637
236234
236289
236444
237214
237494
238724
239268
239497
240130
240139
240990
241206
241536
241564
242387
243210
243955
244137
245728
245918
247455
248007
248494
248494
248748
249095
249403
249924
250161
250190
250262
250298
251859
252175
252739
252875
252973
253611
254126
254282
254591
254821
255328
256243
258086
259310
261014
261264
261308
261308
261413
261867
262198
262313
262679
262950
263941
264357
264391
264723
265568
265922
265956
268036
268760
268885
269336
270521
270729
271238
271681
272185
272286
274387
275200
275377
275436
275687
275913
276184
276466
276919
277249
279202
279531
281173
281413
281521
281660
281701
282824
283551
283853
284793
284845
285022
285031
285555
286964
287355
287478
287634
287850
288618
290491
290814
290883
291393
291963
293313
293651
294714
296217
296577
298906
299259
299574
300273
300671
300682
301147
301935
302128
303772
303887
304088
304470
304580
304673
304709
304777
305047
305450
307414
307543
307708
308272
308303
308854
309149
309673
309675
310481
311037
311076
311183
311416
311512
312744
313933
314251
314725
314788
315685
316044
316583
316910
317893
318557
319050
319243
319497
319532
319712
319949
320091
320542
320641
320837
320971
321188
321636
321885
321901
322403
322929
323027
323986
324790
325005
325300
325352
325438
325978
326020
326438
326459
326567
326996
327257
328048
328120
328949
329704
331164
331591
331701
331871
331974
332159
332606
333214
333946
333972
334101
334316
334330
335534
336380
336977
337229
337502
338668
339119
339542
341230
342348
343286
344021
344104
344318
344367
345384
345575
346430
346987
348231
348402
348918
351028
351051
351090
351245
351751
352464
353510
354142
354249
354599
355659
356285
356906
357008
357110
357553
358020
358214
358853
359642
359843
361148
361191
361400
362630
362661
363429
364362
364993
365242
366961
367479
369337
370331
371813
374194
374573
374844
375160
378872
379469
380207
380473
380877
380957
382185
383100
383527
383684
383893
384527
384706
384767
384868
384888
386169
386598
386654
386681
386934
388453
389250
389376
390431
390605
392813
393187
393623
393793
394296
394845
394918
395713
395941
396437
396642
396717
398022
399571
400596
401246
401411
402101
402612
402905
404253
405319
406101
406391
406632
406645
406913
408530
409719
409891
411100
411256
411344
413048
413252
413266
413768
413957
414721
415147
415591
417210
418810
420434
420738
421259
421278
421747
422009
423409
423424
423477
424073
424781
425222
425782
426601
428463
429182
429407
429535
431643
432260
432740
432815
434293
434412
434531
436632
437208
437795
438581
438967
439358
440141
440907
441763
443209
444046
444077
444546
445083
445606
446061
446945
447043
447102
447361
448383
448762
449162
449594
450060
450111
450512
450537
450833
452144
452370
453229
453513
453993
454302
455134
455169
455219
455695
456875
457055
457731
459357
460579
460694
460899
461310
463260
464445
465563
465969
466138
466221
466634
467128
467660
467990
468266
469022
469521
469603
469675
470315
471012
471454
471907
472269
473110
473133
473374
473931
474476
475752
476276
478441
479237
480317
481975
482730
482868
483201
484178
484335
484379
484412
484564
484640
484654
484679
484863
485167
486261
488705
488747
489443
490798
491119
492952
493320
493393
493419
494611
494689
494784
495349
495403
496522
497191
497530
497619
497951
498132
498254
499821
500745
501293
501339
502712
502838
503118
503815
504590
504731
505282
506883
507767
508496
508570
508958
509584
510275
511645
511696
511860
512427
512802
512917
513628
514825
515663
516831
517159
517448
518098
518597
518663
519636
520914
522314
522347
522745
523075
523321
523976
524256
524456
525233
525651
526011
526318
526441
527119
527267
527591
527716
528108
528177
528927
529039
529210
529627
531016
531584
532063
532720
533246
533993
534115
535470
535786
536785
537076
537604
537708
537783
538950
539177
539793
540245
540797
541548
541749
542681
543531
543616
544310
545135
546019
546212
547313
547395
548320
548920
549528
550444
550732
552661
552728
552933
553008
553640
553797
554120
555718
555836
555955
556105
556337
556483
556849
558107
558211
558336
558915
560575
562003
562201
562283
562724
562861
563017
563220
563226
564073
565840
565891
566228
568381
568433
568823
568827
569863
569935
570913
571535
573631
574804
574936
575182
576151
577726
578850
579466
581176
581834
582861
583704
584008
584168
584350
584425
584572
584921
585340
585897
586811
586909
587065
587910
588397
589112
589427
589945
590038
590070
590875
591251
592668
593040
593564
597057
597521
597673
597673
598312
598893
599529
599836
599849
601241
601489
601843
601926
602064
602610
602709
603538
603604
603658
605079
605641
606038
606119
606791
606948
608326
608755
609570
609645
610478
611402
611797
611908
612601
612995
613380
614138
614140
614821
614881
615534
616728
617785
617856
618500
618731
618861
619143
619908
620291
620528
621408
621468
622078
622142
622561
622675
623568
623790
624125
625169
625769
626211
626252
627062
627337
627656
627826
628302
629741
630151
631142
631275
631931
632007
632704
633230
634687
634858
635399
635463
635834
637913
638145
638427
638874
639166
639221
641227
641258
641342
642507
642787
642902
643659
643883
645988
646681
646816
647319
647973
648334
648895
649108
649251
649800
650763
650926
651221
651454
654649
655071
655428
656355
656488
656653
656666
657945
657962
658949
661729
661777
661846
662509
662874
662934
663113
663560
663666
663936
665093
666771
666832
667409
669415
669514
669724
670249
670622
670886
672786
673664
673762
674959
675231
675442
676904
678475
678537
678706
679285
679418
679686
680082
680411
680502
681456
682273
682424
684640
684818
684934
685665
686322
686641
687725
687767
689049
689240
689943
691204
691882
692219
692918
694746
695486
696172
696308
697576
699197
699573
699610
700032
700962
701026
701132
702415
703193
703673
703923
705298
705327
705414
705604
706334
706603
707028
710979
711029
711249
712078
712518
713231
713958
714682
715184
715211
715285
715792
716132
717516
717638
717788
718996
719073
719928
720262
720671
720758
720937
721308
722285
722563
722714
723549
724457
724675
725117
725288
725678
726553
727791
727920
728660
730703
731300
731424
731814
732168
732263
734000
734784
735053
735596
735725
735784
736147
736266
737719
738405
738881
740010
740534
740608
740626
741892
744159
744322
744680
746454
746557
746559
747649
748654
749688
751472
751655
751712
753325
754226
754670
756251
756683
756833
757433
757989
758281
758309
758995
759287
759368
760138
760929
761697
761974
763142
764095
764197
764427
764499
764662
765234
767112
767207
767741
768188
768367
769579
769798
770403
771011
771179
773582
774504
774945
774947
775313
775996
776318
776365
777020
777134
777679
777783
778027
778411
778641
779815
779816
781282
781367
781586
781773
783359
784415
784561
784617
784857
785537
785670
786538
787944
788233
788237
790822
791038
792467
792783
792843
793528
794126
794420
794845
796620
797514
797777
798655
801565
801597
801962
803760
804578
805461
805478
806214
806782
807525
808316
808530
808967
810914
811230
813966
814071
814724
814768
814796
815182
815380
816334
816409
816611
818682
818735
819047
819316
820016
820316
820352
820498
820766
824807
824912
824962
825316
825350
827455
828062
829616
831648
831866
832091
833668
834472
835169
835172
835189
836296
836394
836719
838140
838518
838543
838985
839019
840122
841058
841110
841384
841413
841999
842184
843528
844180
845041
845516
845576
846023
846714
847052
847529
848416
849179
849367
849875
850322
851184
851601
852603
852874
852875
853327
853701
854577
855439
856334
856801
857067
857193
857452
857665
858403
859041
860630
860834
860886
860975
861828
861889
862467
862468
862786
863477
864084
864897
865392
865442
865606
866256
867722
867731
869005
869099
872732
873044
873587
874748
875416
875725
876491
876861
878111
879352
879427
880374
880392
881867
882768
883183
883897
884541
885964
887068
887974
890224
891586
891656
893351
893456
893856
895806
896766
896906
897056
897691
897801
899523
901100
901173
901493
902227
902616
904503
904658
904958
905230
906519
906811
907734
908293
908392
908829
910839
911486
912014
912216
912553
912662
913633
914770
914797
916958
917545
919616
919619
921317
921332
923462
924924
924944
925500
925570
925592
927853
927892
928117
928952
929230
929799
929922
930275
930278
933191
933665
934868
935939
935981
936631
938393
939299
940232
941021
941211
942223
942384
942430
942813
943324
944209
944393
944763
945563
946535
946669
946929
946929
947656
948137
949829
949878
950079
950112
950317
950751
951414
952396
952770
953862
955541
956494
957738
958634
959104
960264
960730
961063
962270
962326
962372
962459
962467
963327
963457
964249
964502
964736
965064
967231
967473
967707
969048
969753
970276
970613
970931
972479
972697
973007
975290
976008
978215
979953
980542
980739
981814
982736
983559
986731
986809
989016
989415
989687
990347
990551
992365
994538
995867
996337
996906
997933
998066
998151
999793
1000371
1001723
1002095
1002166
1003902
1004477
1004549
1004576
1005549
1006204
1006292
1006472
1006928
1007252
1010016
1010641
1012173
1012736
1013496
1013689
1014074
1014905
1016623
1016681
1017230
1017515
1018109
1018807
1019116
1019366
1019686
1020159
1020190
1021671
1022496
1022898
1022960
1023092
1023651
1023886
1024037
1025006
1025347
1025784
1025874
1026779
1027446
1028500
1029687
1030189
1031010
1031512
1031873
1032006
1033172
1033331
1034533
1034996
1035454
1035969
1037685
1037728
1040030
1040421
1040857
1040866
1041843
1042093
1042411
1042515
1043185
1043515
1044113
1044889
1046805
1047462
1047554
1047738
1047811
1047966
1048235
1048594
1049634
1050453
1050566
1052073
1052481
1053547
1054369
1054823
1055156
1055337
1055774
1056489
1057252
1057375
1058049
1058364
1058716
1059188
1059210
1059556
1060882
1061210
1063000
1063227
1064288
1064443
1064710
1064780
1064908
1064916
1065843
1065874
1066115
1068323
1069133
1070045
1071598
1072464
1073215
1075474
1075704
1076673
1076899
1077117
1077467
1078332
1078511
1078736
1078763
1079103
1079136
1079447
1079563
1079650
1080481
1080802
1081767
1082670
1082843
1083296
1083342
1083361
1083995
1084191
1084195
1084303
1085799
1086772
1087133
1088160
1088451
1088456
1088727
1088849
1089309
1089627
1090392
1091815
1092656
1093415
1093551
1094644
1094709
1095316
1095550
1095979
1096246
1096265
1096311
1096353
1096571
1097285
1097973
1098032
1098173
1098909
1102528
1102676
1103546
1103711
1104250
1105385
1105603
1105801
1107603
1108354
1108820
1109128
1112472
1112801
1115691
1116628
1117635
1118056
1118418
1118518
1119556
1119870
1120238
1120329
1120401
1121523
1121621
1122181
1123273
1123643
1123946
1124135
1124803
1124830
1124935
1125398
1128234
1128761
1130388
1130592
1131847
1134020
1134395
1138150
1138563
1139196
1139490
1140424
1140797
1141520
1143068
1143086
1143565
1143647
1145088
1145185
1145966
1147138
1147848
1149952
1150447
1150760
1151098
1152289
1152300
1152944
1153670
1154176
1154183
1157142
1158211
1158409
1158812
1160800
1161381
1161840
1163389
1163444
1164269
1165486
1166492
1166534
1166841
1167561
1167903
1168281
1169220
1170432
1171323
1171724
1171999
1172116
1172572
1173566
1173586
1174131
1174212
1174754
1174853
1174876
1176692
1177372
1178416
1180144
1180349
1181182
1181282
1182438
1182472
1182537
1182946
1183334
1183624
1184674
1186137
1186749
1186810
1187941
1188852
1189415
1189598
1189883
1190562
1191404
1191934
1191960
1192423
1192663
1192981
1193163
1193847
1194522
1194816
1194934
1195551
1196080
1196164
1198631
1199725
1200253
1200633
1200986
1203814
1204153
1205000
1205660
1206976
1206990
1207808
1208054
1208312
1208314
1208365
1209359
1209567
1210779
1211128
1211549
1211594
1213226
1213323
1213378
1213620
1214085
1214200
1214327
1215308
1216046
1217152
1217538
1217726
1219139
1219513
1219651
1219765
1220005
1220370
1222384
1223645
1223977
1224191
1225195
1226186
1226288
1226747
1227070
1228530
1229574
1229776
1229922
1229984
1231685
1232780
1233196
1235564
1235968
1236017
1236572
1237402
1237448
1237457
1237795
1237881
1238160
1238357
1239132
1239442
1239667
1239808
1240493
1240608
1241209
1241282
1241571
1242190
1242214
1242797
1242868
1243146
1243691
1243749
1244498
1244550
1244876
1245486
1246702
1246860
1247604
1247876
1248841
1249943
1251996
1252026
1252108
1252629
1254390
1255331
1256366
1256722
1257781
1258831
1259694
1260745
1261531
1262032
1264163
1265907
1266135
1266530
1266610
1268830
1270097
1271819
1272004
1272267
1272633
1275653
1276005
1276069
1276651
1276766
1277194
1277244
1277329
1278446
1279347
1279832
1281329
1281341
1281444
1281575
1281906
1282237
1283106
1283136
1283621
1284082
1284434
1285133
1285292
1286102
1286163
1288353
1288568
1288946
1290705
1292543
1293035
1293295
1293714
1293743
1295852
1296410
1297349
1297680
1298868
1299579
1299590
1300253
1303314
1303495
1303910
1304118
1305270
1305397
1305580
1305905
1305946
1306424
1307418
1308791
1309670
1310250
1310262
1310721
1310757
1311117
1311763
1312323
1312484
1312486
1312631
1312752
1312931
1313881
1314676
1314846
1315390
1315833
1316723
1316953
1318415
1318743
1319775
1321219
1322047
1322155
1322641
1322773
1323270
1324273
1324995
1325123
1325611
1326552
1327170
1327443
1327464
1328042
1328517
1329294
1329769
1329829
1330354
1331751
1332442
1332881
1332944
1333106
1334214
1334400
1334959
1335704
1336369
1337419
1337421
1337470
1337683
1337709
1337784
1340609
1341521
1341603
1342673
1342711
1342911
1344183
1344721
1345496
1345587
1345883
1345909
1345950
1346052
1346649
1347111
1347127
1348015
1348054
1349662
1350676
1350985
1351401
1351544
1352506
1353478
1354168
1354614
1354784
1356149
1356903
1357342
1359162
1359826
1360353
1360694
1361248
1363614
1363910
1364960
1365770
1366773
1367656
1368069
1368388
1368769
1368856
1369211
1369953
1371034
1371999
1372460
1372654
1372842
1372962
1373572
1373814
1373856
1374351
1374726
1375007
1375348
1375853
1376369
1376541
1376550
1376714
1376911
1379175
1379815
1380001
1380457
1380634
1380958
1381192
1382560
1383007
1384516
1385560
1386705
1388361
1388948
1389333
1389717
1391566
1391913
1392212
1392603
1394161
1394516
1395499
1395524
1395594
1395851
1396307
1396606
1396946
1397281
1397453
1397546
1398594
1399966
1400697
1400816
1401737
1401844
1402302
1402616
1404688
1405197
1405292
1405703
1407037
1407423
1408602
1408963
1410085
1410310
1411164
1411477
1411563
1412796
1412921
1413810
1415236
1416263
1416309
1416657
1417023
1417144
1417521
1419404
1419865
1420393
1420836
1422064
1422248
1422465
1422602
1422825
1422965
1423849
1424413
1424620
1424811
1424987
1425241
1425370
1426855
1427352
1427838
1428412
1430131
1430265
1430621
1431175
1431494
1433655
1433957
1434137
1434746
1436044
1436149
1436206
1437375
1437707
1437997
1438515
1439547
1439573
1439631
1440340
1440465
1441897
1441937
1442941
1442959
1443220
1443823
1443901
1444683
1444886
1445233
1445485
1445815
1445915
1446827
1447186
1448347
1448536
1448647
1449001
1449013
1450531
1451192
1451403
1451920
1452711
1453025
1453965
1454403
1454451
1455045
1455276
1455913
1455976
1456455
1456638
1457117
1457204
1458118
1458548
1458577
1459035
1459272
1460345
1461596
1462013
1462596
1463516
1463742
1464815
1465309
1465491
1465678
1467438
1467548
1467764
1469596
1470010
1470431
1471170
1471504
1473010
1473228
1474096
1474218
1474320
1475137
1476018
1477114
1477435
1478405
1478521
1480150
1481570
1481981
1482109
1482984
1483573
1483710
1484146
1484863
1485042
1485501
1485890
1486113
1487748
1488536
1488744
1489315
1489359
1490647
1491437
1491803
1492997
1494418
1494804
1495531
1496199
1496836
1497115
1497643
1499043
1499050
1499548
1499606
1500775
1500887
1501453
1501609
1502951
1503829
1505178
1505444
1506530
1506770
1507063
1507174
1507207
1507446
1507774
1508535
1508994
1509837
1511272
1511889
1512082
1512093
1513843
1514232
1514932
1515156
1516326
1516561
1517464
1517498
1518081
1519366
1519477
1520307
1521034
1521395
1521484
1521574
1521777
1521807
1522364
1524390
1524840
1526818
1527521
1528119
1528178
1529140
1529256
1529790
1530949
1531067
1531326
1531441
1531981
1534560
1534924
1535514
1535866
1538292
1538343
1539378
1540349
1540902
1541085
1541173
1541792
1543039
1543311
1544116
1544226
1544813
1544847
1545228
1545258
1546180
1546276
1546727
1546794
1546930
1547157
1547618
1547768
1548387
1548768
1550228
1550545
1552230
1552625
1552650
1553174
1553226
1554606
1554870
1556245
1556666
1557292
1558355
1559003
1559396
1559773
1560531
1562805
1563066
1563110
1563964
1565421
1565458
1566079
1566128
1566340
1567085
1570164
1570364
1571806
1572064
1572765
1572913
1574509
1574802
1574886
1575454
1578178
1578311
1579050
1581398
1581703
1581986
1582145
1582423
1583219
1583267
1583375
1583725
1583767
1583932
1584658
1585314
1586031
1586128
1586190
1587452
1588116
1588355
1588848
1589395
1589864
1590526
1591833
1592833
1592991
1594091
1594403
1594600
1594745
1595259
1595703
1595791
1595885
1595898
1596235
1596428
1596466
1596516
1597350
1597425
1598166
1599442
1599455
1600081
1600892
1601966
1602014
1602626
1603269
1603521
1603852
1603859
1604343
1605991
1608011
1608084
1608204
1608999
1609117
1609184
1610302
1610371
1611020
1611137
1611513
1611761
1612164
1612396
1613258
1614002
1614129
1614172
1614285
1614927
1615143
1616331
1617156
1617560
1618685
1619386
1619436
1619779
1620090
1620321
1620343
1620347
1620629
1620884
1621515
1621937
1622601
1623036
1623073
1623570
1624329
1625563
1625878
1626086
1626145
1627235
1627751
1629376
1630039
1630085
1631606
1634073
1634838
1636177
1636228
1636741
1638101
1640482
1640983
1641266
1641709
1643443
1643704
1644723
1644800
1644927
1645037
1645228
1646596
1647134
1647919
1648672
1648682
1648774
1648875
1648955
1650956
1651317
1651942
1653425
1653698
1654342
1654353
1655872
1656711
1657096
1658884
1659901
1660881
1661877
1662251
1662936
1663608
1664262
1664432
1666071
1666675
1668121
1668676
1669322
1669414
1669514
1669866
1670113
1670451
1671468
1671873
1671972
1672297
1672404
1672576
1673488
1674358
1674370
1674484
1677196
1678812
1679322
1680661
1681467
1681653
1682092
1682441
1683466
1683777
1684165
1684396
1685471
1685680
1687023
1688471
1689999
1690820
1691133
1691141
1691605
1692269
1692497
1692848
1693234
1693292
1694384
1694401
1694452
1694469
1694861
1694952
1694986
1695109
1695352
1695408
1695730
1695828
1696853
1697414
1697991
1698096
1698226
1698679
1698697
1698911
1699130
1700025
1702219
1702472
1704325
1704719
1705016
1706248
1707051
1707311
1707863
1708151
1708232
1708877
1709221
1710235
1710790
1712286
1712418
1713034
1713125
1713172
1714414
1715106
1715573
1716160
1717228
1717715
1717726
1717896
1718096
1719991
1720175
1720250
1721029
1721073
1721240
1721502
1721677
1721990
1722235
1722771
1723675
1724753
1724971
1725183
1726244
1727338
1729949
1730220
1730831
1731701
1732502
1732845
1733000
1733604
1734203
1734671
1735979
1737421
1737533
1737825
1740975
1741191
1741475
1741812
1741831
1741860
1741946
1742165
1742287
1742351
1742698
1742789
1743803
1744112
1744754
1744895
1745147
1745348
1746150
1746324
1748481
1749549
1749699
1749933
1750321
1751031
1751227
1751242
1753318
1754133
1756152
1756727
1757503
1758413
1758534
1759021
1761279
1761992
1762239
1762324
1762490
1763416
1763709
1764647
1765308
1765467
1766808
1767560
1767603
1767656
1768175
1768193
1768722
1768931
1772342
1772355
1772423
1772993
1773578
1774441
1775180
1777374
1777647
1778050
1778844
1779068
1779490
1779689
1780304
1780545
1780603
1781072
1781207
1781365
1781480
1782137
1782186
1783107
1783367
1783778
1784933
1785093
1785697
1785983
1786944
1787286
1788314
1788541
1788849
1789302
1789384
1790043
1790361
1790806
1790947
1791170
1791178
1791231
1791553
1791893
1792033
1792278
1792489
1793413
1793515
1793747
1793939
1794393
1795452
1795549
1795842
1796436
1797596
1797629
1797844
1798830
1799015
1799733
1799980
1800156
1800469
1800776
1800984
1801301
1801412
1802161
1802378
1802422
1804227
1804417
1804808
1805500
1806507
1807325
1807443
1808178
1808691
1808716
1809282
1809310
1809584
1809620
1809853
1810037
1811243
1811683
1811859
1812649
1812729
1813166
1813431
1814365
1814586
1815314
1815805
1816534
1816669
1816839
1817220
1817881
1818710
1819280
1820661
1821333
1821342
1821854
1822151
1822260
1822330
1822423
1822809
1823690
1824675
1825796
1825807
1826347
1826971
1827824
1827986
1828063
1828481
1828503
1828506
1828596
1829680
1830302
1830887
1832031
1832151
1832621
1832790
1833047
1833101
1833351
1833559
1834170
1834302
1834437
1835770
1836538
1836618
1836931
1837182
1838057
1839080
1839104
1840840
1841117
1841455
1841533
1841963
1842398
1843145
1843216
1844418
1845008
1845018
1845165
1845398
1845871
1847076
1847495
1850083
1850183
1851717
1851748
1852001
1852422
1852763
1853266
1854267
1854847
1855849
1856783
1857183
1858694
1858791
1859948
1859954
1860186
1860359
1860675
1861904
1862686
1863032
1863498
1863659
1863988
1865301
1866411
1867690
1869319
1870686
1872268
1872374
1873218
1873926
1873958
1874238
1875240
1875290
1875607
1876481
1877175
1877387
1877893
1879947
1880115
1881339
1883420
1883933
1884286
1885257
1885913
1886570
1888221
1888241
1888283
1889983
1892526
1894235
1894768
1894873
1894984
1895076
1895077
1895552
1896072
1897116
1898306
1898326
1898790
1898917
1899642
1899937
1900149
1900271
1901453
1901672
1901924
1902623
1902674
1902902
1903152
1903272
1903345
1903760
1903760
1905221
1905708
1906043
1906164
1906244
1907114
1907121
1908047
1909682
1909869
1910369
1910485
1911214
1911763
1912215
1912547
1912709
1913046
1915740
1917184
1917308
1918247
1918311
1918807
1918957
1919646
1919682
1921198
1921527
1923118
1923400
1924650
1925780
1926494
1927817
1928619
1929234
1929552
1930106
1930398
1930727
1930775
1931008
1931907
1932018
1932817
1933045
1933159
1933689
1934039
1934566
1935746
1935934
1936252
1936479
1938609
1938748
1938890
1940419
1940479
1940635
1940645
1941265
1941371
1942266
1942424
1943321
1943462
1943480
1943790
1945003
1945334
1945447
1947091
1947358
1947401
1947795
1948227
1948439
1949137
1949686
1950309
1951062
1951521
1952078
1952896
1953405
1953426
1953501
1953605
1953746
1953818
1953850
1954693
1955007
1955956
1956349
1956428
1957017
1957042
1957323
1958134
1959458
1959588
1959629
1959947
1960390
1961080
1961091
1961355
1961525
1961933
1962034
1962474
1963302
1965092
1965104
1965495
1965616
1965804
1966583
1967402
1968561
1968894
1969133
1969898
1970886
1971182
1971439
1971448
1972323
1975267
1976543
1977217
1978121
1978190
1978295
1978363
1978927
1979730
1981163
1981509
1981758
1981843
1984183
1984228
1984262
1985192
1985504
1985673
1986776
1987869
1988163
1988623
1988721
1989410
1989458
1989596
1990133
1991741
1991867
1992344
1992770
1992921
1992923
1994781
1995148
1995537
1996499
1997463
1998995
1999149
1999875
2000644
2001055
2001591
2001749
2002629
2002993
2003168
2003679
2004449
2004828
2005038
2006278
2006558
2006776
2006803
2007183
2007427
2008004
2008310
2009845
2010575
2011044
2011216
2011381
2012133
2012163
2012652
2013281
2013828
2014815
2014845
2017030
2017387
2017668
2018200
2019623
2019831
2020129
2020489
2022593
2023292
2023781
2023979
2024007
2024746
2025028
2025098
2026267
2026428
2026880
2027250
2027398
2028201
2028465
2028784
2029029
2030193
2030216
2030646
2031691
2032183
2032598
2033290
2033301
2034173
2034345
2035912
2035916
2037049
2037691
2038240
2039414
2039932
2044642
2045364
2045530
2045601
2045643
2045706
2046845
2047689
2049075
2049648
2050871
2051319
2051542
2052587
2053189
2053550
2054575
2054823
2055229
2055236
2055506
2055670
2056468
2056703
2056710
2056933
2057188
2057487
2057920
2057940
2057978
2058888
2060572
2060775
2061281
2062317
2062582
2062644
2062998
2063526
2063695
2063725
2064297
2064326
2064949
2066292
2067178
2067976
2070611
2071340
2073066
2073217
2073241
2073315
2074020
2075543
2076421
2078231
2078545
2079754
2079865
2081386
2081667
2081840
2082151
2082329
2082740
2083254
2084346
2084410
2084473
2085159
2085393
2085769
2086432
2086615
2086707
2087477
2087597
2087724
2088082
2088371
2089093
2089142
2090699
2093200
2093533
2093989
2094813
2095085
2095182
2095301
2095920
2096510
2096513
2096892
2097245
2097792
2097833
2099068
2099205
2100296
2100582
2101131
2101220
2103003
2103095
2103315
2103527
2103592
2104399
2104532
2105260
2105350
2106770
2106938
2107897
2109298
2109548
2111384
2111548
2111608
2112282
2112366
2112550
2112643
2113002
2113040
2113745
2114145
2114357
2114577
2115404
2115835
2116254
2116734
2117848
2119621
2119831
2120268
2120323
2121232
2122398
2122474
2123086
2123131
2123906
2126607
2127209
2128587
2129583
2131035
2131060
2131949
2132066
2132500
2132780
2133680
2134091
2135054
2135825
2135987
2136293
2136992
2138168
2138517
2139369
2142025
2142214
2142613
2143272
2143917
2144207
2144392
2145640
2145926
2146237
2146689
2146709
2146953
2147034
2147373
2148482
2148584
2149547
2150258
2151372
2151845
2151900
2151953
2152444
2152515
2153077
2153217
2153424
2153737
2154253
2155011
2155345
2155573
2156491
2156863
2157363
2157369
2158284
2159342
2159604
2160063
2160213
2160451
2160667
2160752
2160970
2161592
2162203
2162799
2163025
2164941
2165356
2166492
2166611
2167329
2167715
2169483
2170266
2170726
2171052
2171821
2171898
2172055
2172722
2173101
2174883
2175031
2175952
2176182
2176252
2176465
2178442
2178799
2178993
2179970
2181714
2182776
2183085
2183230
2186590
2186917
2187564
2188069
2188383
2188760
2189517
2191020
2192955
2193339
2193947
2194665
2194721
2195031
2195524
2195688
2196069
2197452
2197691
2197878
2198089
2198656
2198670
2198738
2198935
2199976
2200060
2201201
2202201
2202205
2202374
2202467
2203467
2203530
2204896
2205001
2205559
2206278
2206557
2209168
2210353
2210651
2210711
2210884
2211575
2211894
2212066
2213025
2213230
2213385
2213397
2213886
2214382
2214636
2215823
2215838
2216943
2218087
2219326
2219342
2222108
2222610
2223246
2223725
2224402
2224751
2224869
2225191
2225321
2227297
2227751
2227878
2228437
2228662
2228718
2229182
2229742
2230018
2230030
2230202
2232149
2233277
2234244
2234898
2236222
2236383
2237855
2238274
2238576
2239075
2239649
2239756
2240803
2242079
2242277
2242556
2242825
2242949
2245370
2246207
2246456
2246491
2246850
2247135
2247465
2248094
2248314
2248405
2248418
2248642
2248913
2248929
2249092
2249505
2250034
2250069
2250556
2250780
2251976
2252084
2253488
2253713
2253934
2254038
2254735
2255695
2256462
2257289
2258322
2259076
2259800
2260147
2260348
2260501
2260692
2260898
2261175
2261234
2262269
2264186
2264279
2264676
2265388
2265869
2266127
2266705
2267502
2267680
2267781
2267908
2268014
2270765
2270973
2271023
2271368
2272279
2272355
2272470
2272581
2273360
2273797
2274079
2274124
2275157
2275196
2275541
2275956
2277197
2279419
2280386
2281729
2283079
2284539
2285204
2285277
2285516
2285622
2285910
2287263
2288790
2289157
2289222
2289794
2290225
2291724
2293495
2294039
2294222
2295016
2295055
2295855
2296002
2296967
2297227
2298566
2298732
2299225
2299539
2299906
2299948
2300045
2301296
2301313
2301342
2303536
2303741
2303788
2303897
2304336
2304477
2304487
2305179
2305465
2306425
2306451
2306629
2306648
2307084
2307903
2309687
2309689
2311147
2311444
2311888
2313152
2314508
2315126
2316052
2316249
2316546
2317073
2317541
2317960
2318825
2319669
2319797
2320110
2321061
2321608
2321945
2322352
2323589
2324338
2326346
2327584
2328802
2330545
2330678
2330921
2331518
2331559
2333071
2334977
2335536
2336149
2336643
2337838
2338666
2338756
2339139
2339262
2339918
2340160
2341429
2341640
2341955
2342989
2343426
2343638
2343773
2344149
2344546
2345386
2345414
2347077
2348203
2349333
2349668
2349870
2350374
2351112
2351923
2353680
2356235
2356781
2358275
2359378
2360327
2360584
2361092
2362048
2362554
2363569
2364517
2364590
2365030
2365032
2365757
2365779
2366126
2366269
2366493
2366693
2368129
2368276
2368917
2368969
2368982
2369449
2370038
2370233
2372036
2372412
2372771
2372877
2373942
2374512
2374696
2374952
2376138
2376497
2377606
2379185
2381331
2381559
2382426
2383772
2384031
2384906
2385972
2386222
2386512
2387415
2387948
2388539
2388921
2389064
2389593
2389709
2390234
2390390
2390571
2391065
2391957
2392303
2392528
2392613
2393221
2393803
2394055
2395152
2397991
2398819
2399286
2399364
2399967
2400386
2401060
2401333
2401613
2402330
2403151
2403658
2405289
2406867
2407140
2407468
2407667
2408035
2408088
2408394
2410707
2410936
2411622
2412436
2412506
2413041
2413047
2415080
2415633
2415894
2416040
2416473
2417070
2417751
2418255
2419071
2419655
2419793
2419954
2420264
2420543
2422292
2422782
2423032
2423540
2424070
2424760
2427421
2428112
2428126
2428726
2429202
2429216
2429873
2430246
2430536
2431873
2432110
2432259
2432445
2432751
2435254
2435926
2436997
2439875
2440834
2440993
2441108
2441590
2441658
2441795
2441887
2442467
2442728
2443359
2444166
2445720
2446863
2447129
2448165
2449233
2449292
2449998
2450862
2451174
2451477
2451553
2452101
2452927
2453835
2455104
2455159
2455474
2457341
2457351
2457480
2458526
2458562
2458914
2459030
2459841
2460255
2462281
2462792
2462989
2463297
2465014
2465772
2466000
2466679
2467077
2467952
2470057
2470116
2470707
2471216
2471247
2473841
2474049
2474491
2475092
2476746
2476976
2477347
2477585
2477966
2478422
2478610
2478903
2479340
2479755
2481179
2481651
2483852
2484200
2484269
2485287
2485746
2486637
2487023
2488566
2490328
2491048
2491420
2492642
2493330
2494314
2494621
2494927
2495601
2496058
2496131
2497443
2497510
2498079
2498176
2499667
2499704
2499723
2501431
2501633
2503036
2503552
2503607
2504462
2504595
2505648
2505766
2507567
2507750
2507966
2508044
2510183
2510322
2510733
2510886
2511481
2512555
2512839
2514411
2514449
2514501
2516387
2518523
2519471
2521525
2522387
2522544
2523171
2523289
2523289
2524130
2525549
2526250
2527191
2527794
2528330
2528941
2529615
2529704
2530011
2532938
2533711
2535235
2536974
2537036
2537282
2538113
2539284
2540054
2540801
2540986
2542047
2542478
2542639
2543189
2544050
2544153
2544376
2544528
2544627
2546111
2546154
2546251
2547039
2548014
2549092
2549536
2549752
2550216
2550291
2550748
2552231
2552290
2552852
2552893
2553463
2553551
2554119
2554454
2554576
2555473
2555654
2556240
2556559
2556859
2557662
2558226
2558277
2560326
2560442
2561453
2561949
2563371
2566881
2567209
2567378
2567398
2567769
2568008
2568348
2569035
2570272
2572644
2572753
2573290
2574162
2574873
2575432
2576075
2576929
2576945
2577220
2577659
2577865
2578657
2579414
2579745
2580304
2580594
2582028
2584681
2585385
2586067
2586202
2586304
2586323
2586360
2587432
2587533
2587893
2587948
2588288
2589240
2589809
2590861
2592247
2592701
2595003
2595405
2595894
2597540
2597694
2598401
2600053
2600985
2601189
2601378
2603176
2603472
2603545
2606224
2607082
2607868
2607926
2608413
2609073
2609163
2609174
2609309
2610424
2611053
2611693
2612261
2612405
2613157
2613781
2614092
2614322
2614729
2615227
2615557
2615595
2615963
2616545
2617766
2617962
2618327
2618370
2618552
2618792
2620762
2621092
2622129
2622338
2623260
2623350
2624158
2624471
2626618
2626741
2627034
2627250
2627476
2627716
2628031
2629901
2629931
2630541
2630562
2630700
2633561
2633952
2634427
2635182
2636035
2636222
2636401
2636456
2636585
2637092
2637772
2638543
2638546
2639264
2639440
2640702
2641429
2641652
2641779
2641905
2642206
2642548
2643026
2645118
2646507
2647123
2648646
2650744
2650948
2652011
2652347
2652375
2652487
2652783
2653252
2653978
2654325
2655353
2656091
2656949
2657662
2657903
2658050
2659252
2659991
2660790
2661103
2662701
2663874
2663990
2664786
2665857
2666193
2666251
2666454
2667251
2668104
2668912
2668918
2670021
2670041
2670824
2671002
2672629
2673063
2673772
2676581
2677043
2677305
2678901
2678973
2680335
2681589
2682602
2682971
2683863
2684511
2684648
2686040
2686088
2688987
2690283
2691192
2692153
2694332
2696235
2696468
2696740
2697546
2698199
2698583
2698815
2698877
2699311
2699454
2699944
2700915
2701636
2702388
2703742
2704195
2705628
2706462
2707506
2708235
2708358
2708598
2711629
2711666
2711712
2711738
2712449
2712823
2712834
2713346
2714376
2714579
2714871
2715790
2716364
2716497
2718815
2719045
2719466
2720485
2720683
2720780
2721477
2722143
2722444
2723471
2723501
2723799
2724102
2725561
2726734
2727820
2728835
2728895
2728942
2730185
2731281
2731600
2732595
2733455
2733872
2734533
2734910
2735538
2735622
2735927
2735928
2736493
2736750
2737283
2738674
2742352
2743957
2743959
2744160
2744671
2745422
2746330
2748770
2749207
2749347
2749417
2750303
2750444
2751053
2751065
2753527
2754125
2754750
2755103
2755400
2757706
2758556
2758755
2758954
2761628
2762258
2762447
2762513
2762517
2763780
2764361
2764448
2764615
2765133
2765683
2765918
2765969
2766580
2766718
2767368
2767857
2768306
2769119
2769645
2769871
2770378
2770566
2770719
2770749
2770780
2770957
2771070
2771368
2772151
2772726
2772854
2773643
2773748
2773882
2774633
2774738
2775670
2775873
2776612
2777518
2779593
2779920
2780707
2780954
2781600
2782405
2782699
2784089
2785208
2785486
2786307
2787143
2788424
2789433
2792136
2792842
2793199
2795097
2797467
2797583
2797824
2798560
2799094
2799360
2799907
2799974
2802987
2803168
2803367
2803779
2805003
2806671
2807480
2808892
2809413
2809599
2809659
2810275
2810415
2810465
2810651
2810681
2811374
2812834
2813117
2813464
2814149
2815072
2816195
2816230
2816885
2817210
2818085
2819008
2819478
2820865
2820891
2821075
2821355
2821897
2822287
2822460
2822558
2824304
2825644
2826066
2826563
2826770
2827310
2827515
2828768
2829283
2829415
2829726
2830394
2830866
2831012
2831694
2831864
2832328
2832810
2833137
2833165
2833434
2834742
2836171
2836941
2837013
2837410
2837981
2838485
2838592
2839357
2840365
2840696
2840985
2841147
2841164
2841175
2842311
2842891
2844592
2846325
2846528
2847216
2847258
2847614
2848454
2848939
2848954
2849000
2850243
2850556
2850580
2850814
2851856
2852624
2852745
2853150
2853197
2854321
2855447
2855610
2855616
2856037
2857008
2857157
2857521
2857669
2859136
2859400
2859939
2860949
2863330
2863960
2864360
2865743
2867021
2867404
2867951
2868429
2869620
2870693
2870806
2870932
2871907
2873218
2873370
2873870
2875220
2875808
2877132
2877183
2878242
2878340
2880469
2880720
2881074
2882568
2882914
2883332
2884137
2884984
2885984
2887847
2887956
2888222
2888225
2889029
2889885
2890767
2892009
2892212
2892407
2893388
2893834
2895130
2895217
2895532
2897395
2898547
2898855
2898925
2899117
2899126
2899469
2899890
2899997
2900170
2900273
2901345
2901411
2902560
2902635
2902967
2903417
2904228
2904476
2904906
2905904
2906411
2907301
2907417
2907630
2907729
2908788
2909580
2909982
2910846
2911427
2911620
2912488
2912745
2912781
2913765
2913916
2913964
2913973
2914468
2914554
2914999
2915367
2916630
2916737
2918210
2918667
2919000
2919112
2919448
2920924
2921107
2923356
2923680
2924104
2924764
2925739
2926224
2928678
2928763
2928881
2929817
2930534
2930830
2932491
2932860
2933275
2934313
2934945
2935047
2935262
2935552
2936335
2936995
2937537
2937676
2938111
2940207
2940487
2940511
2940836
2941132
2941327
2941678
2941929
2942856
2943344
2944377
2945544
2947490
2948197
2948257
2948395
2948461
2948654
2949235
2949488
2950517
2950723
2950873
2951669
2952505
2952523
2952740
2953491
2953655
2954046
2954241
2955917
2957032
2957569
2957580
2958005
2958340
2958365
2958795
2958827
2959440
2960255
2960545
2960585
2960876
2961130
2961540
2961748
2961753
2964181
2964565
2965034
2965806
2965895
2966172
2966547
2967187
2967901
2969208
2969959
2970041
2970316
2970445
2970946
2971864
2972005
2972082
2973349
2973545
2973553
2974289
2974351
2974979
2975479
2976059
2976161
2977001
2977311
2978193
2978869
2979028
2979189
2979943
2980160
2981332
2981436
2981981
2982324
2982452
2982453
2983136
2983275
2983977
2985377
2985949
2986536
2986754
2987223
2987770
2988094
2988270
2988381
2988594
2989143
2989226
2991258
2992252
2992413
2993253
2994167
2994269
2995195
2995421
2997333
2997895
2999068
2999467
