Количество элементов - 10000, алгоритм сортировки - ShellSort2, случай - Ordinary, время работы - 1
453
516
591
824
1076
1664
1775
2077
2145
2179
2399
2527
2547
2942
3597
3947
4027
4395
4426
4787
5475
5589
5614
6127
6190
6619
7099
7699
7791
7821
8285
8852
10694
11297
11352
11854
11891
12328
12781
12876
13092
13345
13476
13516
14584
14611
14639
14789
15162
15867
15915
16088
16423
16435
16504
16689
16726
16749
17427
17453
17479
18825
19135
19205
19285
20423
20675
20693
20920
20924
21157
21850
22069
22215
22531
22547
22610
22771
22993
23260
25013
25516
26037
26529
26739
26876
26889
27534
27619
27945
27985
28114
28361
28590
28854
29566
29937
31093
31154
31200
31319
31556
31636
31755
31888
31947
32093
32178
32181
32209
32610
32849
32996
33075
33113
33114
33743
34384
34583
34615
34839
35315
35396
35405
35533
36210
36665
36674
36811
37093
37577
37709
37712
37832
37994
38453
38588
38670
38845
39000
39780
39857
41401
41447
41624
41740
41848
42045
42924
43080
43276
44088
44120
44880
45285
45807
46054
46078
46656
47148
47175
47579
47782
48254
48323
49471
49574
49844
50946
51152
51191
51218
51327
51688
51884
52152
52338
52364
52517
52793
52970
53085
53413
53464
53653
54078
54305
54964
55071
55204
55250
55384
55451
55623
55633
55825
55931
55953
56143
56157
56363
56807
57345
57866
59012
59295
59426
60137
60363
60581
60842
61072
61284
61287
61618
61622
61755
62044
62173
62327
62426
62467
62509
62627
62837
63234
63297
63398
63449
64856
65445
65458
65707
66062
66267
66434
66612
66752
67157
67215
67225
67476
67830
68583
68633
68834
69021
69108
69527
69735
70623
70829
71029
71036
71213
71236
72627
73147
73264
73827
73919
74006
74016
74176
74572
74836
75153
75687
75861
76833
77115
77251
77673
78075
78160
78431
78515
78706
78735
78755
79152
79228
80218
80345
80659
80881
81731
81917
82271
82328
82363
82460
82836
82923
83306
83523
83581
83732
83752
84067
84219
84466
84688
84801
84867
86704
87177
87233
87334
87397
87576
87727
87945
88034
88534
88628
88986
89668
90120
90557
90641
90706
90786
91109
91151
91169
91308
91459
91609
92359
93033
93478
93487
93577
94028
94495
95099
95115
95487
95695
95888
96072
96232
96896
96959
97023
97266
97536
98277
98403
99612
100119
100381
101737
101862
101984
101998
102095
102574
103109
103164
103592
103612
103761
104056
104240
104248
104877
104973
105028
105047
105278
106297
107043
107457
107467
107900
108249
108814
109416
109658
109762
109853
109897
110291
111177
111558
112047
112254
112501
112502
112871
113002
113791
114069
114493
114656
114816
114894
114906
114975
115242
115460
115773
115780
115931
115997
116010
116632
116666
117647
117686
117849
118340
119080
119216
119259
119537
119655
119754
119854
119960
119992
120012
120041
120408
120663
120708
121089
121366
121418
121714
122709
122971
123139
123391
123720
123749
124403
124407
124924
125016
125320
125681
125773
125918
125992
126173
126350
127600
127708
127795
128854
128952
129166
129479
130012
130583
130600
130929
130982
131734
132380
132694
132802
133198
133249
133266
133290
133871
134534
134679
135062
135520
135818
135862
135935
136011
136336
136439
136494
137005
137031
137417
137420
138217
138568
139609
140658
140822
141427
141725
141830
142055
142071
142264
143030
143156
143264
143614
143718
143826
143882
143975
144658
145372
145544
145588
146567
146954
147610
147642
147756
148007
148533
148579
148842
149088
149201
149475
149680
150460
151013
151048
151843
151923
151991
152052
153174
154098
154104
154744
155007
155075
155315
156130
156942
157141
158317
158482
158604
158645
158659
158754
159073
159073
159453
159696
159834
159847
160474
160581
161339
161386
161489
162084
162441
163232
163247
163493
163631
164284
164464
164891
164988
165514
165598
165621
165901
166634
166876
166981
167254
167298
167425
167617
167716
167956
168567
169083
169211
170221
170290
170513
170624
170640
170802
171276
171639
171979
173219
173576
174147
174235
174337
175213
175276
176129
176389
177265
178339
178349
178417
178535
179128
179566
180627
180748
180869
180963
181508
182862
183625
184592
185152
185311
185313
185832
186053
186372
186691
186778
186946
187075
187291
187454
188139
188144
188590
189474
190625
190773
191375
191396
191441
192791
192948
193357
193527
193543
194395
194537
194544
194550
194797
195058
195070
195471
196295
196430
196552
196714
197078
197305
197504
198931
199129
199235
199359
199537
199571
199770
200176
200418
200550
200615
200743
200990
201996
202235
202442
202484
202707
202766
202868
203249
204045
204085
204882
205949
206231
206626
206874
207627
207937
208477
208481
208763
208883
209287
209299
209409
209409
209596
210301
210318
210379
210552
210589
211299
211351
211688
211760
212082
212603
212616
212957
213265
213628
213693
214671
214711
214979
215071
215733
215831
216129
216166
216403
216659
216690
216864
217341
217543
217589
219114
219136
219239
219297
219320
219425
220246
221197
221760
222959
223044
224042
224769
224837
224849
224933
225143
225187
225245
225467
225542
225926
226280
226289
226633
227200
227394
227671
227884
228075
228117
228133
228329
228436
229267
230405
230520
230525
231027
231218
231224
231229
231903
232056
232314
232402
232675
232681
232942
233143
233151
233186
233323
233637
233793
233890
234027
234094
234120
234356
234641
234771
235297
235406
235857
236082
236332
237045
237168
237222
237236
237295
237391
237467
238013
238090
238325
238357
238585
239076
239149
239156
239952
240103
240828
241062
241678
242190
242239
242297
242404
242742
243132
243274
243468
243961
244336
244701
244702
244976
246131
246348
246826
247083
247380
247654
248001
248009
248010
248112
248308
248365
248800
248852
248916
249616
249657
249999
250001
250016
250039
250112
250282
250533
250841
250844
251521
251805
252275
252825
253683
254063
254526
255426
255433
255589
256027
256060
256432
256569
257070
257183
257236
257812
257928
258012
258473
258673
259023
259180
259851
260001
260827
260884
261348
261398
261634
261727
261804
262846
263007
263285
264336
264516
265181
265466
265706
265950
266232
266288
266356
267263
267758
267804
268007
268019
268202
269442
269829
270518
270841
271671
271843
272023
272081
272264
272298
272330
272551
272647
272810
273071
273627
273709
273896
273917
274262
274402
275062
275104
276618
276997
277023
277055
277096
277117
277168
277558
277587
277590
277870
277908
278691
278814
278927
279025
279441
280095
280215
280218
280470
280891
280912
280988
281153
281589
282095
282215
282298
282549
282828
282933
283011
283391
283618
284117
285065
285112
285450
285472
285816
285883
285941
286111
286251
286553
286697
287073
287086
287395
287503
288040
288450
288867
289168
289789
290252
290254
290309
290474
290604
290816
290841
291632
292285
292413
292776
292919
293089
293131
293526
293577
293582
293650
293738
294066
294249
295003
295375
295654
295806
295877
295912
295984
296503
296547
296692
297591
298046
298199
298874
299455
299519
299632
299968
300094
300208
300267
300542
300581
300696
300733
301057
301241
301822
301906
302067
302206
302305
303035
303128
303379
303388
303994
304089
304596
304640
304833
305076
305180
306193
306425
306717
306750
306772
306982
307211
307544
307573
308408
308903
309521
310351
310371
310819
311014
311616
312018
312106
312186
312323
312452
312602
313546
314174
314389
314731
315516
316332
316450
316661
316711
316871
316881
316955
317428
317515
317597
317710
317738
317782
318047
318053
318162
318286
319279
319471
319673
319692
319970
320429
320747
320855
321203
321700
321780
322001
322081
322739
323151
323171
323800
324166
324524
325040
325135
326063
326161
326215
326286
326970
327400
327723
327805
327870
328145
328522
328566
328823
329160
329349
329628
329730
329873
330794
331453
331893
332015
332809
333213
333361
333715
334142
334397
334485
334581
335241
335340
335588
335627
335716
336318
336351
337197
337856
338051
338434
338457
338658
339113
339231
339395
339565
339981
340809
340994
341449
341512
341669
341836
342358
342385
343149
343496
344411
344579
344859
345738
345983
347304
347570
347752
348266
348534
348897
348970
349133
349340
349508
350052
350328
350494
351219
351267
351638
351738
351906
352110
352532
353084
353310
353363
353531
353585
354062
354489
354682
355067
355134
355515
355572
356152
356654
356678
357150
357350
357378
357680
358078
358164
358256
358484
358906
358956
359004
359019
359128
359277
359807
359907
359913
360222
360643
360874
361044
361221
361351
361357
361961
362041
362225
362355
362533
362802
362848
362863
362898
363087
363735
364129
364627
364793
364866
364890
365387
365813
366041
366198
366323
366493
366611
366736
367297
367711
368201
368306
368528
368699
369097
369202
369304
369515
369782
370151
370359
370374
370880
370896
371805
372179
372306
372556
372794
372806
373715
373822
373940
374817
374891
375023
375300
376100
376241
376423
376501
376617
376764
376795
376911
376918
377244
377341
377671
377758
378058
378721
379146
379275
379656
379912
379926
380239
380908
380968
381103
381287
381362
382976
383487
383506
383765
384010
384318
384640
384901
385530
385712
385979
386682
386777
387118
387141
387163
387567
387622
388224
388446
389524
389637
389685
390173
390191
390490
390778
391454
391672
391843
392065
392878
393497
393679
393842
394142
394193
394496
395125
395662
395704
395949
396552
396687
397426
397709
398276
398306
398622
399545
399565
400282
400337
400684
400854
401101
401161
401537
401612
401905
402073
402127
402416
402446
402829
403004
404029
404161
404303
405114
405334
407006
407242
407263
407373
407523
407575
407779
407826
409315
409889
410490
410810
411734
411784
411929
411944
411959
412262
412303
412321
412410
412465
412585
413410
413456
413713
413824
413906
414094
414160
414303
415652
415690
415887
416070
416171
416320
416336
416437
416709
416783
417118
417313
417659
417821
418121
418196
418500
418623
418697
418903
419309
419695
419929
420641
420888
420913
421304
422711
423626
423692
424010
424044
424293
424623
424765
424805
424931
425056
425084
425662
425995
426306
426643
427024
427270
428110
428202
428411
428658
429063
429501
429536
429768
429999
430067
430240
430601
430684
430769
430869
431758
431843
432274
432276
432623
433000
433221
433888
433959
434399
434951
435507
435851
436486
436597
437129
438146
438200
438582
439009
439916
439921
440048
440265
440408
440679
441219
441325
441503
441694
441994
443639
443823
444561
445469
445512
445621
445704
445849
445939
446293
446543
446917
447143
447326
447586
447928
448029
448564
448955
449187
449780
449824
450462
450606
450662
451268
451578
451865
452117
452674
452869
453496
453920
454333
454599
454854
455147
455473
455531
456271
456401
456629
456821
457150
457454
457513
457606
457871
458263
458273
458470
458616
459010
459339
460181
460394
460555
460807
460930
461560
461789
461826
462007
462110
462227
462270
462319
462462
462633
463013
463177
463407
464019
464323
464670
464756
464971
465157
465279
465532
465545
465750
466376
468063
468382
469545
469706
470021
471169
471332
472240
472699
472828
472835
472986
473025
473067
473715
473990
474092
474258
474261
474375
474456
474592
474784
474920
475775
476714
477199
477208
477293
478014
478235
478658
479343
479440
479599
479715
480192
481560
482084
482162
483676
483813
484065
484208
484322
484546
484547
484657
484855
484952
484970
485902
486483
486507
487293
487450
487697
487732
487868
488190
489131
489454
489714
489741
491354
491586
491819
492449
492636
493192
493599
494101
494297
495596
496401
496682
496826
497174
497947
499026
499123
499185
499443
499542
499644
499754
500741
500746
500959
501078
501644
502707
503416
503799
504041
504525
504652
505163
505204
505413
505756
506470
506764
507342
507467
507493
507795
507851
508191
508369
508659
508728
508955
510013
510374
510453
510649
510666
510863
510907
512098
512210
512356
512902
513437
514068
514531
514556
514861
514901
515225
515628
515951
516058
516528
516933
517031
517265
517352
518284
518948
519516
519657
519900
520126
520436
520762
520980
521361
521405
521668
521747
522074
522248
522311
522350
522483
522695
522857
523455
523493
523819
524363
524628
524995
525341
525425
525920
526009
526150
526236
526536
526981
527277
527349
527474
527527
527629
528074
528778
528973
529418
529918
530118
530176
530441
531325
531365
531400
531551
531636
532639
532690
532737
533109
533235
533591
533637
533936
533966
534322
534578
534994
535889
536282
536590
536621
536726
536757
537888
538228
538434
539013
539049
539147
539549
539627
539636
539781
539970
540186
540363
541060
541735
541828
542017
542108
542645
542656
543035
543258
543290
543558
543745
544043
544191
544231
544339
544392
544667
544857
544875
545179
545293
545682
545718
546260
546715
547033
547146
547244
547924
548017
548649
548799
549074
549687
549763
549930
549988
551358
551646
551682
551827
552260
552538
552739
552904
553561
553623
554531
554568
554570
555854
555951
556176
556925
557263
558040
558300
558373
559507
559901
560321
560522
560927
560990
561479
562574
562603
562655
562863
563303
563996
564148
565194
565254
565546
565683
566168
566844
566927
567143
567177
567533
567783
567794
568433
568538
568782
568819
569460
569578
569622
569734
571798
571975
572182
572673
572784
572986
573534
573799
573870
574072
574199
574350
574424
574677
574922
575557
576044
576132
576408
576462
576543
577028
577264
577717
577918
578250
578623
578874
578916
578926
578966
579643
579741
580009
580255
580413
580544
580548
580565
581455
582601
582638
582804
582921
583105
583202
583493
584591
584752
584815
585148
585360
585468
585882
586192
586346
586918
586933
587202
587278
587422
587556
587723
587867
588169
588524
588638
589167
589202
589398
589937
589992
590008
590058
591060
591857
592260
592368
592622
592922
593275
593841
593866
594190
594386
594693
594917
595461
595537
596043
596244
596340
596351
596433
596843
597063
597398
597617
597893
598347
598374
598928
598943
599788
599837
599943
600098
600199
600709
600919
600963
601040
601122
601688
602143
602824
603206
603480
604626
604626
604683
605135
605366
605497
605702
605954
606015
606393
606835
607147
607261
607524
608391
608712
608851
609099
609108
609171
609301
609373
609686
610708
610914
611223
611456
612078
612247
612390
612611
613143
613736
614334
614413
614858
614954
615808
615865
616099
616250
616986
617683
617956
619335
619644
620028
620331
620680
620988
621319
621446
622019
622218
622368
623027
623061
623419
624861
624973
625659
626248
626598
626983
627473
627998
628022
628116
628397
628488
628534
629156
629250
629322
629484
630050
630695
630800
630896
630918
631197
631768
631787
631923
632199
632262
632358
632535
632640
632656
632710
632780
632826
632935
633524
633769
634030
634760
634917
635149
635689
636679
637216
637496
637557
637565
637816
637882
638551
638613
638962
639386
640154
640247
640562
640909
640973
641472
641574
641810
641854
642301
642605
643362
643721
643996
644701
645124
645258
645539
645810
646242
647191
647496
647636
647702
647938
648484
649813
650453
650984
651098
651602
652591
652930
653142
653524
653633
653938
654212
654581
655044
655080
655387
655541
655845
655864
656382
656737
657024
658270
659897
660208
660544
661490
661780
662074
662222
662411
662556
662612
662858
662984
663239
663305
663920
664856
664865
665170
667325
667439
667523
668614
668875
668891
669057
670180
670767
671944
672136
672587
672886
673182
673511
673836
674069
674110
674715
674771
675657
675994
676245
676397
677519
677714
677848
677886
678850
679061
679112
679142
679944
679962
680991
681099
681490
681924
682149
682362
682629
682944
683389
683390
683551
683863
684159
685073
685121
685215
685331
685403
685680
686032
686353
686501
686940
687186
687366
688232
688500
688846
689601
689676
689785
690007
690123
690373
690401
690535
690645
690878
691575
691814
691847
691868
692071
692259
692529
692781
692816
693207
693561
694007
694237
694302
694351
694460
694620
694815
694859
694997
695244
695862
696212
696247
696294
696298
696680
696747
696866
697521
697644
698534
701341
701460
701497
701574
701597
701717
702696
703609
703756
704379
704513
704722
704751
705401
705917
705979
706513
706666
707236
707290
707367
707566
707653
707878
707908
708040
708275
708303
708343
708386
708897
709144
709160
709434
710062
710072
710567
710658
710866
711487
711568
711653
712012
712164
712313
712542
712626
712849
713166
713523
713705
713769
713906
713915
714174
714232
714244
714411
714843
715237
715517
716088
716465
716544
716972
717053
717525
717567
718175
718258
718926
719451
719608
719827
720029
720041
720184
720566
720777
720872
721583
721983
722253
724755
724796
725325
725523
726134
726394
726735
727467
727805
727950
728117
728960
729754
729800
730473
730981
731028
731293
731618
731687
732485
733050
733132
733811
733839
734056
734101
734432
734845
734978
735033
735511
735645
735682
736151
736987
737097
737146
737551
737821
738070
738141
740533
740943
740985
741556
741733
742116
742237
742288
742589
742638
742953
742972
742985
743506
743549
743646
744652
744856
745795
745850
745965
746086
746184
746336
746438
746514
746729
747134
747719
747754
748002
748007
748881
749056
749121
749354
749374
749498
749561
749568
749752
749796
751346
751403
751411
751625
751662
751929
752503
752622
752861
753083
753375
753560
753592
753772
754053
754077
754334
754771
754852
755106
755312
755498
755572
756187
756424
756456
757112
757242
757962
758329
758852
758915
759011
759393
759464
759502
759891
759907
760688
761301
761764
761786
762470
762514
762951
763706
763852
763929
764621
765264
765398
766050
766216
766644
766727
768173
768562
768738
769136
769158
769652
769746
769755
770541
770932
771048
771203
771297
771347
771382
771450
771503
771729
772083
772172
772679
772847
773308
773588
773778
774240
774416
774920
775680
775692
776173
776516
776530
776809
776909
777545
778133
778601
779039
779234
779639
779948
780237
780279
780476
780669
781498
781545
781579
781683
781959
782076
782144
782169
782484
782626
782793
782881
782996
783049
783543
784923
785255
785720
785932
785969
787184
787208
787366
787864
787933
787980
788144
788212
788352
788539
789849
789887
790674
790772
790862
791638
791654
791681
791997
792070
792151
792404
792791
793298
793466
793644
794206
794352
794789
795452
795904
796486
796737
796917
797512
797774
797957
797995
798539
798727
798744
798890
799316
799503
799746
800249
800904
801396
801420
801716
801722
801846
802968
803265
803596
803708
803843
803908
804159
804178
804179
804323
804909
805029
805129
805831
805901
806028
806284
806832
806857
807141
807221
807612
808587
808660
808918
809390
809393
809425
809791
810409
810482
810569
810779
811008
811035
811094
811278
811484
811704
811717
811796
812026
812045
812259
812663
813096
814372
814433
814490
814519
815138
815772
816503
816573
817024
817376
817531
817657
818350
818374
818455
818979
819172
819312
819765
819859
820414
820633
821654
821737
821899
822145
822496
822583
822717
822803
823879
823965
824198
824931
825700
826273
826405
826504
826856
827009
827506
828207
828552
828604
828934
829003
829414
829657
829657
830346
830927
831092
831703
832035
832840
832878
833145
833172
833570
833741
833852
833893
834497
834985
835648
835928
836068
836633
837390
837515
838289
838535
838758
839145
839358
839378
839379
839660
839746
839886
840419
840718
841184
841302
841796
841998
842068
842173
842322
842811
843415
843612
843762
843900
843962
844210
844639
844709
844797
844902
845266
845292
845664
845832
845875
845886
845943
846294
846500
846751
847346
847948
847955
848148
848435
849012
849113
850545
852317
852403
852961
853587
853602
853967
853986
854821
855462
855674
855761
856453
856482
856515
856690
856794
856908
856982
857163
857606
857643
857734
857891
858142
859191
859291
859680
859943
860240
860289
860953
861451
861520
861698
861708
861997
862062
862523
862562
863099
863465
863695
863847
864260
865222
865241
865291
866020
866322
866792
867619
867694
868272
868605
869165
869189
869444
869616
869762
869910
870265
870781
871031
871559
871616
871678
871796
872820
872877
873056
873282
873407
873920
874754
874903
875687
876619
876960
877262
877377
877457
877954
878127
878480
878495
878686
879028
879050
879215
879269
879743
880364
880380
880596
880764
880868
881051
881398
881871
881951
882169
882403
882960
883099
883190
883296
883826
883975
884364
884486
884518
884618
884941
885076
885637
885782
885817
886066
886069
886092
886120
886145
886546
886646
886686
886861
887047
887051
887853
887880
888265
888841
888921
889443
889621
889687
890064
890451
890552
890643
890794
891043
891245
892326
892376
892672
892787
893461
893821
894105
894107
894166
894283
895979
896050
896060
896192
896341
896625
896848
896897
896971
896983
897228
897303
897682
897817
899019
899449
899463
899761
900039
900045
900074
900241
900545
901052
901119
901120
901699
901938
901957
902184
902637
902805
902877
902914
903269
903902
904103
904467
904482
904504
904514
904775
904858
905008
905322
906255
906376
906578
907059
907507
907995
908254
908384
908469
908788
908814
909868
910344
910394
910545
910788
911042
911057
911184
911404
911940
911973
912775
912853
912858
912905
913077
913591
913745
913775
913893
914379
914686
914790
915195
915897
916392
916877
917001
917113
917303
918889
919526
919884
920104
920286
920376
920609
920893
921205
921895
922247
922325
922697
923418
923865
924491
924743
925103
925367
925745
926360
926361
926801
926872
927590
927908
928986
929753
929766
930093
930154
930555
930659
930797
930881
930896
931895
932301
932305
934207
934307
935374
935606
935882
936157
936375
936575
936603
936628
936909
937253
937506
937789
937873
938379
938770
938804
938908
938923
939470
939688
940683
940843
940932
941192
941312
941567
941657
941710
942029
943329
943378
943445
944070
944077
944931
945638
945706
945780
946671
946681
946724
946841
947226
947654
947759
948152
948156
948216
948962
949419
949612
949706
949717
949755
949827
949858
950026
950046
950117
950172
950329
950694
951240
951408
951983
952445
952705
952726
953386
953455
953685
953968
954018
955466
955605
955627
955904
956281
956333
956582
956829
957387
957473
957520
957567
958044
958414
958562
958870
959022
959058
959074
959338
959486
960162
960279
960389
960687
960924
961245
961365
962035
962145
962430
962455
962493
963012
963106
964071
964964
965065
965079
965255
965362
965649
965686
966267
966443
966711
966759
966812
966818
967247
967366
967810
967863
967890
968162
968811
968828
969312
969495
970064
970344
970637
970932
971227
971872
971874
972342
972471
972612
973038
973372
973394
973476
973490
973637
975062
975823
976017
976045
976171
976245
976317
976945
977016
977127
977262
978033
978568
978626
979402
979443
979465
979614
979800
980053
980796
981313
982260
982390
982520
982537
982577
983849
983899
984708
984797
985600
985737
985753
985794
986153
986267
986541
986774
986916
988014
988357
988360
988667
988690
988810
988894
988938
988980
989135
989205
989342
989632
990090
990379
990611
991524
992095
992766
993212
993217
993602
994096
994148
994184
994304
994669
994694
994843
994883
994984
995605
995905
996049
996369
996643
996696
996697
996750
996834
997224
997398
997632
997811
999948
1000199
1000339
1000383
1000405
1000543
1000552
1001325
1001428
1001511
1001925
1002073
1002278
1002302
1002315
1002548
1002563
1003571
1003636
1003851
1003915
1004146
1004551
1004603
1004686
1004813
1005173
1006067
1006205
1006305
1006838
1006920
1007107
1007114
1007267
1007405
1007423
1007999
1008074
1008465
1008553
1009198
1010017
1010070
1010147
1010589
1010913
1011018
1011077
1011155
1011186
1011570
1012245
1012559
1012849
1013184
1014106
1014319
1014469
1014777
1015063
1015441
1015665
1016387
1016558
1016589
1016674
1017404
1017538
1017705
1018314
1018395
1018780
1019276
1019903
1019979
1020031
1020102
1020216
1020772
1021175
1021366
1021627
1021963
1022117
1022516
1022567
1022631
1022692
1022696
1023120
1023185
1023460
1023760
1024305
1024969
1025025
1025739
1026365
1026411
1026597
1026645
1026681
1027495
1027548
1028400
1028604
1028667
1028917
1029013
1029145
1029328
1029363
1030253
1030285
1030389
1030813
1031063
1031131
1031244
1031343
1031983
1032801
1033333
1033401
1033560
1033623
1034188
1034612
1034698
1035065
1035459
1036335
1036436
1036874
1038234
1038440
1038598
1038629
1038971
1040035
1040036
1040119
1040464
1040509
1040922
1041006
1041099
1041121
1041593
1041881
1041899
1041980
1042641
1042937
1043265
1043336
1043395
1043566
1043584
1044287
1044918
1045123
1045123
1045228
1045377
1045838
1046365
1046521
1046649
1047350
1048083
1048099
1048383
1048417
1048653
1048723
1048854
1049153
1050004
1050092
1051357
1052987
1053191
1053519
1053640
1053783
1053978
1053981
1054782
1055229
1055308
1056078
1056290
1056302
1056755
1057059
1057234
1057562
1057871
1058311
1058395
1058684
1059003
1059172
1059324
1059765
1060147
1060844
1062360
1062726
1062931
1063185
1063291
1063479
1063685
1063687
1064019
1064045
1064092
1064253
1064411
1064755
1064817
1064893
1065076
1065149
1065666
1065700
1065917
1065968
1066013
1066051
1066079
1066266
1067066
1067199
1067344
1068050
1068099
1068121
1068126
1068507
1068878
1068909
1069093
1069094
1069102
1069514
1069546
1069816
1071431
1071517
1071745
1071926
1072392
1072773
1073093
1073303
1073559
1073735
1073776
1073874
1074046
1074075
1074237
1075115
1075507
1075568
1075765
1075776
1075847
1076081
1076088
1076647
1076754
1076829
1076884
1076913
1077699
1078120
1078503
1078922
1079250
1079337
1079633
1079717
1080141
1080183
1080206
1080627
1080754
1080948
1081059
1082023
1082146
1082920
1083222
1083340
1083635
1083790
1083912
1083939
1084061
1084201
1085014
1085073
1085630
1086062
1087676
1088219
1088486
1088819
1089263
1090001
1090030
1090150
1090400
1090541
1090603
1091193
1092012
1092292
1093813
1093845
1093951
1094161
1094731
1095085
1095525
1095692
1096287
1096586
1097040
1097176
1097777
1098322
1098385
1098516
1098821
1098947
1099081
1099694
1099721
1099945
1100232
1100412
1100939
1101076
1102083
1102175
1102525
1102709
1102763
1102838
1103108
1103994
1104781
1105364
1105575
1106430
1106955
1107105
1107210
1107251
1107400
1107527
1107548
1107730
1108042
1108405
1109027
1109120
1110011
1110306
1110378
1110850
1111219
1111490
1112826
1112909
1113002
1113186
1113704
1114595
1114755
1114789
1114859
1115198
1115407
1115568
1115952
1116815
1116945
1117236
1117246
1117783
1117846
1117867
1117895
1118365
1118490
1119170
1119294
1119436
1119693
1119843
1119934
1120340
1120406
1120609
1121733
1121784
1122380
1122499
1122585
1123083
1123380
1123417
1123909
1124030
1124131
1124272
1124764
1124869
1125754
1126090
1126155
1126754
1126985
1127922
1128145
1128307
1128343
1128609
1128781
1128840
1128903
1128993
1129478
1129546
1130136
1130236
1130294
1130426
1130580
1132178
1132222
1132291
1132390
1132701
1133224
1133928
1134281
1134316
1134341
1134424
1134803
1135176
1135317
1135369
1135647
1135738
1135815
1136029
1136062
1136226
1136442
1136636
1136777
1137085
1137585
1138202
1138480
1138720
1139283
1139613
1139869
1139883
1139903
1140064
1140297
1140708
1140865
1141055
1141181
1141457
1141492
1142289
1142569
1142639
1143048
1143630
1143644
1143957
1144116
1144406
1144461
1145375
1146257
1146379
1147324
1147519
1147576
1148247
1148275
1148322
1148829
1149249
1149287
1149361
1149615
1149739
1149786
1150057
1151573
1151721
1152264
1152893
1153035
1153623
1153684
1154298
1154700
1154762
1154830
1154943
1154958
1154968
1155106
1155131
1155278
1155295
1155463
1155589
1156021
1156174
1156227
1156397
1156667
1157110
1157249
1157656
1157712
1157870
1158662
1158992
1159081
1159334
1160472
1160679
1161296
1161799
1161936
1162027
1162182
1162250
1162394
1162526
1162571
1163131
1163477
1163570
1163777
1164053
1164247
1164756
1164914
1165695
1165902
1165934
1166162
1166181
1166370
1166866
1168219
1168509
1168540
1168543
1168597
1168728
1169143
1170509
1170522
1170661
1170714
1170893
1171068
1171316
1171322
1171438
1171459
1171492
1171511
1171957
1172064
1172140
1172273
1172701
1173313
1174110
1174264
1174307
1174417
1174464
1174873
1175257
1175272
1175427
1175648
1175659
1176142
1176427
1177097
1177480
1177527
1177658
1178484
1178530
1178989
1179034
1179077
1179333
1179380
1179415
1180470
1180494
1180957
1181158
1181273
1182435
1182664
1182738
1183787
1183845
1185158
1185196
1185499
1185672
1185927
1185963
1185993
1186051
1186878
1186974
1187026
1187456
1187596
1188179
1188287
1188562
1188787
1188882
1189119
1189232
1189580
1189783
1191615
1191621
1191665
1192364
1192411
1192516
1192814
1192992
1193023
1193533
1194163
1194248
1195226
1195248
1196244
1196470
1197862
1198049
1198093
1198508
1198707
1198745
1198800
1198838
1199041
1199265
1199494
1200223
1200289
1200303
1200396
1200435
1200613
1200667
1200747
1200980
1201116
1201793
1201947
1201963
1202229
1202230
1202502
1203011
1204088
1204417
1205016
1205544
1206048
1206208
1206860
1206938
1206962
1207486
1207707
1207755
1207956
1208530
1208603
1208806
1209039
1209281
1209544
1209609
1209780
1209880
1210116
1210944
1210982
1211404
1211672
1212196
1212293
1212715
1212785
1212968
1213054
1213612
1213771
1214092
1215205
1215351
1215873
1216379
1217160
1217639
1217889
1218114
1218198
1218319
1219167
1219640
1219694
1219804
1220359
1220693
1220909
1221302
1221500
1221528
1221784
1221810
1222253
1222994
1223181
1223206
1223281
1223496
1223658
1223970
1224167
1224259
1224338
1224632
1224846
1225614
1225998
1226165
1226214
1226530
1226944
1227341
1227681
1228777
1229155
1229579
1230300
1230358
1230789
1231021
1232068
1232526
1232914
1233341
1233359
1233510
1233588
1234132
1235044
1235177
1235376
1235393
1235579
1235634
1236074
1236193
1236244
1236462
1236651
1236758
1237418
1237431
1238101
1238264
1238350
1238619
1240221
1241208
1241477
1241913
1242107
1242348
1242691
1242793
1242968
1243918
1243927
1244044
1244355
1244563
1244608
1244691
1244802
1244863
1245203
1246167
1246647
1246803
1247342
1247642
1247679
1247695
1247851
1247911
1248261
1248382
1248506
1249061
1249118
1249635
1249885
1250078
1250081
1250179
1250567
1250609
1250709
1250728
1251029
1251206
1251442
1251736
1251924
1251940
1252062
1252367
1252426
1252568
1253004
1253067
1253157
1253311
1253513
1253661
1253686
1253919
1254339
1254527
1254534
1255032
1255085
1255551
1256074
1256168
1256192
1256346
1256529
1256625
1256634
1257441
1257882
1259609
1260487
1260542
1260672
1261461
1262254
1262380
1262661
1262816
1262936
1263409
1263496
1263705
1264538
1264612
1264695
1265179
1265347
1266134
1267445
1267606
1267766
1268068
1268094
1268126
1268376
1268537
1269061
1269506
1270294
1270381
1270657
1270738
1271126
1271230
1271261
1271416
1271430
1271725
1272798
1272845
1272918
1273319
1273638
1273770
1273937
1274419
1275027
1275286
1276189
1276544
1277031
1277175
1277399
1278611
1279102
1279200
1280493
1280586
1281223
1281411
1281521
1281556
1281574
1281622
1281906
1281908
1281991
1282270
1282669
1283793
1284184
1284399
1284742
1284832
1284994
1285808
1285850
1286672
1287079
1287302
1287443
1287534
1287582
1287611
1288783
1288904
1289209
1289574
1289654
1290574
1290588
1291440
1291532
1291772
1291781
1291783
1291855
1291908
1291981
1292163
1292208
1292428
1292915
1293037
1293124
1293161
1293248
1293888
1294052
1294188
1294348
1294489
1294871
1295444
1296799
1296805
1297165
1297295
1297482
1297726
1298405
1298421
1298536
1298690
1298783
1299288
1299829
1299905
1300302
1300576
1300706
1300962
1300966
1301200
1301381
1301698
1301887
1301998
1302689
1302857
1303446
1303454
1303586
1304739
1304769
1304850
1306175
1306328
1306391
1306520
1306700
1306738
1307028
1307264
1307386
1307670
1308646
1309486
1309922
1310961
1310969
1312048
1312408
1312722
1312784
1313444
1314029
1314149
1314308
1315478
1315528
1315822
1316102
1316330
1316920
1317617
1318491
1318545
1318589
1318740
1318793
1319142
1319210
1319739
1319826
1320016
1320290
1321211
1321503
1321696
1322100
1322391
1322438
1322515
1322639
1323330
1323427
1323893
1324188
1324531
1325084
1325178
1325537
1325561
1325650
1326248
1327096
1327390
1327592
1327639
1327802
1327928
1328175
1329764
1330292
1330718
1331225
1331387
1331603
1331629
1332488
1333416
1333441
1333496
1333621
1333675
1333906
1334450
1334911
1334981
1335218
1335759
1336095
1337285
1337296
1337579
1337580
1337633
1337718
1338010
1338035
1338402
1338690
1338768
1339055
1339206
1339249
1339542
1339692
1341373
1342071
1342148
1342222
1342353
1342449
1343335
1343528
1344066
1344191
1344496
1344811
1344949
1344980
1345275
1345302
1345355
1345387
1345689
1346060
1346195
1346287
1346606
1347046
1347553
1347597
1347611
1347626
1347650
1347651
1347762
1348057
1348062
1348159
1348285
1348776
1348969
1349733
1349932
1350101
1350479
1351870
1352100
1352778
1353121
1353294
1353324
1353851
1353939
1354142
1354697
1354704
1355435
1355759
1355898
1355901
1355916
1356636
1357561
1358076
1358137
1358308
1358645
1359156
1359158
1359673
1359821
1360110
1360140
1360310
1360596
1360596
1360846
1361851
1362033
1362313
1362393
1362481
1362983
1363028
1363114
1364081
1364147
1364289
1364613
1364654
1364875
1364967
1365062
1365846
1366374
1367110
1367134
1367201
1367400
1367694
1367875
1368641
1369661
1370339
1370467
1370724
1370795
1371448
1371510
1371729
1371935
1372053
1372072
1372225
1372644
1372866
1373091
1373173
1373441
1373534
1373673
1374541
1374631
1374674
1375223
1375679
1375916
1376122
1376188
1376335
1376469
1376640
1376731
1376839
1377419
1377557
1377700
1377703
1377865
1378195
1378211
1378287
1378531
1378795
1379202
1379656
1379761
1380434
1380727
1381282
1381747
1381925
1381975
1383463
1384321
1384340
1384813
1385030
1385097
1385473
1385661
1385875
1385927
1386173
1386305
1386325
1387465
1387497
1387538
1388174
1388486
1388762
1388980
1389519
1389787
1389837
1390144
1390303
1390437
1390585
1390898
1391077
1391312
1391490
1391830
1392153
1392459
1392506
1392745
1393508
1393543
1394134
1394403
1394479
1394538
1394884
1394911
1395133
1395238
1395482
1395841
1395852
1396845
1397935
1397984
1398432
1399060
1400247
1400882
1400931
1401714
1402056
1402455
1402637
1403156
1403546
1403998
1404229
1404535
1404588
1404622
1406084
1406975
1407037
1407047
1407199
1407366
1407592
1407974
1408020
1408652
1408824
1408862
1409556
1409812
1409891
1409912
1410130
1410153
1410334
1410358
1410595
1410873
1410983
1411389
1411487
1411499
1412316
1412688
1412737
1412841
1412996
1413307
1413371
1413478
1413709
1414021
1414079
1414584
1415110
1415185
1415539
1415933
1416482
1417030
1417126
1417306
1417373
1417385
1418088
1418486
1418620
1418743
1419234
1420939
1421027
1422212
1422290
1423463
1424497
1425541
1425745
1426369
1426559
1426969
1427535
1427886
1428561
1428803
1428884
1429129
1429133
1429350
1429928
1430361
1430746
1430834
1431067
1431105
1431245
1431678
1432378
1432688
1432732
1432868
1432884
1433082
1434123
1434195
1434268
1434299
1434496
1434511
1434709
1435260
1435375
1435391
1435901
1436088
1436906
1436919
1437012
1437436
1437558
1437667
1438310
1438539
1439131
1439704
1440382
1441398
1441608
1441700
1441713
1441954
1441994
1442003
1442059
1442163
1442445
1442639
1443001
1443645
1444743
1444797
1444961
1445606
1445655
1446256
1446258
1446287
1446772
1447287
1447797
1448445
1448534
1448633
1448654
1448844
1448933
1449387
1450196
1450513
1450551
1451114
1451323
1451439
1451555
1451631
1451653
1451683
1451957
1452259
1452266
1452548
1452656
1452781
1452901
1453570
1453998
1454145
1454651
1454684
1455087
1455395
1455512
1455806
1456071
1456479
1456916
1457037
1457106
1457223
1457600
1458396
1458414
1458416
1458494
1458696
1459362
1460685
1460706
1460953
1461579
1461732
1462082
1462402
1462929
1463132
1463152
1464034
1464815
1465006
1465641
1465770
1465801
1466275
1466301
1466342
1466740
1467444
1467956
1468622
1468753
1469040
1469077
1469113
1470158
1470317
1471414
1471445
1471612
1471641
1471965
1471984
1473106
1473112
1473200
1473213
1473491
1473861
1474079
1474133
1474411
1474646
1474697
1475991
1476112
1477333
1477869
1477903
1478101
1478111
1478262
1478496
1478642
1478648
1479112
1480235
1480290
1480312
1480470
1480640
1480822
1481068
1481943
1482401
1483482
1484207
1484309
1484514
1485050
1485958
1486217
1486221
1487349
1487626
1487985
1488240
1488285
1488351
1488441
1488711
1488869
1489078
1489295
1489477
1489767
1489956
1490320
1490392
1490552
1490715
1490754
1490837
1492984
1493313
1493735
1494558
1494578
1494627
1495006
1495213
1495872
1496150
1496480
1496711
1496840
1497213
1497217
1497708
1497990
1498123
1498877
1499164
1499796
1500959
1500974
1501047
1501209
1501370
1501963
1502387
1502587
1502756
1502896
1502926
1503118
1503178
1503252
1503272
1503611
1503873
1504085
1504256
1504567
1504682
1505061
1505073
1505092
1505969
1506080
1506235
1506263
1506461
1506675
1506709
1506713
1506847
1507149
1507437
1507513
1507637
1507832
1507838
1508091
1508230
1508651
1508778
1508835
1509435
1509458
1509798
1509973
1510206
1510479
1510757
1511018
1511108
1511221
1511605
1511983
1512032
1512121
1512173
1512367
1512883
1512988
1513023
1513460
1513696
1513722
1514384
1514481
1514988
1515045
1515186
1515828
1516601
1516689
1517002
1517592
1517593
1517795
1518347
1518443
1518610
1518781
1518958
1519248
1519262
1519279
1519632
1520180
1520433
1520582
1520668
1520802
1521823
1521951
1521969
1522840
1523010
1524249
1524538
1524652
1524670
1524926
1524940
1524960
1525233
1525763
1525777
1525863
1525952
1526271
1526670
1527154
1527307
1527993
1528451
1529731
1529838
1530020
1530106
1530653
1531122
1531135
1531279
1531455
1531537
1531565
1531588
1532025
1532097
1532258
1532311
1532812
1532819
1533446
1533483
1533798
1534088
1534800
1535252
1535582
1535788
1536073
1536127
1536491
1536946
1537033
1537126
1537171
1537191
1537198
1537459
1537860
1537936
1538404
1538574
1538608
1538615
1538693
1539160
1539468
1539523
1539565
1540226
1540377
1540419
1540949
1541165
1541244
1541479
1541519
1541772
1541776
1541856
1542868
1542920
1543421
1543769
1544637
1545441
1545620
1545651
1545699
1546347
1546467
1546486
1546578
1546911
1547388
1547501
1547686
1548156
1548265
1548268
1548550
1548695
1549287
1549399
1549627
1549990
1550047
1550060
1550181
1550908
1551147
1551188
1551417
1551663
1551950
1552485
1552777
1553121
1553238
1553573
1554048
1554128
1554438
1554487
1554563
1554576
1555227
1555289
1555400
1555625
1555788
1555853
1555962
1555965
1556036
1556305
1556631
1556841
1557217
1557287
1557287
1557819
1558531
1559021
1559719
1559857
1559983
1561107
1561310
1562472
1562709
1562806
1562892
1563724
1563806
1563912
1564164
1564797
1565000
1565168
1565689
1566642
1566770
1569464
1569724
1569788
1569970
1570303
1570322
1570669
1570847
1570876
1571033
1571122
1571233
1571935
1572820
1573373
1573943
1574211
1574757
1574773
1575023
1575041
1575055
1575094
1575420
1575467
1575592
1575616
1575654
1576026
1576107
1576147
1576271
1576836
1576889
1577234
1577269
1577292
1578694
1579630
1580049
1580138
1580607
1581649
1581794
1582310
1582380
1582439
1582924
1583019
1583053
1583451
1583462
1583781
1585782
1585820
1585930
1586241
1586325
1586573
1586679
1586801
1586915
1587060
1587301
1587372
1587520
1587531
1587604
1587756
1588055
1588254
1588455
1588603
1588629
1588824
1589032
1589092
1589208
1589287
1589868
1589901
1590516
1591511
1591741
1591811
1591973
1592074
1592227
1592404
1593686
1595064
1595262
1595699
1595730
1596022
1596384
1596494
1596733
1597003
1597157
1597236
1597533
1597541
1597590
1598050
1598136
1598202
1598251
1598448
1598745
1598993
1599535
1599689
1599996
1600090
1600364
1600579
1600811
1601544
1601561
1602168
1603272
1603365
1603595
1603715
1603846
1604436
1604855
1605027
1605167
1605939
1606487
1607368
1607433
1607527
1608186
1608222
1608248
1608321
1609110
1609365
1609473
1609805
1609823
1611172
1611564
1611627
1611736
1611743
1612490
1612691
1612741
1612768
1613169
1613310
1613787
1613810
1614891
1615242
1615523
1615613
1615745
1615982
1616167
1616578
1616764
1616811
1616840
1616921
1616971
1617445
1617818
1617872
1617876
1617881
1617940
1617993
1618726
1618916
1619594
1619615
1619858
1620082
1620254
1620668
1620955
1621701
1621754
1621924
1622021
1622605
1624031
1624349
1624702
1624756
1624823
1625847
1626048
1626150
1626260
1626723
1627110
1627942
1628403
1628609
1628696
1628963
1629070
1629928
1630418
1630425
1630807
1631061
1631218
1631504
1631594
1631895
1632009
1632213
1632491
1632769
1634253
1634521
1634864
1635256
1635353
1635443
1635493
1635863
1636400
1636502
1637146
1638344
1638993
1639116
1639389
1639872
1639881
1640143
1640701
1641274
1641281
1641794
1641801
1642165
1642331
1642699
1642983
1643130
1643523
1643785
1645091
1645124
1645402
1646293
1646562
1646585
1646607
1646636
1646878
1646934
1647128
1647337
1647415
1647486
1648221
1648347
1648661
1648702
1648731
1649082
1649148
1649232
1649316
1649620
1649836
1650619
1650902
1651150
1651576
1651577
1651863
1652302
1652720
1652733
1652764
1652870
1653096
1653689
1653710
1654143
1654661
1654722
1655087
1655461
1655699
1655730
1656003
1656359
1657184
1657545
1657591
1657819
1659020
1659283
1659438
1660009
1661044
1661116
1661334
1661383
1661842
1662128
1662432
1662821
1662899
1663026
1663755
1663859
1664225
1665107
1665738
1666015
1666220
1666241
1666369
1666537
1666664
1667268
1667505
1667730
1667826
1668222
1668500
1668608
1668981
1669146
1669918
1670445
1670545
1670561
1670929
1670977
1671083
1671179
1671685
1671744
1671817
1672094
1672356
1672828
1673251
1673931
1674594
1674704
1674906
1676057
1676089
1676831
1677096
1677183
1677738
1677848
1678294
1678334
1678379
1678546
1678603
1678956
1679509
1679896
1680613
1680704
1680755
1680871
1681573
1681757
1682150
1682386
1682606
1683030
1683290
1683498
1683511
1683804
1684082
1684121
1684265
1684507
1684619
1684631
1684799
1684825
1685025
1685170
1685406
1685560
1685586
1685885
1686182
1686235
1686269
1686739
1687021
1687870
1688170
1688227
1688543
1689968
1690178
1690342
1691279
1691476
1691879
1692104
1692250
1692330
1692357
1692825
1692928
1693236
1693283
1694045
1694194
1694275
1694770
1694817
1694988
1695025
1695403
1695720
1695897
1695995
1696233
1697332
1697580
1697949
1697993
1698074
1698254
1698824
1698987
1699429
1699661
1700067
1700183
1700420
1700590
1700819
1701315
1701363
1702243
1702511
1702623
1702829
1702925
1702941
1703559
1703593
1703937
1704272
1705058
1705166
1705301
1705349
1705514
1705568
1706168
1706261
1706630
1706768
1707065
1707202
1707345
1707421
1707466
1707750
1707848
1708079
1708463
1708602
1708644
1708996
1708998
1709388
1709440
1709657
1709909
1710264
1710356
1710837
1711152
1711259
1711288
1711331
1711466
1711695
1712335
1713139
1713780
1714059
1714134
1714205
1714574
1714906
1715007
1715119
1715141
1715332
1715808
1715863
1715938
1716182
1716281
1716337
1716342
1716530
1717639
1717737
1718334
1718753
1718973
1718978
1719051
1719661
1719673
1719701
1719826
1720683
1720814
1720870
1720960
1721132
1721776
1722606
1723818
1724082
1724196
1724375
1724447
1724651
1724859
1724955
1725436
1726025
1726239
1726344
1726510
1726584
1726600
1726940
1727163
1727254
1727550
1727676
1727721
1727959
1728165
1728181
1728579
1728826
1729107
1729190
1729467
1729792
1729961
1730081
1730849
1731435
1731519
1731826
1732337
1733438
1733547
1733974
1734165
1734395
1735367
1735925
1736409
1737892
1738406
1738572
1738997
1739382
1739915
1740403
1741157
1741811
1741917
1741965
1742077
1742583
1742606
1742708
1742739
1743045
1743100
1743923
1744314
1744399
1745274
1746015
1746180
1746330
1747189
1747693
1747713
1748149
1748193
1748200
1748933
1749116
1749486
1749856
1749857
1750457
1750757
1750879
1750981
1751102
1751991
1752150
1752344
1752961
1753039
1753152
1753262
1753279
1753425
1753925
1754063
1754104
1754645
1754812
1754945
1755145
1755239
1755544
1755778
1756416
1756558
1756809
1756941
1757534
1757689
1757700
1758694
1758714
1758984
1759272
1759319
1759893
1759980
1760054
1760128
1760130
1760260
1760367
1760863
1761308
1761313
1761537
1761728
1762299
1762332
1762481
1762637
1762775
1762879
1763002
1763570
1763947
1764260
1764640
1764740
1764890
1764978
1765108
1765679
1765715
1765852
1765881
1765902
1765909
1766170
1766334
1766861
1769508
1769652
1769698
1770133
1770319
1770485
1770851
1770968
1770980
1771011
1771048
1771349
1771400
1771592
1772165
1773052
1773221
1773281
1773431
1773499
1773723
1774152
1774378
1774647
1775456
1775515
1775827
1776479
1776527
1776751
1777398
1777425
1778181
1778554
1778706
1778764
1778873
1779604
1779745
1780017
1780066
1780472
1780687
1780807
1780809
1781113
1781592
1782262
1782620
1782650
1783360
1783696
1783716
1784938
1785102
1785193
1785314
1785369
1785459
1785584
1786185
1786660
1786672
1786891
1787226
1787227
1788214
1788453
1788833
1789708
1790915
1791315
1791693
1792366
1792395
1793255
1793454
1793509
1793988
1794394
1794480
1794608
1795266
1795411
1795688
1796156
1796429
1796623
1797959
1798111
1798698
1798833
1798896
1799118
1799317
1799741
1800103
1800162
1800170
1800421
1800512
1801135
1801138
1801645
1801713
1802835
1803079
1803429
1803506
1803820
1803942
1804300
1804376
1804383
1804695
1805797
1806972
1808471
1808657
1808671
1808977
1809582
1809590
1809682
1809738
1809935
1810167
1810354
1811033
1811142
1811660
1811855
1812074
1812623
1812705
1813023
1813307
1813713
1814136
1814431
1814763
1814865
1814966
1815099
1815301
1815519
1815595
1815824
1816085
1816188
1816958
1817162
1817687
1818102
1818673
1818697
1818803
1818850
1819186
1819352
1819500
1819639
1819893
1819924
1820666
1820719
1821352
1821389
1821540
1821947
1822481
1822789
1823003
1823098
1823134
1823208
1823618
1823740
1824011
1824232
1824268
1824418
1824426
1824693
1825225
1825231
1825734
1825795
1826727
1828230
1828676
1829115
1829126
1829365
1829476
1829601
1830098
1830106
1830136
1830273
1830278
1830542
1830985
1831037
1831126
1832200
1832214
1832731
1833032
1833169
1833651
1833907
1835003
1835185
1835222
1835817
1836407
1836775
1837097
1837506
1837551
1837556
1837919
1837930
1837978
1838452
1838608
1838882
1840531
1841318
1841340
1841357
1841543
1841625
1841818
1841832
1841957
1842511
1842815
1843801
1844047
1844363
1844473
1845721
1845756
1845847
1846242
1847991
1848130
1848171
1848212
1848539
1849218
1849355
1849614
1849658
1849960
1850047
1850210
1850644
1850924
1851122
1851859
1851962
1852341
1852453
1852727
1852746
1853209
1853386
1853648
1853728
1853838
1854779
1856418
1856426
1857252
1857408
1857762
1857903
1858189
1859316
1859643
1859995
1860080
1860598
1861412
1861518
1861654
1861998
1862280
1862419
1862692
1862700
1863264
1863304
1863334
1863641
1864224
1864288
1864859
1865098
1865408
1865854
1866053
1866148
1866852
1867441
1868444
1869296
1869326
1869430
1869711
1869740
1870191
1870262
1870486
1870492
1870535
1870720
1871300
1871471
1871724
1871825
1871956
1871974
1871986
1872008
1872039
1872542
1872688
1872698
1872962
1873640
1873712
1873921
1874470
1874504
1874918
1874994
1875239
1875388
1875859
1876197
1876259
1876265
1876720
1877742
1877769
1878302
1878486
1878581
1878686
1878719
1878975
1878987
1879536
1879604
1879642
1879848
1880924
1881093
1881122
1881544
1881737
1881859
1882332
1882390
1882656
1882841
1883267
1883510
1883602
1884158
1884321
1884333
1884591
1884796
1885642
1885878
1886018
1886299
1886447
1886470
1888577
1888716
1889031
1889232
1889297
1889578
1889788
1889815
1890446
1890571
1891081
1891568
1891691
1891706
1892058
1892154
1892484
1892849
1893233
1893244
1893531
1894044
1894432
1894699
1894909
1894978
1895085
1895234
1895622
1895812
1895861
1896780
1897059
1897641
1898359
1898568
1898861
1899126
1899211
1899251
1899461
1899787
1899868
1900097
1900389
1900403
1900678
1901930
1902375
1902459
1902690
1903770
1903780
1904079
1904174
1904508
1904767
1904965
1905107
1905272
1905601
1905640
1905673
1906241
1906931
1906950
1907173
1907336
1907489
1907738
1907951
1908057
1908137
1908999
1909009
1909365
1910437
1910962
1911922
1912430
1912544
1912730
1912997
1913167
1913784
1913876
1914164
1914656
1914800
1914879
1915367
1915450
1915613
1916827
1917253
1917390
1917641
1918074
1918289
1918903
1918936
1919378
1919667
1919736
1920529
1920889
1921403
1921992
1922726
1923146
1923403
1924202
1924214
1924459
1924497
1924506
1924802
1924901
1925060
1925140
1925198
1925275
1926101
1926206
1926801
1927874
1928010
1928150
1928296
1928391
1928641
1928794
1928860
1929499
1929515
1929614
1930064
1930418
1930550
1930867
1930870
1930933
1931189
1931200
1931417
1931744
1931754
1931860
1933211
1933341
1933539
1933635
1933908
1933998
1934296
1934769
1935262
1936458
1936565
1936984
1937156
1937257
1937904
1937937
1938201
1938537
1938622
1938631
1939096
1939604
1940426
1940599
1940709
1941605
1941741
1942125
1942419
1942709
1942915
1942930
1944307
1944448
1944580
1944613
1944795
1945243
1945480
1946203
1946476
1946829
1947543
1947735
1948043
1948214
1948480
1948747
1949052
1949312
1949376
1949422
1949986
1950507
1950603
1950783
1952366
1952384
1952709
1952965
1953208
1953344
1953778
1954838
1955676
1956157
1956207
1956245
1956563
1956724
1956879
1957268
1958091
1958146
1958215
1958263
1958846
1959041
1959270
1959958
1959994
1960537
1961155
1961356
1961775
1962131
1963078
1963181
1963733
1963753
1964002
1964099
1964383
1964383
1964513
1965062
1965132
1965280
1965565
1965896
1966156
1966341
1966566
1966803
1967009
1967027
1967115
1967226
1967236
1967665
1968186
1968302
1968442
1968856
1969386
1969717
1969718
1969865
1970104
1970170
1970182
1970384
1970492
1970688
1970862
1971035
1971090
1971190
1971503
1971751
1972029
1972030
1972535
1972860
1973328
1973479
1973565
1973604
1973610
1973611
1973885
1973943
1974218
1974398
1974475
1975000
1975115
1975521
1975737
1975781
1975854
1976434
1976608
1976674
1977450
1977623
1978000
1978282
1978404
1978732
1978881
1979486
1979935
1980250
1980421
1980896
1980980
1981611
1981826
1981841
1982035
1982493
1982842
1982854
1983224
1983239
1983286
1983785
1983806
1984251
1984470
1984803
1984807
1984930
1985918
1986202
1986369
1986552
1986735
1987098
1987112
1987507
1987533
1987684
1987820
1987972
1988284
1988297
1988613
1989336
1989508
1989767
1989958
1990115
1990136
1990477
1990923
1991105
1991271
1991323
1991548
1991772
1992617
1993551
1994104
1994184
1995934
1996149
1996155
1996189
1996578
1996978
1997776
1998466
1998987
1999394
1999462
1999559
2000079
2000245
2000309
2000429
2000728
2000779
2000853
2001293
2001516
2001584
2002014
2002044
2002096
2003349
2003596
2003691
2004025
2004161
2004607
2004669
2004931
2005198
2005524
2006006
2006048
2006454
2006667
2006836
2007158
2007332
2007709
2008107
2008405
2008442
2008653
2009033
2009153
2009601
2010189
2010518
2010909
2011051
2011479
2011780
2012227
2012269
2012633
2012678
2013190
2013199
2013307
2013828
2014257
2014310
2014395
2014477
2015060
2015310
2015324
2016036
2016249
2016408
2016753
2017282
2017299
2017621
2017638
2017769
2017942
2018195
2018226
2018485
2018875
2018917
2019317
2019441
2019572
2019789
2019899
2019967
2020262
2020594
2020808
2021229
2021249
2021517
2021555
2022202
2022451
2022899
2022955
2023261
2023341
2023595
2023853
2024161
2024401
2024443
2024577
2025576
2025792
2026223
2026327
2027448
2027479
2027885
2027923
2028382
2028485
2028763
2028820
2029128
2029247
2029357
2029440
2029459
2029834
2029999
2030538
2030546
2030709
2031616
2031956
2031967
2032172
2032452
2032488
2032523
2032592
2032863
2033208
2033863
2034294
2035163
2035248
2035546
2035607
2035889
2036099
2036116
2036146
2036382
2036443
2036585
2037764
2038483
2038680
2039269
2039390
2039562
2039569
2040137
2040378
2040519
2040547
2040778
2040907
2041525
2041645
2041902
2042101
2042367
2042428
2042608
2042908
2043237
2043385
2043653
2043673
2043917
2044169
2044318
2045111
2045493
2045848
2046150
2046582
2046688
2046707
2047004
2047346
2047399
2047525
2047851
2048366
2049092
2049120
2049463
2049586
2049706
2050576
2050675
2050709
2051106
2051377
2051794
2052114
2052243
2052279
2052357
2053266
2053461
2053515
2053706
2055164
2055177
2055392
2056377
2057062
2057180
2057841
2058472
2058743
2059116
2059118
2059320
2059950
2059967
2060443
2061224
2061975
2062040
2062458
2062697
2062954
2063026
2063095
2063146
2063255
2063333
2063357
2063453
2063458
2063774
2063779
2064191
2064263
2065104
2065638
2065968
2066242
2066404
2066790
2066922
2068297
2068394
2068516
2068565
2068587
2068623
2068841
2069497
2069741
2069968
2070022
2070060
2070653
2071104
2071557
2071608
2071736
2072094
2072993
2073280
2073333
2074143
2074801
2075006
2075535
2075542
2075937
2076087
2076151
2076277
2076324
2076325
2076489
2077141
2077680
2078733
2078978
2079984
2079996
2080302
2080607
2080809
2081057
2081407
2082331
2082829
2082990
2083874
2083951
2084315
2084406
2084850
2084956
2085036
2085301
2085587
2085782
2085792
2085935
2087238
2087712
2088136
2088294
2088685
2089415
2089427
2089442
2090321
2090843
2091135
2091264
2091455
2092028
2092616
2092672
2092724
2092768
2092816
2092864
2092979
2094033
2094132
2094649
2094817
2095067
2096822
2096900
2096995
2097099
2097181
2097466
2097489
2097800
2098341
2098985
2099284
2099325
2099825
2100068
2100227
2100319
2100341
2100394
2100501
2100742
2101390
2101662
2101994
2101999
2102009
2102051
2102431
2103071
2103124
2103136
2103290
2104070
2104418
2104474
2104970
2105542
2106067
2106924
2107028
2107410
2107536
2107574
2107655
2107874
2108016
2108390
2108390
2108628
2109506
2109518
2109630
2112023
2112159
2112400
2112909
2113300
2114603
2115151
2115205
2115467
2116035
2116046
2116093
2116453
2116461
2116771
2117712
2117739
2118020
2118169
2118583
2118898
2119021
2119025
2119307
2119387
2119717
2120280
2120605
2120962
2121254
2121691
2122518
2122995
2123459
2123922
2123983
2124232
2125010
2126650
2126751
2126919
2127042
2127236
2127412
2128611
2128944
2128995
2129149
2129289
2129300
2129467
2129803
2130053
2130157
2130241
2130555
2130957
2131041
2131170
2131539
2131784
2132211
2133639
2133882
2134550
2134554
2134696
2134741
2134777
2135106
2135288
2135409
2136170
2136798
2137377
2137989
2138081
2138120
2138460
2138824
2138853
2139127
2139247
2139635
2140076
2140418
2140801
2140913
2141311
2141875
2142179
2142267
2142536
2143129
2143581
2144207
2144337
2144345
2145382
2145797
2146291
2146544
2146546
2146674
2146689
2146826
2147008
2147078
2147729
2147797
2148105
2148140
2148151
2148173
2148463
2148508
2148540
2148546
2148558
2149093
2149268
2149363
2149525
2150522
2150607
2150788
2151350
2151670
2151716
2151919
2152061
2152262
2152382
2152825
2152887
2153226
2153280
2153282
2153361
2153779
2153939
2154768
2154768
2155032
2155103
2155484
2155969
2156002
2156028
2156238
2156259
2156516
2156919
2156954
2157041
2157826
2157909
2157946
2158442
2159140
2159187
2159988
2160078
2160141
2161523
2161588
2161619
2161898
2161953
2162333
2162416
2162451
2163276
2163394
2163518
2164091
2164272
2165097
2165149
2165163
2165253
2165270
2165449
2165883
2166021
2166159
2166337
2166344
2166479
2166608
2166826
2167220
2167405
2167907
2168078
2168332
2168715
2169346
2169513
2169851
2169858
2170735
2170911
2171309
2172280
2172429
2172988
2173228
2173338
2173845
2174023
2174074
2174251
2174352
2175997
2176093
2176978
2177084
2177190
2177448
2177602
2177805
2178213
2178306
2178366
2178395
2178628
2179039
2179997
2180022
2180286
2180551
2180910
2181294
2181386
2181618
2182084
2182380
2183107
2183328
2183407
2183719
2183911
2184263
2184993
2185112
2185374
2185972
2186861
2187514
2188037
2188181
2188300
2188362
2188409
2188535
2188596
2188858
2188896
2188943
2189056
2189584
2189651
2190018
2191412
2191978
2192170
2192171
2192230
2192671
2192710
2193026
2193050
2193493
2194052
2194277
2194558
2194824
2194955
2194998
2195244
2195246
2195396
2195499
2196288
2196661
2196972
2197098
2197168
2197334
2197552
2197574
2198874
2198892
2199129
2199143
2199192
2199352
2199446
2199453
2199485
2200145
2200801
2201146
2201228
2201277
2201482
2202255
2202811
2202860
2203339
2203491
2203911
2204126
2204631
2204876
2205110
2205302
2205443
2205988
2206614
2207029
2207374
2207804
2208149
2208196
2208604
2208877
2209129
2209230
2209423
2210008
2210179
2210637
2210867
2211026
2211276
2212082
2212495
2212679
2213210
2213222
2213979
2214309
2215184
2215757
2216600
2216633
2217224
2217235
2217389
2217725
2218208
2218266
2218721
2218873
2219559
2219704
2219893
2220679
2220870
2221092
2221490
2222244
2222264
2222337
2222385
2222511
2222577
2222669
2223290
2223451
2223621
2223765
2224316
2224456
2224686
2224908
2225681
2225691
2225809
2226004
2226435
2226755
2226944
2227101
2227420
2227850
2228075
2228770
2228875
2228920
2229158
2229401
2229778
2230418
2231545
2231687
2231881
2232165
2232271
2232521
2232955
2233154
2233238
2234028
2234098
2234170
2234491
2234792
2235339
2235517
2235644
2235846
2236167
2236288
2236490
2236492
2236623
2236782
2237424
2237509
2237567
2237576
2237887
2238290
2238546
2238883
2238941
2239119
2240565
2240624
2241775
2241958
2242802
2242816
2243253
2243605
2243744
2244373
2245004
2245115
2245440
2245491
2245830
2246494
2246832
2248698
2249092
2249170
2249386
2249462
2250018
2250379
2250542
2250683
2251290
2251403
2252271
2253407
2253706
2254105
2254191
2254263
2254416
2254736
2254788
2255222
2255269
2255959
2256165
2256298
2256349
2256646
2256752
2256757
2256760
2257233
2257375
2257655
2259170
2259207
2259499
2260407
2260872
2260993
2261136
2261202
2261239
2261534
2262750
2262905
2263324
2263687
2264257
2264732
2264786
2265271
2265653
2266166
2266531
2266555
2267555
2267576
2267791
2268802
2268825
2268993
2269408
2269721
2269931
2270719
2270968
2271318
2271717
2271903
2271907
2272642
2274000
2274248
2274531
2275075
2275182
2275208
2275416
2275647
2275801
2276017
2276060
2276791
2277035
2277418
2277824
2278014
2278928
2278945
2279239
2280057
2280335
2280529
2280627
2280634
2280678
2280695
2281127
2281205
2281364
2281463
2281823
2281901
2282533
2282848
2282884
2284093
2284271
2284341
2284438
2284600
2284752
2285521
2285773
2286017
2286811
2287484
2287570
2287882
2288233
2289560
2289835
2290250
2290280
2290301
2290796
2291556
2291593
2291612
2291839
2292033
2292409
2292825
2293016
2293027
2293423
2293678
2294433
2294578
2294730
2294994
2295022
2295292
2295591
2295783
2295818
2296360
2296982
2297170
2297982
2298042
2298076
2298095
2298293
2298303
2298599
2298659
2298706
2298775
2299311
2299596
2299829
2299999
2300078
2300819
2301122
2301714
2301723
2301736
2301841
2302121
2302283
2302340
2302541
2303551
2303705
2303789
2303811
2304237
2304484
2304795
2305031
2305233
2305837
2306335
2307363
2307518
2307593
2307852
2307935
2308278
2308959
2309455
2309455
2310272
2310343
2310679
2310815
2310818
2310939
2311154
2311627
2311737
2311982
2312659
2312801
2313088
2313201
2313332
2313378
2313682
2313706
2313803
2314580
2314621
2315144
2315277
2316809
2316909
2317254
2317790
2317903
2318023
2318038
2318352
2318553
2319571
2319798
2319995
2320451
2320544
2320952
2321082
2321519
2321540
2322277
2322853
2322880
2323203
2323679
2323899
2323998
2324121
2324262
2324408
2324807
2324937
2325001
2325270
2325906
2325969
2326379
2326641
2327562
2327745
2327896
2328119
2328601
2328641
2328695
2328902
2329005
2329126
2329153
2329669
2329948
2330487
2330651
2330685
2330966
2331001
2331678
2331962
2332260
2332869
2332887
2333577
2333948
2333952
2334082
2334227
2334748
2334900
2334913
2335432
2335537
2335542
2335658
2335685
2335720
2335829
2336195
2336659
2336867
2336896
2337003
2337069
2337155
2337161
2337223
2337513
2338647
2340202
2340709
2341493
2341549
2341601
2342105
2342319
2342394
2342450
2342873
2343412
2343903
2343958
2344897
2344989
2345072
2345430
2346131
2346228
2346324
2346542
2346690
2347239
2347336
2347398
2347626
2347715
2348209
2348270
2349456
2349493
2349580
2349888
2350419
2350823
2350964
2351725
2351845
2351892
2352862
2353191
2353224
2353251
2353808
2353813
2354018
2354291
2354297
2354329
2354536
2354649
2355231
2355250
2356355
2356809
2356816
2356822
2356834
2356933
2357240
2357284
2357599
2357824
2358466
2358484
2358557
2360010
2360517
2360650
2360743
2360884
2360899
2360907
2361307
2361879
2362211
2362319
2362417
2362610
2362643
2362880
2362944
2363113
2363561
2363969
2364326
2364327
2364489
2364522
2364603
2364695
2364799
2365261
2365387
2365443
2365899
2367013
2367155
2367321
2367488
2367633
2367856
2368091
2368322
2368497
2368656
2369236
2369365
2369535
2370001
2370723
2370829
2370882
2370995
2371237
2371676
2371973
2372459
2372744
2373349
2373647
2373685
2377488
2377554
2377623
2377713
2378608
2379307
2379437
2380110
2380569
2380796
2380854
2380858
2380877
2380910
2380958
2381329
2381456
2381831
2382503
2383246
2383298
2383881
2384429
2384446
2384622
2384648
2384936
2384949
2385445
2385522
2385581
2385596
2385816
2386521
2386589
2387106
2387119
2387121
2387483
2387486
2387641
2388366
2388900
2389064
2389214
2389339
2389579
2389626
2389677
2389917
2389961
2390111
2390401
2390882
2391720
2391876
2392009
2392192
2392414
2392477
2392484
2393066
2393286
2393314
2393358
2393655
2394221
2394266
2395516
2395964
2396026
2396143
2396166
2396434
2396482
2396752
2396763
2396794
2396835
2397082
2397097
2397216
2397237
2397714
2397855
2398238
2398440
2399073
2399843
2399938
2400055
2400445
2400486
2400559
2400622
2400723
2400854
2401055
2401069
2401738
2402214
2402840
2403076
2404458
2404568
2404630
2404920
2405210
2405531
2405643
2405967
2406691
2407037
2407836
2408346
2408514
2409711
2409963
2410213
2411111
2411215
2411552
2411591
2411673
2411713
2411830
2413323
2413452
2413594
2413656
2413868
2413881
2414623
2414639
2414787
2415163
2415514
2415642
2415753
2415781
2415798
2415801
2415819
2416033
2416259
2416624
2416710
2416929
2417262
2417475
2417566
2417760
2417893
2418515
2418762
2419101
2419271
2419463
2419572
2419773
2420360
2420925
2421434
2422126
2422451
2422486
2423404
2423599
2423691
2424261
2424683
2424781
2424789
2424873
2425270
2425549
2426151
2426978
2427244
2427602
2427918
2428430
2428659
2428722
2428935
2428943
2429120
2429139
2429271
2429489
2430312
2430534
2430607
2431087
2431621
2431637
2431651
2432187
2432244
2432570
2432623
2432950
2433291
2433868
2433990
2434275
2434301
2434451
2434550
2435144
2435568
2436098
2436279
2436598
2436938
2437009
2437412
2437498
2437797
2438004
2438139
2438147
2438247
2438586
2438665
2438748
2439143
2439926
2440662
2440775
2440883
2441299
2441629
2442248
2442848
2442986
2443172
2443907
2443941
2444357
2444361
2444672
2444731
2444829
2444936
2445289
2445495
2445653
2445800
2446300
2446529
2446873
2447616
2448116
2448467
2448883
2449481
2450226
2450758
2450923
2451277
2451443
2451671
2451713
2451749
2451982
2452095
2452979
2453274
2454540
2454574
2454929
2455020
2455173
2455363
2455435
2455575
2455804
2455892
2456639
2457467
2457523
2458246
2458416
2458451
2458693
2459322
2459363
2459384
2459482
2459576
2459946
2460012
2460128
2460339
2460669
2460712
2460724
2461015
2461470
2461492
2462567
2462814
2462976
2463225
2463697
2463806
2463826
2463913
2464027
2464056
2464466
2465386
2465493
2465543
2465651
2465789
2465968
2466032
2466049
2466101
2466253
2466709
2467339
2467865
2467906
2468432
2468570
2469153
2469471
2469575
2469691
2469801
2469840
2470069
2470208
2470646
2470751
2470789
2471016
2472269
2472621
2472708
2473212
2473726
2473734
2473780
2474823
2475438
2475444
2475468
2475506
2475704
2476248
2476301
2476785
2477770
2477835
2477945
2478044
2478684
2479120
2479294
2479635
2479637
2480168
2480486
2480514
2480947
2481053
2481079
2481563
2482101
2482519
2482628
2482696
2483012
2483485
2484465
2484492
2484783
2484941
2485094
2485209
2485474
2485564
2486269
2486620
2487450
2487565
2487881
2488222
2488287
2488372
2488423
2488704
2488766
2488780
2489061
2489497
2489838
2490851
2490900
2490940
2491095
2491100
2491685
2491871
2492117
2492164
2492300
2492612
2493288
2493546
2494035
2495132
2495182
2495721
2495867
2496029
2496155
2496787
2497044
2497081
2497297
2497990
2498424
2498652
2498673
2498727
2498863
2498879
2499066
2499090
2499141
2499156
2499217
2499313
2499747
2499922
2500462
2500685
2500873
2500945
2501014
2501189
2501757
2502245
2502486
2502574
2502748
2503218
2503255
2503606
2503825
2506026
2506112
2507582
2508005
2508395
2509046
2509097
2509113
2509151
2509477
2510085
2510211
2510261
2510521
2510727
2510848
2510872
2511040
2511326
2512009
2512139
2512394
2512546
2512705
2513145
2513287
2513369
2513651
2514173
2516094
2516261
2516399
2516915
2516965
2517073
2517332
2517518
2517609
2517688
2518360
2518612
2518684
2519761
2519792
2519864
2520211
2521314
2521463
2521576
2521882
2522078
2522695
2522795
2522803
2522847
2523274
2523312
2523875
2524363
2524416
2524776
2527006
2527319
2527424
2527520
2528133
2528199
2528230
2528271
2528660
2528813
2528838
2528954
2529478
2529936
2530293
2530325
2530432
2530657
2531135
2531172
2531379
2531487
2531599
2531932
2532339
2532594
2532712
2533195
2533241
2533325
2533735
2534169
2534589
2534868
2535221
2535262
2535268
2535850
2535978
2536163
2536202
2536450
2536659
2536878
2536924
2537096
2537153
2537290
2537991
2538075
2538290
2538376
2538562
2538615
2538844
2538912
2538984
2539658
2539777
2539870
2541228
2541757
2541940
2542026
2542127
2542727
2542920
2543183
2543265
2543471
2543994
2544443
2544490
2545055
2545156
2545515
2546316
2546883
2546943
2547053
2547421
2547683
2547831
2548847
2549143
2549268
2549341
2549603
2549719
2550117
2550663
2551072
2551417
2551545
2551766
2551876
2552786
2553013
2553039
2553407
2554032
2554367
2554399
2554692
2554779
2554992
2555081
2555133
2555211
2555237
2555789
2555929
2556012
2556123
2556353
2556489
2557217
2558095
2558360
2558462
2558475
2558784
2559254
2560309
2560929
2561229
2561870
2562107
2562232
2562338
2562911
2563131
2563243
2563754
2564451
2564986
2565332
2565740
2566644
2567029
2567667
2568317
2568444
2568451
2570358
2570600
2570832
2570950
2571226
2571616
2571711
2572089
2572420
2573628
2574035
2574218
2574389
2574631
2575310
2575342
2575679
2577333
2577577
2578702
2578743
2579028
2579198
2579271
2579703
2579836
2579900
2580040
2580377
2580913
2581157
2581509
2581553
2581924
2582220
2582819
2582901
2583102
2583800
2584064
2584686
2584705
2584861
2585101
2585469
2585524
2585761
2586234
2586700
2586943
2587420
2587996
2588174
2588341
2589071
2589371
2589732
2590137
2590488
2590621
2590713
2591324
2591484
2592042
2592395
2592803
2592814
2592815
2592891
2592928
2593042
2593237
2593373
2593386
2593538
2594041
2594061
2594076
2594135
2594775
2594840
2595662
2595662
2595751
2595841
2595972
2596214
2596923
2597694
2597920
2598174
2598430
2599187
2599403
2599416
2600054
2600482
2600557
2600603
2601386
2601508
2601937
2601939
2602077
2602379
2602460
2602589
2602620
2602735
2603411
2603491
2603886
2603985
2604629
2605267
2605517
2606145
2606167
2606739
2607267
2607803
2607851
2607935
2608238
2608429
2608532
2609366
2610353
2610566
2610587
2610603
2610674
2610862
2611027
2611599
2611921
2612714
2612780
2612813
2612859
2613573
2614348
2614559
2614583
2614869
2614912
2614980
2615469
2615888
2618085
2618087
2618124
2618291
2618357
2618614
2619000
2619712
2620226
2620260
2620687
2620703
2620858
2621377
2621992
2622351
2622392
2622523
2622648
2622684
2622846
2622884
2623644
2623721
2624282
2624323
2624381
2624441
2624671
2624749
2624967
2625032
2625064
2625418
2625840
2626045
2626151
2626167
2626974
2627211
2627323
2627470
2627510
2627679
2628050
2628153
2629296
2629860
2630605
2630796
2631074
2631075
2631306
2631536
2631556
2631624
2631992
2632386
2632542
2632606
2633795
2633832
2634207
2634234
2634283
2634310
2634805
2635138
2635294
2635320
2635496
2635512
2635701
2635825
2636144
2636419
2636443
2636605
2637133
2637475
2637828
2638149
2638283
2638933
2639143
2639196
2639322
2639696
2641037
2642245
2642325
2642426
2642567
2643372
2643437
2643728
2644291
2644356
2644544
2644818
2645004
2645079
2645323
2645515
2646006
2646250
2646558
2647084
2647323
2647424
2647451
2647458
2647507
2647809
2648198
2648427
2649035
2649424
2649522
2650041
2650043
2650181
2650189
2650221
2650382
2650664
2650890
2651033
2651124
2651288
2651574
2652316
2652408
2653221
2653476
2653584
2654386
2654403
2654479
2654723
2654918
2654920
2654961
2655134
2655546
2655791
2655923
2655978
2656333
2656638
2656763
2657047
2658173
2658178
2658348
2658832
2659026
2659068
2659170
2659235
2659400
2659497
2660055
2660073
2660241
2660327
2660424
2661158
2661325
2661489
2661537
2661761
2661827
2662287
2662349
2662539
2662541
2662632
2662814
2662836
2662875
2663562
2663622
2663926
2664188
2664369
2664378
2664597
2664772
2665068
2665249
2665448
2665551
2665646
2665648
2665696
2666167
2666690
2666744
2666756
2666804
2667253
2667332
2668145
2668146
2668872
2669200
2671087
2671408
2671503
2671587
2671612
2671750
2671771
2671922
2672264
2672534
2672946
2673294
2673631
2673786
2674457
2674470
2674747
2674968
2675182
2675358
2675633
2675738
2675751
2675881
2676423
2676431
2677203
2677262
2677306
2677435
2677562
2677623
2677633
2678065
2678073
2678915
2679139
2679574
2679624
2681020
2681372
2681468
2681469
2681855
2681920
2682048
2683075
2683347
2683506
2683711
2683778
2684146
2684451
2684473
2684541
2684838
2685420
2685493
2686272
2686614
2687650
2688644
2688695
2688887
2689338
2690247
2690510
2690548
2690715
2690952
2691336
2692476
2692691
2692985
2693132
2693583
2693639
2693702
2694088
2694482
2695224
2695248
2695486
2695967
2696119
2696328
2696969
2697002
2698359
2698547
2699827
2700369
2700493
2701057
2701184
2701300
2701513
2701514
2701596
2701732
2701849
2702240
2702394
2702592
2703076
2703358
2703550
2703567
2703579
2703685
2704012
2704071
2704197
2704529
2704828
2705536
2705627
2705635
2705878
2706476
2706721
2706737
2706818
2706846
2707084
2707393
2707465
2707817
2708446
2708642
2709164
2709342
2709725
2709813
2710815
2711105
2711193
2711529
2711571
2711783
2711875
2711934
2711958
2712129
2712231
2712553
2712583
2713241
2713271
2713388
2713832
2714408
2714464
2714532
2714680
2715569
2716448
2716522
2716596
2717508
2717959
2718921
2719316
2720144
2720195
2720251
2720932
2720969
2720995
2721273
2721678
2722432
2722601
2722637
2722663
2722692
2723335
2723435
2723490
2723627
2723664
2724146
2724216
2724619
2724674
2724885
2725088
2725625
2725733
2725863
2726368
2726410
2726484
2726604
2728050
2728117
2728706
2729677
2729880
2730294
2730466
2730487
2730511
2730592
2730675
2730918
2731503
2732239
2732622
2732843
2733544
2734254
2734463
2734840
2734953
2735540
2736359
2736566
2736687
2736804
2737139
2737518
2738109
2738309
2738348
2738771
2738943
2738956
2739877
2740372
2740871
2740881
2741113
2741115
2742324
2742475
2742520
2742621
2742659
2742949
2743001
2743053
2744246
2745235
2745418
2745508
2746257
2746328
2746709
2747280
2747316
2747423
2747977
2748003
2748241
2749345
2749635
2750139
2750706
2750748
2751279
2751304
2751307
2751369
2751766
2751861
2752088
2753873
2754215
2754979
2755481
2755974
2756217
2757059
2757256
2757349
2757643
2757974
2758630
2758644
2759523
2759533
2759637
2759836
2760750
2761185
2761405
2761417
2761565
2761681
2762378
2762405
2763164
2763195
2763207
2763289
2763359
2763826
2763865
2763925
2763935
2764391
2764506
2765324
2766596
2767495
2767834
2768153
2768268
2768457
2768963
2769054
2769170
2770254
2770255
2770471
2770883
2771637
2771957
2772061
2772220
2772364
2772421
2772996
2773006
2773052
2773228
2773250
2773302
2773524
2773541
2773707
2774134
2774243
2774611
2774981
2775067
2775092
2775750
2775840
2775923
2776299
2776440
2776735
2776932
2777586
2777637
2777678
2777722
2777757
2777811
2777880
2778090
2778480
2778773
2779148
2779160
2779411
2779825
2780070
2781842
2782028
2782038
2782158
2782342
2782602
2783121
2783237
2784219
2784323
2784523
2785645
2785885
2786386
2786875
2787300
2787517
2787524
2788599
2788803
2788873
2789042
2789633
2789726
2790403
2791130
2791198
2791834
2792138
2792163
2792792
2792952
2793422
2793605
2793752
2794221
2794621
2795060
2795749
2796360
2796502
2796966
2797727
2797894
2798035
2798096
2798311
2798592
2799011
2799836
2800453
2800995
2801023
2801080
2801093
2801203
2801550
2801689
2802289
2802435
2803098
2803601
2803820
2803877
2804539
2804682
2805177
2805295
2805405
2805406
2805417
2805642
2805874
2806180
2806294
2806333
2806340
2806379
2806386
2807227
2807291
2807631
2807735
2807914
2808592
2808663
2809130
2809217
2809785
2810307
2810601
2810792
2811007
2811094
2811990
2813034
2813238
2813723
2813761
2813834
2814516
2814766
2815623
2815625
2815694
2815734
2815785
2816586
2816820
2816905
2817085
2817099
2817969
2818305
2818403
2818547
2819402
2819806
2819823
2819867
2819975
2820239
2820294
2821089
2821202
2821437
2821793
2821799
2822491
2822834
2822873
2823103
2823108
2823841
2824036
2824317
2824505
2824518
2824961
2825359
2825667
2826689
2826831
2827128
2827151
2827733
2827890
2828039
2828572
2829148
2829611
2830572
2830634
2831986
2832128
2832545
2832793
2833134
2833484
2833684
2834116
2834727
2834901
2835020
2835042
2835044
2835427
2836019
2836081
2836268
2836652
2837326
2837718
2838115
2838162
2838173
2838276
2838318
2838500
2839889
2839902
2840267
2840497
2840571
2840598
2840744
2841253
2841681
2841903
2843152
2843633
2843734
2844358
2844830
2845034
2845375
2845400
2845718
2845814
2845898
2846098
2846316
2846572
2847086
2847122
2848059
2848138
2848179
2848725
2848951
2849282
2849983
2850190
2850828
2850904
2851262
2851505
2851626
2851720
2852157
2852300
2852881
2853292
2853872
2853894
2854195
2854223
2855067
2855102
2855474
2855485
2855868
2856448
2856774
2856824
2857087
2857140
2857485
2857623
2857817
2858058
2858985
2859033
2859074
2860114
2860244
2860876
2860952
2861144
2861194
2861286
2861350
2861578
2861674
2862174
2862587
2862900
2863080
2863306
2863406
2863941
2864178
2864188
2864241
2864889
2865587
2865724
2865771
2866379
2866457
2866583
2866655
2867319
2867408
2867457
2867832
2867920
2868067
2868247
2868498
2869273
2869459
2870768
2872439
2872632
2872946
2873194
2873499
2873606
2873622
2874431
2874472
2875127
2875474
2875478
2876378
2876423
2877455
2877695
2879540
2879890
2880141
2880251
2880606
2881243
2881887
2881898
2881916
2882050
2882078
2882148
2882403
2882817
2883082
2884062
2884089
2884208
2884337
2884624
2884867
2885596
2885979
2886362
2887151
2887360
2887426
2887711
2888092
2888450
2888481
2888772
2889192
2889217
2889626
2889696
2890066
2890609
2890625
2890666
2890724
2890925
2891167
2892042
2892227
2892248
2892303
2892418
2892506
2892516
2893043
2893186
2894096
2894406
2894626
2895812
2896142
2896178
2896380
2897383
2897966
2898315
2898357
2898378
2898597
2898912
2898950
2899168
2899214
2899260
2900297
2900419
2900683
2901571
2902064
2902072
2902555
2902562
2904592
2904733
2905681
2905763
2905958
2906143
2906316
2906646
2906660
2906859
2906987
2907043
2907173
2907208
2907363
2907557
2907700
2908442
2909135
2909905
2911120
2912179
2912300
2912507
2912657
2913829
2914351
2915675
2915785
2916040
2916072
2916316
2916366
2916503
2916614
2917163
2917919
2918217
2918271
2918303
2918331
2918497
2918557
2919242
2919386
2919488
2919771
2920296
2920476
2920789
2921048
2922024
2922729
2923025
2923578
2924035
2924453
2924719
2924908
2925861
2925998
2926310
2926544
2926786
2926960
2927277
2927588
2927888
2928044
2928277
2928600
2929195
2929313
2929356
2929376
2929641
2929855
2929937
2930097
2930284
2930426
2931134
2931464
2931577
2931823
2931848
2932862
2933162
2933954
2934231
2934666
2935411
2935495
2935777
2937329
2937456
2937638
2937782
2937976
2938082
2938340
2938648
2938978
2939109
2939184
2939367
2940090
2940125
2940296
2940673
2941104
2941586
2942025
2942143
2942181
2942335
2942707
2942920
2943269
2943491
2943819
2943963
2944169
2944319
2944438
2944617
2945317
2945535
2945981
2946013
2946535
2946909
2947900
2947920
2948004
2948265
2948376
2948450
2948490
2949030
2949414
2949703
2949774
2949885
2950614
2951217
2951443
2951912
2951986
2952037
2952253
2952361
2952944
2953056
2953277
2953405
2953500
2953587
2954451
2954977
2955566
2955985
2956041
2956386
2956566
2956609
2956895
2957158
2957173
2957277
2957637
2957692
2957795
2958414
2958758
2958831
2958932
2959158
2959365
2959769
2960501
2960509
2960904
2960963
2961264
2961577
2961893
2962278
2962303
2962507
2962605
2962669
2963106
2963146
2963231
2964064
2964246
2964676
2964710
2964835
2965285
2965309
2965458
2965547
2965627
2966223
2966407
2966445
2966565
2966853
2967031
2967379
2967599
2967717
2967933
2968627
2969079
2969300
2969547
2969670
2969925
2970098
2970144
2970305
2970436
2970477
2970596
2970904
2971307
2971702
2972275
2972520
2972587
2973194
2973223
2973259
2973657
2973784
2973845
2974363
2974579
2975607
2975648
2975835
2976109
2976297
2976983
2977116
2977122
2977645
2978144
2978534
2979093
2979107
2979497
2979815
2979972
2980299
2980457
2980555
2980584
2980813
2980865
2981018
2981487
2981588
2981991
2982275
2982317
2982694
2983885
2984077
2984396
2984473
2985246
2985585
2986372
2986665
2986779
2986806
2986855
2986888
2986940
2988143
2988269
2988376
2988631
2988674
2988890
2989269
2989769
2990274
2990339
2990362
2990953
2991233
2991706
2992129
2992217
2992278
2992416
2992608
2992926
2993143
2993408
2993421
2993454
2993513
2994097
2994459
2994787
2995000
2996069
2996116
2996136
2996298
2997380
2998182
2998497
2999009
2999307
2999454
