Количество элементов - 1000, алгоритм сортировки - ShellSort1, случай - Ordinary, время работы - 0
2272
3150
6057
8020
10239
12316
15070
19213
20813
21990
24552
26447
27686
29830
33504
35676
36868
38093
38497
54242
61974
72021
73149
79665
81138
94833
102211
102340
104400
106152
109284
114044
116774
119506
124933
125023
125734
127121
127557
133725
139076
140935
148941
157595
158632
168577
168890
177397
181228
183259
184715
185201
186021
186973
198475
199225
199831
217273
222409
225562
229424
231170
239382
241741
244493
249388
250292
252065
252564
258862
260638
261523
263707
266266
266814
266917
271645
274182
280389
280843
283716
285408
287178
287759
291775
301413
302599
303823
304487
305010
305376
308662
314530
317568
320936
323307
324427
327506
329834
332350
337203
340363
346032
346418
351273
352586
358183
359388
361270
363653
366484
366805
375701
379452
383636
385163
386796
386938
390299
394735
395776
401149
401746
407390
413924
421984
432062
434010
434981
435151
437307
437897
438111
447817
448483
452408
457448
458200
466170
467575
473703
476419
476674
482784
484125
486244
489609
490452
491814
491820
493403
493483
495393
495677
498958
510983
511020
513284
515915
516087
518461
520736
525454
527747
528679
533199
533570
534273
535293
538614
545022
552417
556720
559314
560886
562473
564116
564698
565427
565885
569433
569668
570609
572854
574403
578629
580175
581483
582337
587195
592266
598864
601100
602015
603625
603985
604121
604584
605108
606135
608158
609821
610258
611384
611419
613035
613360
613893
614652
620235
625050
626712
629623
634898
644361
648223
653076
657345
659919
661346
662303
667277
673401
676036
678331
678575
679111
680047
685571
687025
695331
706421
708059
709875
718352
722313
726153
727754
727889
728044
731022
732828
733968
735134
737934
738961
740080
741017
742892
754836
755770
758288
759289
762605
763225
764795
765509
766086
773323
774545
775195
776109
781382
782666
787272
794399
802146
805892
807012
810012
813838
815315
816064
822381
823196
825157
826875
828920
835568
839124
839643
840515
841457
845677
851003
858611
859216
859379
861179
864729
873764
874836
877800
885140
896603
896606
901326
902711
903936
904604
906208
907784
908036
911481
912911
915197
915875
917581
919164
924770
925412
925889
930694
930970
941020
944250
944882
948562
948678
950430
956591
957148
959820
961064
961766
962179
965243
965588
966241
967840
974189
974963
976006
976581
977059
979678
979822
980202
988336
989601
992108
995721
1002224
1002870
1003934
1006081
1007304
1011370
1012308
1013324
1017483
1023668
1023917
1025716
1036516
1045762
1047225
1047490
1047676
1049902
1052934
1057040
1059576
1062033
1062401
1064139
1065417
1083387
1084143
1085466
1086250
1087061
1088206
1089906
1092709
1094998
1100013
1102082
1102797
1103848
1105970
1106894
1113583
1115874
1117183
1119169
1122841
1126447
1126774
1127535
1127558
1130909
1133889
1137531
1137763
1137775
1143561
1144151
1145552
1147090
1147179
1147375
1147406
1152034
1155900
1157561
1158773
1168675
1172848
1176720
1176730
1178611
1190542
1191124
1194401
1194953
1196779
1197926
1200784
1214411
1216067
1219565
1220622
1231784
1234454
1234825
1236494
1240408
1241809
1246651
1251797
1253400
1257742
1258094
1259150
1263265
1267088
1267933
1273280
1278405
1279674
1281536
1283937
1284141
1286213
1286451
1286556
1286647
1290673
1291364
1295327
1298671
1301149
1304346
1305733
1316172
1317491
1319699
1322812
1322963
1323233
1331478
1332122
1334895
1335436
1335899
1336537
1336643
1341061
1344803
1351243
1353004
1354428
1365627
1370204
1376979
1377452
1380044
1380603
1387789
1389504
1392865
1395639
1396026
1397626
1397994
1399040
1409686
1412269
1416386
1425301
1429614
1433871
1435710
1440745
1442419
1443174
1451809
1456102
1457119
1457175
1463769
1464094
1468714
1469583
1470314
1472736
1473715
1474902
1476700
1478257
1481192
1481222
1483147
1483621
1494268
1495065
1499353
1500721
1501143
1501480
1509479
1512256
1514348
1514755
1517576
1520208
1522458
1523523
1524676
1524927
1531986
1538436
1541270
1541392
1544037
1546470
1548393
1553035
1553854
1561485
1562539
1571379
1572448
1576707
1580491
1586178
1589370
1591408
1597466
1600908
1601374
1601474
1601933
1602170
1605963
1610745
1612301
1615854
1619361
1620674
1621219
1621255
1623908
1626136
1628973
1632544
1638090
1638144
1642181
1650964
1652303
1652407
1653947
1656851
1661000
1665342
1672980
1684402
1690128
1694619
1696767
1697295
1700038
1704447
1706126
1706867
1707646
1708091
1712929
1713682
1715118
1722963
1724679
1727364
1731445
1733965
1740788
1741683
1742283
1745808
1747512
1747782
1753709
1756426
1758384
1762517
1765540
1765889
1767182
1767554
1768397
1771075
1778625
1783140
1786469
1787142
1790606
1794286
1795598
1800909
1805511
1806928
1815249
1824946
1826740
1826745
1829337
1830814
1834167
1845555
1845621
1849787
1849887
1851089
1851346
1856202
1856226
1863325
1868513
1871183
1872355
1872837
1873400
1880912
1883882
1885869
1887578
1890626
1893094
1894049
1899105
1901063
1905342
1918704
1924777
1924805
1926665
1927303
1930088
1930534
1935172
1936323
1937827
1945146
1948758
1957192
1961852
1963052
1963584
1966154
1966786
1969677
1970644
1970854
1973860
1978898
1982619
1990699
1999726
2004909
2006383
2006734
2008527
2012792
2013132
2013987
2014005
2021129
2025969
2027445
2030528
2038214
2047282
2055641
2056081
2057418
2061101
2066453
2073122
2075792
2080968
2084618
2084911
2088793
2091411
2093836
2095742
2096302
2099331
2099765
2102056
2102556
2104523
2106160
2106418
2107042
2108704
2109967
2112292
2112388
2115964
2131713
2133954
2136058
2136562
2138053
2142353
2143828
2144695
2148322
2148401
2148879
2149414
2149561
2151764
2154931
2159812
2163148
2164969
2165314
2171546
2173548
2178030
2179929
2181124
2184134
2185399
2195876
2196032
2201383
2201471
2204880
2205243
2206951
2207621
2210854
2211840
2213454
2215629
2216674
2218349
2220103
2220479
2222987
2223629
2227083
2228645
2233229
2238606
2244302
2250097
2250338
2257521
2259676
2260289
2261151
2261856
2275395
2278555
2278829
2281204
2294232
2297075
2298504
2301820
2301827
2307855
2310490
2310743
2311044
2313679
2313903
2321218
2321994
2324764
2331615
2339007
2340101
2343403
2343855
2344248
2349990
2352586
2356095
2358442
2360101
2366816
2367356
2367737
2372518
2376198
2380767
2382396
2382399
2383115
2384782
2385772
2388729
2390308
2390620
2397499
2398270
2400259
2401570
2404003
2405738
2406121
2411167
2411971
2413084
2414641
2419745
2424191
2425343
2430800
2432029
2433379
2433963
2437240
2439553
2440490
2441397
2441944
2443708
2447402
2450922
2451259
2459419
2459901
2461334
2462712
2467509
2468893
2470241
2476024
2493983
2496233
2510263
2515641
2520235
2520250
2532865
2533174
2539120
2541830
2542031
2550512
2554414
2565319
2565381
2568634
2573444
2582003
2582524
2582986
2587485
2589024
2591412
2599378
2602880
2603109
2606416
2608315
2610373
2612249
2624384
2625080
2628661
2630668
2637093
2639170
2643141
2645792
2647371
2647436
2648646
2650959
2651337
2654209
2658746
2659414
2662557
2663765
2679191
2681102
2689464
2696491
2699637
2712230
2712735
2714016
2715057
2718385
2728843
2729093
2732033
2736330
2742225
2745323
2745540
2746190
2750146
2750754
2756370
2762194
2763462
2765150
2765833
2769829
2783643
2788117
2793503
2794276
2794903
2798713
2807322
2807938
2813463
2814567
2816123
2816248
2835263
2837832
2841589
2845041
2847408
2849023
2849509
2855500
2859224
2860773
2862450
2862635
2868902
2870051
2871110
2872448
2873781
2885241
2887236
2889320
2889373
2893502
2895495
2896423
2897879
2899474
2900099
2900528
2906352
2907916
2909694
2909714
2914091
2914814
2918249
2925098
2925246
2926008
2927165
2927914
2928436
2933320
2934463
2935347
2936853
2944885
2946321
2946826
2962161
2972672
2974090
2974779
2982808
2985565
2987333
2989716
2993780
2995993
